58529  93160  92743  86542  18959  64900  1538  16673  35509  17625  86738  22382  53685  28023  33544  68321  74861  93028  45216  14759  86702  11458  86671  57278  61293  94204  54926  75730  20609  75909  77166  14174  54636  84865  94362  32170  92699  53020  55993  5816  79156  80987  13855  11241  60087  85470  38410  68687  62595  77775  97303  76817  50621  56484  79408  75690  14630  62779  76801  26604  60680  74274  80210  87035  37694  70583  12889  31083  78408  28663  57605  95175  47141  15092  81668  
46873  18459  59131  12721  40050  8911  79347  9212  93682  5133  31767  70272  6761  30479  44232  6384  232  26996  42622  95101  9777  46153  50064  10368  49897  98114  17885  82526  65276  85811  73527  61681  81536  19595  46762  58281  93946  13910  22182  45096  73549  37408  74213  71443  44092  92327  75217  88910  31198  20282  77161  74706  99510  40720  99767  52398  39770  32968  24079  52644  68407  63566  39835  48181  10607  34307  77761  57608  76337  64101  74728  56499  61087  10054  11594  
52271  31670  91397  14639  12244  40985  83738  34739  99174  30441  50370  92461  464  81218  61052  50904  28620  63098  20672  52760  53015  65022  47519  91252  7592  54768  10268  87511  94077  53489  30545  57691  74414  23950  63813  78277  42807  13537  93243  13314  58222  28493  35151  95355  67069  18554  48050  62877  54056  18688  11933  81903  29533  49655  42151  58563  74196  2990  25948  37212  91828  79957  18567  22109  26346  53351  38648  32241  10080  94080  20918  5658  50360  52220  71138  
44724  9393  22734  57872  69414  96247  22740  53577  90548  77538  25855  7786  60425  771  3412  60064  20049  30399  42760  11427  35849  24664  23564  98868  32249  88767  44229  47890  45176  65392  14080  5079  11229  2784  30044  80726  5858  68033  73145  98809  88446  32448  76653  58710  18180  61012  25677  76855  31572  86546  10867  70871  74803  3439  51421  67105  12147  25381  27377  12267  61531  28462  31590  7197  7067  87665  42596  9765  7439  50637  73748  53414  95  1941  92348  
69187  53963  25710  49690  33848  31719  77460  40651  34558  4628  27171  15176  53259  37386  18098  64626  70323  99298  19134  75838  49913  46022  33096  54396  70706  70971  13838  8843  20492  26497  29727  15992  87220  18358  70929  40186  93620  48265  40951  82436  46360  34533  88747  74831  82249  82329  43154  4076  44365  74209  53904  41274  94479  42630  81848  66027  19198  16217  91474  75753  64894  95696  99234  22572  88936  66017  26738  4304  326  92570  8674  71721  51127  90499  19145  
83445  33236  47602  468  15078  5684  68136  6330  72807  32462  72780  70530  3882  50099  70675  84376  59382  15321  68091  82774  38541  77051  3473  50353  57246  46600  59030  47534  83205  270  51615  17343  46957  86436  47316  90919  149  85843  5413  76549  48997  89500  54089  30883  53335  55852  24256  9546  74102  62891  15185  8901  75915  78982  8135  60623  61651  86008  30715  81603  22384  27678  80547  32576  87505  36457  90972  55774  9857  29675  38528  51276  25447  20520  26018  
3800  9137  55197  37606  36007  6482  91765  68318  18030  93827  73272  76587  98765  15901  53601  14083  53735  47334  47611  57682  49528  96502  1563  25454  47580  97028  70632  77922  66434  2069  29117  44387  25513  86713  59461  88172  57741  10970  93749  32918  10100  69439  87048  51864  72693  75772  25359  1222  72056  69103  92695  19592  61066  337  54612  72448  55920  21450  8755  24801  98679  85626  51928  377  5872  44563  27200  35701  77204  35918  68880  74975  61334  53304  38916  
62998  82415  54385  61637  62143  57693  49383  18245  50743  61084  23753  18411  24219  86443  32722  84012  53153  24912  13811  55543  35998  32043  80863  23941  51198  14207  26452  72047  17951  62345  66120  6998  76389  24845  42715  93372  36617  62033  7256  15067  22630  23571  98609  17472  70461  36465  48471  55212  3577  373  3916  13929  18895  33479  75845  21272  91279  83275  4920  47158  73955  18379  35424  55522  52107  37078  34084  90587  68549  33543  36447  1728  11716  97048  10258  
54741  95786  85628  41593  20754  32637  10887  69041  55530  46293  8390  21208  98741  6070  60289  943  11728  97055  12437  42424  4714  31150  50017  15728  89427  46586  80712  97440  10447  73849  58773  37167  22626  22377  88424  60566  78415  43187  79220  31978  70149  5079  71833  58319  59879  56776  80532  73741  67903  63861  1293  13552  93856  14073  85023  66684  91500  58526  12226  39663  79235  98435  55804  38550  20059  20267  69152  68935  98005  60311  87587  77903  42964  73413  97337  
8278  53912  37394  33210  46195  16201  18767  52947  25495  33856  90885  59861  61633  70816  2873  61535  33257  40965  97175  21081  63853  46681  2936  35285  49511  75673  97253  42379  53681  23724  52302  56070  52462  12348  26635  23582  76179  97169  14428  77239  45942  81483  34860  75145  62010  11858  85603  71342  48531  56153  95457  76008  20320  12286  31635  71056  16799  59677  58021  96593  83292  97886  55394  31513  53786  1652  27647  36701  78160  52361  24277  76235  5569  38017  69771  
28810  73240  73669  48153  3118  93132  28407  86599  42412  60086  72769  35198  18379  73432  50419  10192  90784  40202  40078  61918  86716  36213  5994  80987  67577  73254  5367  17117  50823  15699  41991  3786  76444  25047  4067  78553  92427  75482  91736  5570  31606  91840  64661  3428  92710  72253  73551  22863  97868  58755  58076  68969  41074  51948  43886  77413  350  91774  85571  998  53538  12248  94301  94645  6018  58729  18099  24707  88169  16393  3587  75551  66822  34216  43922  
46469  38933  60347  1902  8612  20909  78936  88590  7902  96305  10082  67678  58789  99678  33901  10058  31540  70818  34788  90592  65488  54282  6632  20585  81597  46457  83072  9044  73057  35703  68365  58744  94526  87492  24457  66745  85306  95770  90983  1328  30980  82895  58137  69164  89592  81782  20823  87415  32257  60512  5194  66912  31623  77326  22673  63633  4591  47327  73298  55799  14843  60782  57473  11020  46703  94921  18136  1910  69110  74581  30233  17674  74889  65534  43832  
44508  11307  91647  18014  95833  6513  32097  29989  86279  60882  45457  84498  35329  75903  65930  10603  98035  72578  81724  90569  84693  13077  65740  78870  82956  38928  77728  61773  62775  78837  28822  79326  85473  52028  32940  48142  30421  22555  76301  32061  39371  8183  39577  79530  54663  77780  9931  87155  56032  84351  97801  92025  84346  61822  13698  71011  95456  98266  91136  75323  4121  69270  64345  15424  64083  73135  48026  12322  29011  28258  16316  70949  11515  3349  18723  
11368  20995  63835  11617  22744  12428  64774  67672  42878  77713  62911  69698  65261  72490  63582  80270  11604  66542  65030  48742  13438  47212  6399  42281  37054  64879  61175  65411  71044  37466  72581  59667  50068  67612  18993  60216  7379  72482  95910  6768  37498  34751  38839  69319  26598  613  63683  5270  37330  48168  88817  10658  88745  80613  58379  64930  35056  80194  68281  52998  46887  33544  94873  49027  23166  74614  44155  39052  69303  1661  3790  8430  6553  66212  85530  
83159  66999  63972  41480  41763  19395  84075  59573  25247  92453  3431  66366  81218  47044  94700  34627  82237  34663  17268  57455  32105  9721  51737  12997  16264  56493  65625  79872  44708  35229  26284  63874  18062  95181  32573  68857  60698  65387  23423  5627  80468  62314  41588  34170  21397  88950  5990  21599  43360  59251  74013  49786  19957  19632  3175  56246  36878  41038  88783  23180  24580  29902  53009  37753  77300  26361  53177  34307  78049  39247  35975  49762  80112  98089  65719  
89009  67626  67200  86304  69640  4599  44144  81457  94212  2156  38932  90368  29490  17573  14007  20916  9310  43893  14856  44924  71413  452  117  83521  52935  1001  99923  90406  62988  43381  13392  47037  19502  87687  50135  31423  51112  94971  16861  77764  70976  29063  97184  11137  76905  80411  30160  24468  60413  98206  78554  81510  91799  67430  33750  33212  68286  30055  84854  5429  32669  89141  15853  91409  41613  18666  19203  80656  59596  37719  50107  90606  59499  97514  73603  
25433  1691  85865  75564  28724  23585  72484  5004  20949  63279  81336  97765  31131  66119  36177  28163  27241  15149  38448  42631  83816  99776  31654  16960  48958  8832  64810  94105  15857  40248  1360  71930  72793  3717  53126  69131  16467  90269  41984  60967  52494  1228  33812  52611  69358  32334  39349  3747  24034  23238  91662  97647  68079  18873  81567  39911  59743  39801  14998  74628  4597  33573  37994  70733  82466  97346  27256  61412  50913  45682  17039  58311  24869  2883  70580  
51104  41979  77503  24220  43781  30481  53118  40295  87021  90843  12904  73054  19947  71062  65189  75077  42723  96440  66664  15665  1343  51064  15143  5454  40090  1941  14646  47269  200  60002  23261  46748  40468  69155  62107  54785  43494  23542  85034  47134  90294  35730  71460  54632  57526  53352  66669  21731  92651  98531  90661  99183  29284  40456  41003  88350  7850  7081  59943  25399  7417  24852  88753  19481  93192  21737  96338  90079  31478  19689  36001  76154  25213  98511  27317  
54188  974  38446  65436  962  10308  89102  67564  28433  97054  58371  47112  38690  44888  36093  94217  63666  10647  15972  9329  25908  23839  1205  23869  5127  98504  21525  23502  1973  90691  59452  12176  19090  54271  81882  8114  9114  43052  67843  65242  42889  88395  27300  19308  28668  71604  82879  30421  92003  58877  19127  51146  26333  64450  17472  58299  17181  98730  96788  396  84370  55590  89308  42773  79077  14442  75360  22069  14271  78031  71584  929  71626  9011  20130  
29686  56359  24737  5634  9077  3281  61881  95523  95202  22045  30022  56881  9755  49626  32409  28851  52408  53127  57423  86989  63952  40342  27402  50112  39276  30235  81396  63731  1444  79115  73697  70908  28790  15719  71221  19015  18219  66569  69943  9463  87932  32514  55791  18858  62279  63139  3074  22382  89180  42731  15367  81575  88471  89354  84020  17635  24711  83429  90726  81911  1686  29045  21569  98141  971  74164  81385  95854  53036  46830  7976  80152  65262  45777  27303  
74395  29600  65621  13700  94042  66741  922  94577  50653  81218  81772  17641  62705  77105  33977  81385  12984  35351  84575  17969  37894  70285  52527  56864  66910  37508  56602  21982  29741  58673  9675  28154  75129  5038  56616  75502  78326  29290  5518  80836  77796  50458  49616  71337  74332  52266  8471  78732  71213  26883  24913  31245  9761  31953  84870  49614  799  53204  75583  23491  89616  25576  74814  13383  16561  75003  41368  54128  29949  35949  21504  62349  45524  34429  71305  
37713  99059  15010  23615  28616  7836  94056  7493  99381  70913  51224  76187  88163  30275  54237  90910  64286  306  8332  64091  52359  50615  39660  79971  51006  99787  85133  32033  59406  73947  25268  94386  12014  1110  66166  46620  54377  46258  75820  24463  11972  29495  83120  91635  67902  83156  89808  29484  58588  84263  61076  30127  10079  72436  22802  13166  61573  10756  14577  73543  1942  21156  44830  76559  94525  340  75558  63752  45560  78273  46910  92214  75272  8675  72829  
82299  4156  94976  59604  7395  93353  41239  33926  43740  66037  42179  77923  40567  40140  79903  61937  39627  282  71354  96775  84897  79208  53890  99618  8711  57264  31428  11754  84941  73228  12472  35379  5477  82141  21988  58817  38789  45461  88699  10045  7911  70049  80495  87877  71285  83867  71557  51263  37280  79136  72289  75477  49981  18246  62896  19956  7338  50841  35753  63001  66192  75498  3221  37894  30191  49479  92998  31223  5091  51599  51977  92403  67613  27681  2403  
61489  95359  63653  70492  65622  11616  33574  11970  87772  98888  15782  73414  73328  72528  72167  38005  10590  57062  39324  89270  42393  13847  65389  35451  79495  37435  30641  63880  97637  23280  34478  33203  78838  87630  81514  70810  86549  67140  77446  49361  66942  19246  62357  74229  84703  40867  90660  88603  4632  30716  13349  93797  36495  45604  26467  72105  66624  67506  97439  23017  93257  89144  35790  56971  5500  21427  98215  92644  14775  14192  13468  69749  37253  83658  86805  
75167  7994  15144  91587  13704  2142  92076  83525  16066  85909  10039  92453  60231  50797  97799  40015  57248  39252  79080  12189  73555  76042  11466  10351  29092  7761  10909  43419  14970  31637  27602  76400  14511  38806  36376  35409  24618  28388  73371  51596  70665  1818  37910  3875  35852  35997  7527  96818  73697  83503  93782  56515  20171  85917  97909  94510  60098  87232  32734  53781  54102  73890  27099  4864  63800  28960  67191  22396  50176  61601  37418  93303  77068  43431  82377  
21481  52112  26267  29847  30701  24194  51785  23381  74221  57522  93718  48246  14814  42245  55588  42454  38294  11541  28106  87122  74076  31078  39221  3506  3233  19841  48193  74677  33114  25172  19641  52689  38328  90486  62761  46053  42797  65283  99214  71835  88974  97034  13371  53602  14552  2064  54011  50201  59260  84186  19953  13802  39017  3807  3778  27760  87519  94701  84667  79658  98253  97075  42748  68230  86390  28101  65809  32938  20883  85621  58572  62515  76478  91222  93933  
61824  26489  20455  32488  96762  92421  2617  99558  33561  97090  16566  16535  61514  42693  23365  42157  50069  37981  550  5707  16953  42165  52955  50348  54851  10046  41527  18303  37619  70016  15123  96783  30080  13075  2007  94380  84595  72141  82549  71732  79590  16693  90357  15601  55646  90546  40798  15161  85569  21819  26294  30274  39060  82037  36943  855  55737  50874  16212  70628  51180  2788  32442  52777  24219  13874  23956  51318  75013  64218  16867  5001  73266  17047  42422  
25580  33920  540  93375  23904  10722  52998  70314  45871  39336  87658  83820  48764  48439  3792  68915  28020  71348  76970  89  25721  96698  32512  79511  73130  34020  29035  12173  11060  25287  96546  79944  29970  83328  70294  72124  15904  20074  62415  99055  81026  53709  8442  797  97407  28161  55989  66168  41952  67914  57051  84922  21106  34205  91531  65377  2854  67531  98941  69646  47957  90793  23175  57982  24389  46483  68583  79861  1352  5913  38493  70330  9030  54378  81324  
71758  76173  51528  51410  91137  80795  75661  19073  48841  87502  63040  53087  98947  43779  75341  28726  70976  41097  17086  42890  48500  28173  15863  17247  68741  26609  38029  97547  55051  99752  62135  29742  83707  31461  6210  83844  42650  91781  30597  69193  81376  85733  10897  7060  83219  51103  40777  41738  8587  25034  48404  87265  78365  50616  14665  82365  44223  68289  39469  72522  57827  24249  14846  7766  23853  47790  21225  10981  66866  39015  54863  37575  23158  32903  44377  
6991  78213  83107  81709  88697  61422  95724  32193  76272  29607  74853  24104  25804  19482  80952  76980  89767  32993  45339  19254  34703  46936  41355  3006  99908  38064  613  19949  92004  40357  72965  90494  52245  58664  42845  76948  78455  3440  97177  86999  70182  28941  3923  83699  90464  35796  42831  76288  19810  1675  16171  56567  43714  28623  95959  93492  34396  610  31939  8504  25031  21238  74976  11369  90068  63610  1046  84490  29957  72679  66790  37055  68344  42181  29570  
60504  37514  27169  6212  5756  69385  88298  69876  42488  80954  51415  9008  56612  66116  45951  57071  65862  49691  49955  63706  1227  76080  92722  30723  71794  19650  54451  6551  16232  42465  31968  67011  67415  53215  14471  73287  12836  15066  93351  25296  30692  66920  86621  40860  84014  31511  65219  46919  71987  84716  897  19438  62101  86591  51377  17273  33278  94060  76654  28178  61949  59481  39742  85684  7713  62710  22222  21159  28333  50688  96134  1584  10085  63465  52066  
16717  38660  39988  42043  88471  96626  93640  62421  78946  76065  87874  12524  83152  25551  32438  59990  83890  7123  75729  87884  8724  38104  31569  15667  74650  23427  17042  68567  19687  32788  28502  88211  74031  94792  10310  29563  77818  31960  7234  74233  93603  55519  25503  88008  30615  71840  97578  94201  40871  43996  83472  23264  12168  98075  74665  31640  5836  15833  97695  10466  30602  53107  11604  97526  72685  58263  28450  15865  84513  19307  50280  9039  74504  9219  51276  
14002  70820  9800  24943  24771  50645  10519  89353  41802  42749  6679  92526  76846  23248  89642  2799  45914  78559  62867  1382  4733  70946  85045  89321  92287  99222  19148  40210  43922  77497  30145  79767  20927  86412  51822  18488  41957  17976  41379  5255  96667  86741  29697  23229  64098  60250  42161  48916  28246  92739  77606  13914  35200  80616  62020  17848  76449  73491  58481  2764  84286  6119  12944  65605  8330  96081  84526  97685  5171  70100  88568  33070  22610  64958  65005  
68157  508  51894  79138  56459  68010  7934  80816  19497  46210  65618  13428  28083  51205  32049  61422  89443  52817  72134  4353  40306  40054  8921  71237  61745  28392  34117  56492  27313  74942  81451  19131  41912  53650  50058  89382  3744  10238  45286  301  89368  73789  26079  21015  13689  1834  26932  79636  86485  87185  35909  73333  81738  60362  15947  45070  54904  73920  26693  85287  17089  63431  33777  12861  25062  74018  69709  72579  75844  74853  54843  52293  30580  95684  75599  
16130  93696  61215  58656  80318  47190  95521  21555  18203  89335  91426  39753  31697  93833  55857  75371  26370  18814  57653  25044  80356  8347  92113  96567  43142  80774  25487  15649  4931  87665  64600  76103  75606  32453  90439  99842  17046  29140  48013  59306  25891  62255  28243  83082  88417  94866  23836  81896  65148  86063  66014  72607  34826  83622  26962  17700  55561  5131  85067  65685  89227  95767  52821  59548  57809  44342  84850  8738  36876  29687  18257  52682  86822  68941  79654  
94674  62470  15894  82625  62976  97401  29736  45878  70901  99488  43866  83976  12356  54741  65869  25069  12701  63693  51398  45743  88155  82301  71529  69912  73304  66058  50767  44775  26752  15468  94227  77995  34678  74081  43261  83168  46825  53338  71021  76360  92166  97793  2972  27939  79765  92251  10798  61588  46773  29908  62513  64242  48274  65104  78037  98220  83215  62744  51204  81976  89044  54187  2469  39993  22767  39225  51875  8817  58555  97899  90194  93676  15865  55598  42326  
54479  55068  70332  78027  84511  15599  26274  20934  78759  97538  29748  81018  49176  42528  5397  40403  94420  59769  27511  79162  17773  10707  38415  9189  3387  35356  4837  79558  93509  97342  22299  27751  33575  25675  4760  10214  72189  9431  51603  88697  65396  10899  13798  94973  11071  10406  36803  8567  32729  36506  15144  6023  57926  11724  50578  80151  17950  38219  51759  43041  3592  91250  30218  51297  4889  54273  41122  13993  10682  17161  14943  47477  65083  19492  14161  
2897  78195  23714  32725  99140  47684  87647  53505  35973  30715  79569  87296  32075  69170  60506  1488  70368  46863  22493  88594  93399  29084  12839  20555  92278  79395  60639  87071  67939  706  17632  74421  30069  19749  62612  44867  38003  94483  64087  60487  96920  10010  66057  71018  35149  76613  48316  81438  20604  42480  97682  60360  90172  60421  4645  74872  86310  41358  4727  18435  16185  88867  15933  28382  85687  44386  38761  29365  45638  647  46522  39378  37703  14999  17163  
12351  74719  30649  98119  32954  83906  44690  3121  8791  32953  18459  57449  46057  25908  23735  90404  4046  40683  59494  82130  28690  97297  51410  23503  39457  84782  29034  66939  23694  16570  53104  66943  60335  2807  46830  14314  99454  16078  8812  86955  6453  34586  84900  2255  14630  64535  69700  4627  15752  54123  73820  50534  77742  46190  77719  37619  84786  84616  88111  26267  98723  30743  3875  40833  83414  73662  47811  44573  12672  44703  98118  1801  29641  60210  24739  
67169  82816  78468  20734  99291  89030  21391  47512  3373  40328  1636  85488  47739  61055  75429  15047  41160  26927  9500  87323  74946  19413  79844  83890  92379  84352  85530  89009  62749  17824  56674  21555  9862  33095  29092  66305  94421  61300  78920  18862  29568  34580  57390  28392  81166  15671  33377  60470  77754  22203  94065  31742  92613  81662  61079  27731  58872  76359  87121  45122  10316  16903  35319  45736  7688  37389  78938  20201  98844  82744  65440  93887  90381  73804  43234  
42631  75912  80783  57342  4434  7807  58521  27992  44005  65741  52391  926  50703  596  86066  71821  22088  6915  61859  97563  19922  52753  84191  91929  78392  80555  49861  67977  28195  90244  10534  69617  51549  75009  90322  87254  84201  42922  88047  33398  72482  97487  50598  38471  88000  81775  48742  46890  75542  24288  2943  39357  77279  86512  29643  87626  4723  43300  24923  99087  6201  71636  65492  23884  95311  37958  78560  19233  61745  3863  67695  89439  72261  11358  61336  
27316  42655  44195  43564  77439  1969  54459  46424  22429  10014  29957  67072  75883  77652  78470  46147  14790  55548  85099  9167  55407  50269  73791  88357  27884  79898  61441  87653  30005  50914  60542  18629  93733  93095  89384  17032  86527  48403  1535  77292  32034  70812  56526  17911  78096  52342  69855  57466  40932  32368  84995  23872  75994  81646  51404  7185  93597  46343  84468  95322  11459  72883  24401  2478  75552  90381  30131  66920  38575  92428  11364  70887  69161  13339  48741  
39701  88128  32905  8762  63769  12740  18282  97510  51184  89297  56646  84962  99662  37184  33329  52818  98706  55452  10621  29423  14503  45887  21074  95720  26676  21352  809  3942  32223  47358  98449  2947  93528  75764  87259  41120  25369  9146  14383  64744  8546  7288  17165  33498  56346  57890  96478  53457  59466  78268  1969  6846  75444  46308  48647  2016  3666  96199  43131  54767  91659  31185  92691  31111  81602  42986  27073  24966  86176  54655  3935  83256  82744  14066  97790  
85115  86508  43199  29609  38796  83555  92476  13740  83448  9410  69219  18754  81077  94638  35098  56961  76794  66896  46371  53058  53972  1179  48874  44  26296  50613  97922  79231  60360  64633  43453  60459  70075  30459  25484  24370  65974  11452  9347  74222  42358  11933  30753  16541  29464  59944  86907  1869  77438  46616  44927  2071  221  14337  59430  62460  25844  83655  24668  75315  67758  7797  35806  86443  41350  90311  39114  87294  41933  29767  94935  35559  18696  26571  2627  
997  75375  9704  48787  20817  68772  41373  36786  1041  24891  32619  72836  95519  67981  60432  21336  79735  91698  30080  78458  24248  86880  75641  82268  16897  67532  69881  33907  55502  52743  90553  97045  1713  38963  90254  6320  93051  13099  97485  83507  25045  71252  46878  96718  69776  14369  5965  70915  830  78312  41635  80356  5178  13761  2988  12792  7416  48532  31304  37103  54121  99063  26987  93804  41440  24060  94257  59721  11711  89471  71432  17474  21630  92552  10719  
19651  32858  32586  19276  63164  78542  71013  20339  34856  87851  61749  6377  99402  15205  11756  74855  60841  90876  98281  63442  9005  66943  93926  1088  85368  27720  13965  99933  54625  17596  35982  24152  58987  45367  76728  37445  16215  21471  27613  56252  51327  779  15284  82242  72689  83447  3511  23822  60833  90237  26195  76012  12186  8248  71654  37966  8521  78321  98950  8574  26095  87293  48961  10961  44866  72670  95387  47442  21932  21196  1437  89870  81122  28088  30811  
43698  36477  58866  58174  35997  37328  37909  33783  69335  31963  36553  14145  23506  42313  38004  36466  74021  72694  78566  27645  43529  97379  45584  27705  97940  91191  53168  11874  88980  17448  34556  1747  70115  67318  19369  55054  28009  31565  35378  73023  17024  48466  71801  83408  83430  75010  69313  69615  24505  71537  72825  93014  65942  96160  50107  72793  36116  70551  46912  73624  77166  79049  40919  56901  47165  79295  69465  85187  55303  55856  15971  57804  18585  23605  3283  
93474  4629  96444  99518  32369  72431  35212  61957  68711  27216  51190  59807  91607  27500  58117  37189  28632  89393  52496  77282  91741  62886  21303  65563  54601  3593  89721  80100  60287  31986  64440  69412  92349  18911  92504  94661  36209  27853  19274  50296  72589  59603  79240  49454  5372  77856  50254  18695  22661  90178  72876  50075  18279  39689  69033  42576  81898  89219  30707  72180  46661  85239  58116  72770  18207  4756  2721  10246  97254  80609  72109  44125  47850  59439  80657  
82694  50042  3749  90338  86671  89094  92432  68338  92900  65094  28502  73601  69947  55627  17265  82408  74104  55560  19284  16009  19237  8811  19476  66629  30793  72337  48216  68198  29753  22482  13607  86096  47329  1715  79807  34204  26730  38993  98072  94382  17451  74434  54254  95775  92953  9495  49873  27823  23439  1175  43626  80209  3358  63181  53353  37619  97907  80298  84420  21060  1373  76466  79361  53377  15680  71287  23852  53145  43300  74768  10872  76631  55936  65241  21846  
22916  6519  30889  43055  76362  93099  84432  87975  48229  77035  71992  25061  74614  63858  25306  46766  84527  73146  85370  35166  74257  26195  77112  98837  7063  60526  89251  6594  28573  92745  38130  67733  2369  11891  38849  82903  40143  48885  79994  54497  62891  86091  86062  50936  34368  47129  91284  90899  22708  22766  12328  66741  98848  48480  45250  88468  13966  22973  49657  16133  6983  36772  52892  90673  7730  44111  94265  20723  7433  86958  45533  64078  74418  7702  57868  
26952  6811  50689  69090  30470  11063  39000  81460  25816  10386  92769  80406  44183  34493  56680  87265  79163  80894  87575  80977  57086  50247  45529  93957  70950  93962  44334  84219  28205  41821  47861  91333  86712  30795  96497  15731  11369  41807  90856  79425  26248  66031  18123  62611  20372  13442  94700  83861  12551  35485  35259  30994  8445  98869  37175  21145  30562  6979  1186  90936  61063  19064  92440  32825  18045  82437  40099  40645  72847  88380  95698  4844  78923  25784  97937  
95065  17503  59264  2661  19551  90278  36805  56384  57201  77054  76242  95273  15636  76646  31911  89072  29803  81723  21871  90861  42400  74060  74274  45431  75996  74092  93384  1155  14380  35797  27786  20556  70872  45019  40814  79645  47142  85487  12493  6054  364  99521  29037  18466  38961  88004  32646  1026  2291  66582  35228  53719  11397  29954  19259  69947  49124  52640  13846  29140  12321  61043  43600  15135  93338  74073  38566  56871  39000  19364  87617  18088  44946  85966  25514  
7987  76210  51822  92172  19967  75491  69284  72207  10506  24331  43234  66997  10056  71308  1798  38010  50342  11397  75620  57565  66191  69489  85960  59103  28204  98796  8139  30768  21705  19223  75709  23437  90186  14844  21240  49168  28474  74062  76147  13352  87156  8869  23471  52081  62875  95229  24421  21431  62166  97751  27170  98515  36540  1786  70730  98111  3839  39325  26556  44542  80018  86811  81986  57358  48902  12258  21653  84182  33958  81705  31536  81607  69991  48666  81820  
88701  77786  37689  95100  54637  59247  7120  36834  56215  69089  55178  62122  51629  64277  26018  69054  62347  93590  48337  31671  2842  28930  31982  358  24426  45512  94928  57410  66729  18322  52602  76733  39415  65766  18350  89292  52451  66438  53045  60493  51364  54862  21724  94327  24876  23962  72300  68046  7784  64651  89440  43474  7248  13446  91188  99547  32578  2602  99039  4294  89790  76108  9202  90341  15551  25550  97295  96507  100000  43241  17140  62314  91354  29459  82085  
30643  600  92833  87880  51277  25997  52499  13757  42800  4334  87656  39148  12556  22870  71435  3492  50239  57802  2258  3519  72676  43864  46970  52215  29152  87666  83916  69713  9757  71713  3136  50227  90839  89392  78006  82012  11046  24250  61614  3564  13827  75283  89808  38614  52569  2671  20505  58347  41176  18017  79277  11739  31144  52705  54405  44028  84051  24295  59748  22079  80757  38430  74545  66070  95694  44836  54895  19252  29502  93621  69043  84321  99907  61874  97204  
39449  29551  15032  97619  2919  80317  90709  35005  62804  24698  54820  14751  45866  32202  57053  70054  91450  49683  37836  12261  36604  30463  5341  34945  70160  52202  57561  17127  72562  33200  75150  61074  48531  46655  60683  37845  48225  36117  26760  94789  99576  59360  4379  90308  88703  70081  66964  78643  55758  27118  33666  60361  57442  50277  29027  41171  83288  51754  23526  63173  37509  94160  97363  15310  81042  75490  55871  91306  31513  58846  5518  75255  83237  2720  73698  
11794  13349  52797  45095  17331  45033  55178  63432  14309  84873  47292  46065  53150  44987  57241  37939  96936  17429  16599  71140  28975  86788  72477  45448  35515  44341  88569  2133  68234  56315  59272  59996  90219  6338  25076  47888  33844  53290  43847  40897  513  25028  93344  91270  20535  64221  87578  86679  1660  47439  50494  868  70114  79690  63589  888  94466  47226  63502  56242  52410  5870  38941  98560  59646  21929  53665  16533  46735  82  44219  10684  62560  14040  91643  
79524  26911  33108  39563  13732  62035  90849  50930  15783  67396  75769  18680  72018  30088  23799  88611  31154  2997  96544  37784  31027  86680  51612  59780  86208  51342  29514  41463  94452  93343  3374  89175  43616  12841  63093  14210  84563  86515  11122  12662  72144  44916  58726  88640  81772  78085  99856  36596  82073  35298  95816  59092  38662  66573  82270  42567  97272  86747  3465  37709  33208  78124  44049  36713  88963  3706  69068  40285  70987  88603  53689  33469  899  40648  60746  
36222  11095  4117  94539  36301  18243  36771  67439  72644  21525  78050  13491  77233  83407  59738  45624  75110  12801  23598  40126  69808  22103  65444  25636  51940  67114  83139  31725  8214  95853  99518  75587  22970  37576  61557  70584  92340  44115  58528  15307  79739  31908  1563  22785  11273  66026  63583  71762  63361  87754  21640  25377  63808  26259  85229  31397  24652  56848  38720  4786  78730  43014  24793  31356  44029  78532  99359  38026  64856  89882  38754  43906  50711  96101  57487  
68764  51904  91752  2307  95430  57296  49966  410  552  71085  5848  86360  73387  1574  52699  33606  49737  68530  23108  21399  33795  71681  68238  36497  88208  75960  103  42195  88698  51165  90487  59219  75196  69654  31374  51928  8856  13215  80017  84649  49495  86102  6755  13371  59462  86303  45980  47590  46900  32651  43364  6496  31183  31073  89041  14645  84473  74420  59724  24227  25865  1152  15460  88517  42904  58464  72727  56006  8711  57345  12564  29214  12992  66369  91271  
42290  22282  25773  10676  74669  88103  3483  99092  32197  65985  61389  55456  3454  38101  8303  33329  89926  21369  3959  88126  93290  27333  58198  86988  39416  91014  45563  91192  30705  59265  66449  14813  2133  3846  45308  68585  40497  6996  9641  41248  7424  76651  90871  34132  38060  78131  88852  15011  901  31599  86902  43764  92705  5350  27258  49024  5877  63897  38910  4781  204  43458  98573  46961  51446  20420  9699  44882  3708  99002  14239  50649  26017  2895  50477  
47779  45339  97034  20219  56708  29228  34556  14467  20826  74415  59914  37718  67854  21958  7099  81582  45249  23001  48904  60787  77262  18916  41403  60267  83783  94918  62837  2565  1358  9794  74709  32568  84901  24582  46727  35848  30575  74340  59425  42011  77998  52318  6639  58585  68308  744  79940  28248  18968  55065  16555  81282  54752  22715  62505  80898  57869  25314  41602  54155  23629  14654  63644  62627  47252  68740  69986  22781  99077  53117  25874  42801  20929  77112  88683  
12117  91173  79890  8308  1584  48636  94560  3514  98033  87664  61777  62323  71241  25759  29382  41695  38743  79840  18675  87922  53377  10609  67484  77777  84745  14664  92536  92362  99339  45775  36526  48981  997  26602  16276  91891  1812  52318  51997  18638  33623  11238  31778  67920  21975  66991  85512  96754  94561  94845  1570  4256  6581  5056  54484  79823  84415  67857  74649  49932  79637  52589  13413  47572  91026  53077  91660  69956  72263  64164  99716  63120  78344  76317  21497  
66131  17250  31658  55219  80117  34480  7182  29006  22724  89673  13139  34407  74055  30207  1902  24927  24549  48622  47442  5548  79865  39329  25305  56427  37261  85599  22057  88053  45304  38278  43264  7801  38413  52221  61917  22368  23932  93360  22171  20466  32049  37828  62331  12809  82334  1005  72541  62435  82727  24899  6638  44472  76159  64083  41317  71804  82858  89153  21061  28629  80493  72625  61186  92249  37603  67700  67832  57499  44373  35189  62128  34771  35022  99106  23812  
18100  20362  26653  15199  50220  37048  16073  27732  30484  39993  85068  61695  71656  90359  68972  53130  72211  3668  43162  62740  72685  1570  31052  58064  28389  10749  41854  95299  68231  62404  2717  95881  70815  70497  4731  37379  83955  40729  3536  3512  39528  47989  57982  26104  86056  9693  52605  53826  16643  8265  60466  53712  68020  26469  35703  3068  94453  48820  30890  69556  89014  9122  74182  99113  70208  29921  53459  98822  69417  72129  37847  54808  11548  21216  46614  
15629  85442  32136  67750  66245  11128  91435  16217  78617  48378  81531  3975  56329  62214  22245  58831  99267  65351  58043  4238  82284  49498  10852  29375  23314  16701  3606  38661  48356  82760  76144  72526  18900  20603  42342  75930  82654  77863  10382  1872  40098  41873  92685  26310  22674  37085  15856  80936  65998  86559  53919  43753  5333  10418  51032  45528  30649  40524  60670  13167  75159  81109  3734  40079  45693  92896  67873  79255  15375  94279  79915  24100  39298  64503  71859  
8313  87983  13940  12244  39993  37539  654  63267  9881  49675  7314  82604  7435  16447  55017  48291  95589  57474  98389  73497  71625  26857  60886  89449  48534  23705  81766  16588  90545  28903  91468  36036  18815  52032  13408  78370  32094  54898  43662  83339  48960  70289  10924  81076  8711  95824  3348  27505  28258  45309  57504  8503  75109  93949  82936  53106  77461  98125  92861  19208  28024  65005  35481  66372  7093  9848  16612  62495  21076  28852  35877  22626  63247  77277  64822  
88449  8867  19528  91287  17661  63236  22666  89922  32208  8190  51857  7414  91159  89834  97329  3902  46355  25777  48380  45925  1276  73330  22563  73694  63440  5754  9843  40773  80924  7404  34624  69726  42937  66987  50281  6656  68025  80557  51266  99663  77987  25616  85829  31685  29451  17082  87785  74799  80605  43560  65161  79435  29410  7674  32509  81902  76840  49551  16304  22720  92541  94722  87973  88089  17085  4714  3957  14758  46660  32854  69251  69032  59356  83407  50866  
38747  90921  85015  21349  70879  91998  85866  60780  47918  77129  73953  54228  79556  88351  62525  8894  4982  72941  64533  65062  47307  52413  40377  20478  68195  32531  31654  38310  65958  12048  15371  73898  99312  46432  3112  53987  51272  67883  18516  31140  35913  63699  94496  4077  47711  98916  77786  75408  71183  82836  44588  98593  82288  26283  2786  83883  64876  4914  46539  51430  51235  93551  84967  60182  89343  13548  4065  84082  76027  46232  42973  96783  94596  68970  16174  
99432  8448  92699  1940  96562  80873  52460  75377  39214  46409  14270  37785  96203  90298  33587  52444  883  66736  82587  49601  58599  51077  49587  31833  8522  22667  59684  19383  946  79754  16785  18433  8765  4440  94926  95467  63860  31437  60820  70642  34903  60514  21368  24603  57591  88034  70941  90459  97000  44425  46159  64739  10938  59745  69766  64924  56727  48639  17144  6870  87732  27313  58944  36093  46548  40668  72531  96583  7639  40368  44139  97736  39009  73184  53188  
26360  27395  95683  78350  21171  50458  34838  11993  64907  65978  16380  90276  86540  88788  36477  12187  94316  44540  39569  92893  66742  58636  68356  74766  54633  37497  43486  4765  28061  57550  23696  42258  59096  78158  9030  40850  89547  66854  51795  41990  14810  74545  60898  42469  41751  49106  53587  97871  46290  69409  76109  54411  6170  47767  73980  87261  17961  48234  72147  3500  8146  29858  98800  69097  69974  62312  22729  28651  43244  59500  94038  63245  19908  15530  73811  
52447  11720  23406  78925  64416  19345  50013  25421  73157  77154  12411  56788  75061  94971  15772  24301  38932  41345  45507  11334  52508  91612  84186  18517  51373  33674  51582  72022  72266  39763  21255  83634  3900  15144  95265  88801  85593  73578  18903  12358  92699  52439  75515  24880  45532  41434  6600  54442  81270  11455  69439  53784  52745  16690  59867  98568  70079  81381  53527  50542  28682  88725  66034  91622  24945  24708  86773  83638  4233  51569  6352  81158  62967  97987  4821  
36952  65202  97166  47867  43446  83384  40320  45242  75336  20475  80484  79789  5674  33567  48171  82487  83612  23266  1570  84028  69454  5116  47457  75354  47552  45245  17924  54232  20343  64194  57526  15766  23615  81543  36167  59747  43569  90950  10652  5737  69189  4138  15874  52775  4748  29805  98921  28793  8915  93770  14071  1711  45427  47143  17174  69441  97946  56342  35435  24147  45915  57264  89897  12988  6638  44532  78324  40539  58931  98241  71793  12087  40041  82612  74254  
50686  5166  30097  81314  26004  6093  33440  54241  99586  74133  58080  78686  15277  57844  83095  20635  52308  71823  75760  8675  44493  17478  58502  5504  80138  75735  5731  39007  95863  15478  43028  72243  71322  4161  85731  36214  86136  43187  33174  61189  59746  81990  24765  52847  44207  84368  92743  23026  55218  3373  10666  87917  56296  91665  10929  51775  56165  23014  37093  24245  36  90413  56866  40925  62087  53236  34877  72815  86424  71878  3208  83572  3139  88245  64045  
91336  84233  35273  67751  20460  60116  14169  79364  42055  78518  97490  21760  59600  74587  44203  18447  65152  35327  86575  52833  87243  64403  91349  40601  47083  77658  5358  41181  62406  94713  66054  32973  31201  65400  86812  40723  11258  81346  38265  63804  81997  83963  73468  51230  14217  53659  79128  569  90061  73680  96536  16114  13751  97246  51388  30920  74485  29281  57623  52032  91648  14954  59953  93992  78465  5923  25818  25083  24784  86183  23413  454  93635  8382  57376  
72489  83870  37921  61887  86055  68477  77761  76280  13344  71155  92293  89884  90830  91568  82949  40835  35294  78704  55317  43880  12143  1731  36311  78977  82437  49109  48032  73292  2326  53225  89157  36699  73550  52089  97139  79704  34036  95960  18764  19147  28524  25487  24881  22890  83719  90984  29466  37426  55494  7597  65263  16450  85051  94352  66951  94180  43116  95536  68226  24392  77736  5421  65602  40530  66385  34124  82815  71741  18808  80787  25232  7080  76327  30362  53327  
98249  70844  51514  82356  14285  35025  73421  2800  20224  91770  41309  80173  12409  76393  66455  48639  79621  39301  48531  63544  27146  27237  12857  53921  73453  71255  92515  68488  37137  30657  38851  61225  37503  85046  67663  59593  48055  89138  10236  35065  47198  79617  41937  61712  12609  10965  12929  97066  55924  79183  22357  52759  24312  2657  69849  74879  60147  35990  71439  59789  75064  15388  14500  24041  14742  28885  45260  90603  76120  95183  25862  86106  44501  68037  24014  
3907  89692  41759  48413  17244  36202  17080  21445  7835  854  12374  65020  63167  57295  76246  5651  7071  26270  25887  4819  78209  54401  869  47356  51511  94233  37141  57117  98467  59278  8742  11642  92712  69219  73777  66381  53815  34680  36442  43852  67482  13868  20518  29995  46660  77660  402  56629  48515  30547  79854  16364  77569  55299  17192  90045  58402  91723  3724  47454  78388  55361  51348  75174  87939  76234  98884  2285  41695  11545  18725  26668  88338  54245  64548  
30931  54059  52232  59965  63268  65721  77833  78405  83885  17006  69459  32416  20202  19452  3678  54533  70479  90536  78935  1656  93175  53422  61892  93930  1127  54976  23108  13103  80460  50436  16951  77824  46789  29068  56219  98748  78233  28971  32734  25750  98711  17824  66902  97416  43131  5342  33914  68157  35235  37803  51637  5528  38395  31962  45326  57180  23581  20393  68980  33268  60435  82956  80920  97898  42543  32938  90888  58620  71887  67290  87296  19296  78360  37803  2497  
94662  47455  54524  62271  91733  45874  87546  33949  63425  83327  49816  41405  96924  72873  70541  25347  17254  23608  32931  26242  58339  93569  77716  59898  27955  4818  93909  70408  74142  91140  28267  22301  32666  75432  40750  31462  15394  77082  95069  77846  9181  50505  17544  93957  74698  56090  29025  2906  74123  9987  31828  42310  93064  74075  94538  43899  78060  31048  39083  56063  10163  17030  34170  27657  89038  37803  54807  85939  8084  65521  20724  88533  71342  25843  37006  
89783  87378  5300  45435  4811  86471  98311  80761  15565  58405  16297  66149  63124  12364  39277  40118  83944  86255  77874  41156  41975  81704  67335  57635  55818  46399  28423  36580  48309  52655  32957  38633  20272  27095  20700  12865  56163  80026  75647  21785  50390  17921  82398  92930  71634  88352  59848  21425  49567  77559  46020  68624  84322  43742  43878  6113  16419  34116  88948  42194  73866  92212  14867  25934  4534  60501  67284  68356  46540  40697  75680  1194  72970  3555  98692  
30264  85166  36392  93681  21564  45105  99780  92028  46455  49714  43466  20057  3681  98505  28629  82587  57687  93103  48266  61485  24602  91675  4778  43564  2161  43711  15597  26434  64515  52232  35861  10640  11529  29766  87012  54459  19980  48044  38041  97497  4987  40805  51721  3798  22430  6712  6688  54049  98074  9586  43918  8730  16435  23005  50693  98187  24103  66203  28170  34757  26682  3449  75297  67175  24830  19435  74789  18057  84946  27513  1133  56293  65605  11146  66991  
15715  61097  22177  90850  90858  87588  23908  63542  92879  77914  58278  18819  2025  5488  74153  91770  23527  18242  42351  71373  59398  62701  33402  9947  45575  71572  95080  62550  9008  69867  21471  46828  45270  82148  56430  57980  45807  64187  53860  61042  30483  14340  3892  70335  68719  24948  39609  74200  42192  32528  18601  86876  36258  62538  80337  11887  40154  34111  49811  32712  77923  82666  85595  19365  87087  48048  21159  49992  5631  46299  29017  66807  55595  51287  53488  
52005  54285  47349  79064  38258  56670  28310  62112  74902  30077  35371  91253  5600  84215  94755  28437  61248  97444  832  95831  62396  70527  18621  38114  79179  85371  67937  69506  7331  1652  36816  48439  58352  80734  36353  69782  8056  26591  86710  45964  50690  28207  60859  57312  63422  41401  11614  92926  19978  97853  14927  75175  65115  44466  40105  47439  70121  54839  31752  96117  29631  58940  155  3574  19059  29266  27726  39017  85015  54244  41106  22680  38082  79077  44694  
65596  40098  54025  36309  72142  64995  35915  41769  74285  39563  18940  20595  11669  61517  98819  42787  6224  45782  63206  56334  87019  81977  74634  12931  31929  14863  3436  79055  19092  67425  96297  86406  79450  76048  91585  85727  42140  25795  96338  59028  62868  32859  9456  3008  33378  58555  31157  78664  68352  99272  74199  74487  9448  4513  30030  16141  25246  48833  30015  83578  2271  91064  27265  23594  94588  55705  97772  36231  34995  71501  1393  2905  437  73820  72926  
76110  11401  63557  2557  95814  91885  5949  18638  12749  38631  24271  10018  36546  6158  27351  55583  33549  18605  91035  87612  41545  77446  53869  60242  69447  27257  64541  15479  65037  23628  96647  65013  66082  6098  55358  14748  78942  4839  51620  45652  72013  10030  72979  11412  8220  88676  35338  60087  67429  48501  81010  1925  23024  53671  55605  84094  63912  96145  18372  83159  59265  27231  57280  8884  61061  65808  54992  6227  98223  52296  45087  19779  1599  3481  70581  
42676  49822  29138  44427  3837  50021  71006  93638  30003  92760  10771  72714  77990  84747  54272  85063  63686  94751  60032  50071  4493  46236  81455  93873  33959  33394  14527  67915  49936  81790  83756  94338  46435  48927  53459  45606  26917  34425  7573  52419  70680  86766  28260  22249  24981  22866  1601  1093  88017  97920  78107  46441  43413  37217  92  24120  31642  10997  83354  45600  43818  49878  65635  27744  67777  77365  65978  50467  44429  52040  9394  14768  86673  10468  83646  
81139  93952  52813  83407  13630  84321  39759  52628  56660  93369  13440  50705  33039  12212  31261  94348  67228  76372  35262  43706  38169  28077  10383  17059  61387  47073  85423  9432  66700  7361  29935  46214  79211  51378  95570  58947  3232  70104  79368  75064  6706  80702  25912  69763  533  19155  73972  20885  33307  49499  87802  69379  79734  52965  13651  86002  63725  92933  76961  44251  6212  22768  13105  45537  9225  51994  23182  95240  34646  42795  5729  30008  64753  96416  54533  
89723  95637  52917  32527  96599  82983  53840  33109  98659  65243  38158  73740  67634  12989  61724  11547  10534  69285  84950  52358  64081  51587  10662  68618  39895  89111  41592  68635  10904  63835  17822  56446  48209  25799  5131  30137  26069  31537  6681  63824  6919  99830  5519  72613  90973  17916  38703  57751  32225  80390  90458  19205  82445  84752  26346  22978  76091  89143  6226  7596  87606  29397  92959  24904  31214  94870  15636  28164  42352  80251  93902  57591  35080  25768  18008  
22934  17725  45692  54421  14147  90064  55245  26895  37166  98631  28909  46137  48226  50591  72874  71282  41178  54826  95339  41326  37321  41501  44616  33603  14879  33860  22525  42571  40247  94819  96007  78629  15797  72040  18338  17050  47520  98947  24014  60383  65592  55048  88062  79669  67650  56140  77907  12482  99403  55426  90039  736  6990  80330  61655  52331  56111  98940  26289  46244  7272  5001  41954  45674  15945  59365  82586  58305  35894  20592  37218  40398  61540  14895  21937  
42390  17401  99764  73288  33841  77338  46666  71004  864  68339  98643  75027  77088  89774  79265  59849  81721  82639  78390  35551  46939  54873  95077  28565  88542  26002  68162  22081  28895  32226  24660  34081  58799  54596  13209  95314  80454  74435  97182  26519  51795  43428  64336  99266  38051  29301  25478  81009  45023  34597  66704  8418  73067  67905  29846  84126  58573  52538  36242  44594  67707  32660  769  5683  34393  89359  9844  19414  51339  47048  90393  54254  50193  32076  58332  
24005  81198  13405  55141  39805  84783  89863  99113  23674  75868  80875  40874  6432  64421  74827  20901  60985  65338  42243  25651  19062  52268  12837  4368  82665  45559  39695  22630  54775  22917  88725  76233  35801  13791  87973  1488  82058  58473  45535  400  28121  38917  99462  87007  86691  29028  49535  30403  25887  4754  78401  40278  80377  78505  5135  25806  34665  13949  75466  7083  3825  12759  13906  36852  9225  50295  26843  70572  88799  67012  85741  15368  9340  6254  73784  
76320  55200  31719  67451  25430  55039  73946  18265  50069  85983  76693  67240  20919  38529  65862  41753  4112  77600  59215  74365  72240  66544  33553  30796  18450  1712  15510  37387  1316  49675  58019  19977  22839  73711  20896  71992  75429  30620  60514  81901  25208  7663  42559  64548  10746  58556  73073  12786  40747  47349  66867  63713  55540  40844  78246  46620  74319  90003  35456  53195  68489  23516  32352  89057  96295  93889  24791  70950  96959  47096  39318  98291  84197  67775  22978  
45798  5010  31610  87354  76156  49611  16649  63650  32791  62370  65350  58881  28443  58805  51244  35138  56812  66050  46688  61822  53981  70902  89563  70883  45246  52051  66831  12622  79322  86049  54142  85374  19856  40995  57822  4829  68109  2114  25765  22726  80823  1958  26185  7432  25855  32610  70314  14024  29524  22128  46093  35589  14325  3719  58617  15219  4857  33684  75865  47635  29369  98141  60964  3613  74133  72508  7376  28220  29421  18948  20369  94834  99661  52832  97117  
71633  81798  72776  35588  91431  71956  71075  19711  67462  6256  75905  32701  6448  44929  85619  26315  85320  43784  91872  46782  22071  19406  70626  39220  40903  35617  63625  5069  23864  41236  99745  65667  74451  8009  70885  47108  79973  4257  45551  85770  71960  27467  32166  15270  9031  79181  74955  45597  87481  45056  15913  61145  96902  20333  8995  20482  43808  30844  67832  97742  86624  26393  25073  75135  25813  17334  667  63550  72284  23740  22507  93272  51495  31346  96695  
54821  5927  412  50911  46624  94469  77334  54672  43338  94810  85812  19657  62640  64619  61022  30117  62858  35146  52460  43214  98752  3088  46015  68446  72762  19908  35102  74873  34297  81512  47195  76986  78816  62403  74326  37480  98129  87649  77567  77706  73763  12412  33165  28036  57397  56358  75384  42098  87261  52671  22253  75532  88501  30033  77355  16927  14973  5808  59172  78045  56877  60769  58244  37722  25763  48621  57935  95584  24564  22381  38900  66058  20007  17644  93693  
99009  32597  76493  38290  81592  84150  20319  93160  41904  22175  63160  10488  7198  60083  38149  32622  62088  483  36465  88343  94290  87770  15087  44801  34829  20086  54410  77275  19879  4897  85143  17370  46825  23248  47196  92427  29715  65687  26133  14409  56873  67370  44779  787  86217  57918  3157  45008  26290  25018  16253  47577  6256  53753  4361  45739  51975  89134  13984  24514  30812  56304  99907  96647  33374  20044  55282  73093  3333  90132  89412  39002  23177  46752  20798  
17074  69987  78175  87054  37804  24545  55573  84460  88060  51040  47298  67467  88880  60413  43805  66194  15700  57780  66807  94082  78768  12492  69664  91829  15624  75207  30059  36199  98297  37885  29089  51310  35532  77892  99727  5006  7014  23335  44994  76162  94526  38410  62726  27702  35779  24545  42424  3227  64573  19406  59348  30472  10532  77127  51881  67489  30178  76920  22047  21704  99853  68759  40634  86900  19645  81122  29530  80413  44913  98049  51451  53223  9708  95671  79537  
84205  93574  82841  52243  1597  21119  43679  20160  84185  41227  24327  39711  65420  32861  5733  5712  864  90734  73257  32204  34080  65574  7353  97296  21970  3722  99818  84009  9394  21708  34164  79528  67858  45257  3784  2345  8513  92857  68153  41560  31627  4417  63155  74328  31259  56964  29780  9597  31621  99865  86798  66007  93628  1707  4828  39285  67840  87543  45907  45663  76951  40475  86949  49896  89013  14223  62062  71716  3236  42180  65397  91572  3037  24805  84066  
39  95306  28595  8202  17592  51076  5533  62153  92157  66206  73394  87192  81098  80244  74063  5895  606  49851  13050  75527  61342  22124  1637  96124  51770  48643  17233  8164  77978  75390  18955  3426  54645  27171  67158  72207  56769  78401  67180  51427  51471  73038  53765  1527  62476  76271  79745  76009  59480  60750  38865  45811  57575  55163  93122  39201  50736  51176  76643  91683  23714  34568  87745  48948  21098  96382  52485  43252  46945  95750  98818  97874  73877  50219  95477  
72366  3229  87480  62778  10276  66112  2836  13571  57511  32074  5185  77620  77378  79524  44043  43503  94478  400  41762  82675  15205  59786  93331  73818  73737  86426  23974  43194  85292  10958  85405  16240  75239  11597  34573  31480  90019  1873  5324  85837  48054  3414  98553  72915  80130  75864  52914  11032  21210  2946  10924  58403  81871  8671  49546  8790  76697  38151  75098  88048  47260  30690  60222  43063  90423  65801  61214  69659  42583  33940  16120  96540  59554  32326  61413  
13006  82419  280  62216  42839  45670  82661  2338  33553  63808  49664  89758  47590  97395  68576  1539  32621  29746  22844  49405  42623  18416  69639  59753  77148  34249  28529  78606  71169  98331  62982  16925  24558  12403  2020  30775  86417  74401  1604  51068  90432  41607  73666  12302  77162  46134  92056  31681  6955  56298  85362  52669  54304  1429  83750  92272  5882  58985  37794  27344  96793  52426  74044  60904  70075  89297  77409  56785  1064  64444  23976  8764  1589  31962  36722  
49588  74404  20505  79229  1175  41484  11496  75722  66350  73351  92817  95642  8564  93337  62584  9472  21791  37359  12989  75550  10825  63729  19783  99439  81826  31795  49978  6758  13425  16111  58254  34808  30314  91893  65235  79696  64317  85720  93476  60581  12460  77588  34618  59258  91983  6767  21542  56159  38676  1076  95691  26840  80321  83188  10359  32337  60308  92668  23547  54880  89351  54536  2004  981  52783  15757  64848  96349  11360  67907  25580  14439  3476  38541  47351  
91211  46741  38068  66743  44322  87144  95470  62562  38513  30289  31115  46304  31617  7882  18498  61488  91281  98482  14534  73892  60171  86911  47855  40247  94053  44617  43051  96726  89684  78113  75534  18745  23681  62908  95632  45700  64755  47972  37718  26578  55570  50184  97024  32768  20151  15864  61567  63715  5087  21958  75735  51887  5357  38448  82571  99927  86283  38806  33678  272  37366  43008  7067  58145  21887  70949  46753  95355  46630  32448  86659  34184  90941  80873  87423  
2222  45037  56474  595  31547  32751  16268  63131  47256  6527  65966  50240  34877  39591  5964  95186  91020  27278  10331  79994  64024  26618  77787  1971  85007  52672  84172  77708  42061  13520  64422  77980  90735  64015  59624  8907  34421  88259  23525  62902  70719  21293  71357  85133  35864  30099  6309  39383  94254  143  29739  85207  5983  56445  39139  26840  87637  7245  8737  55300  54993  90029  68877  15785  61315  30409  99917  24846  63297  52692  29400  37620  80953  22873  870  
43652  75672  69312  96584  74340  41343  65386  76359  8899  62413  59783  77453  35407  66389  84019  55790  3464  23404  89671  92682  17317  68807  44519  49483  30560  58743  40046  44113  25457  75622  49428  44479  31632  92736  32721  2868  76359  56319  59860  152  25104  6938  41156  58447  72964  49146  14719  98352  46411  54657  64486  93742  37149  74187  7058  74864  59936  79145  84836  34809  67156  16814  54585  24425  24527  76034  49175  51703  9473  46098  3753  8446  970  19485  69043  
566  55564  12389  59924  55571  33361  33631  18750  72733  42856  14294  84767  75257  2634  50407  89126  94067  40051  24583  71900  25488  53278  67556  30697  61838  73702  24735  4161  78887  78996  67710  36150  63755  58946  2397  38904  6796  53334  11687  29484  8875  36579  85959  26100  62914  31853  84951  77889  59535  21035  41486  78848  5713  16562  76910  37655  67103  6457  31699  67740  81676  80899  97920  65252  24626  72229  6780  32546  38771  44194  54697  34491  45195  36165  5475  
51541  99280  3404  45429  54439  75607  94939  84086  27792  24580  7185  22521  59328  55451  96862  89504  89322  44232  35875  87018  63417  17249  77487  67298  27489  8896  36233  81589  75560  9522  46432  96195  25948  59797  74204  89791  1835  69541  19639  29123  51182  57602  41132  92142  34108  24731  1840  36806  4490  83424  52398  88637  45790  64531  17466  45694  83605  39430  21812  86940  51638  70149  72697  49487  40148  43453  68197  16571  10983  69818  50159  27102  27642  96956  93568  
87656  54046  10883  3768  76917  13539  76909  81515  41379  73701  27907  27882  69907  19246  8006  98126  8356  17399  86574  35380  78402  15911  42532  95409  45623  50753  95800  65330  72292  91424  57686  36212  14900  14819  13299  56761  65497  14675  10712  65455  58953  77573  53425  18177  81854  30328  36641  73720  6293  91340  20622  92165  61319  82472  57164  69054  2600  95836  51734  39177  14114  69723  31880  69323  86005  42256  16576  56190  60284  11210  83825  29504  53620  42087  73484  
71511  79194  69657  11183  54655  90632  65526  83130  70628  1710  82445  53108  11837  32175  25448  5409  3626  53655  83655  5046  41746  94784  44530  44304  55530  56406  92497  4758  29724  41702  46112  58751  22623  76609  61106  32852  42506  11000  86893  90706  68280  56516  84307  73453  16595  24615  32825  92753  82447  35811  21462  31262  66612  8830  83194  18450  64328  52451  18616  47694  52342  2511  25841  83697  22966  63232  66248  87491  69390  94342  51492  62654  83837  18778  16983  
50701  59460  67241  41958  75655  47169  13552  15433  84260  16234  29761  6409  1745  66576  67235  62773  48358  37577  49550  34685  3626  75882  56368  52341  32862  11172  61402  63099  30328  62630  79100  65419  1176  19313  54618  92632  26486  65356  81585  39278  49423  81821  67022  11228  33164  62685  61283  3827  322  88232  89098  93458  82445  98625  51706  87358  16688  47882  31587  59176  47910  21331  6274  79833  57829  38946  2644  41246  27346  12935  14863  79799  20474  65827  21307  
21515  71031  54480  77188  56574  69214  98460  14478  95227  20550  93820  84774  72041  39881  64512  44705  67883  73233  70790  45077  31583  30490  24679  42668  88071  16155  27495  85781  87332  82448  76878  9403  61626  32454  92323  60831  3637  57777  49581  98508  74679  31724  49174  87142  50620  83001  20712  62521  35755  15296  167  59411  70315  36125  7615  77146  31475  7883  58145  97722  54581  24672  94404  85716  54021  18030  37346  25579  6746  43313  53961  41929  15678  45548  6840  
74807  13896  10264  23035  17451  27731  56851  95696  15226  21922  74027  64262  29786  49221  9857  60159  72990  13821  15902  22130  37434  70633  37923  27889  73711  99874  94077  44804  70241  57306  63720  51969  23810  10995  63833  87157  37057  22059  87162  62720  56399  31267  72534  2803  20120  8576  23166  66233  69813  8806  45477  39075  57950  11095  69491  57795  33596  45007  55758  6663  36862  60600  11316  82431  23058  63356  62640  8013  1155  95930  89324  12607  48429  40405  46946  
16258  26114  38400  22622  60786  20731  45084  78558  99836  46581  93257  17715  19252  16442  90511  78181  29074  28328  81103  74378  78349  16755  5617  85454  75095  4224  35452  21016  29969  9427  5862  58760  53133  73309  24178  31027  13990  33614  46952  92712  17058  33259  86265  28151  34207  65775  86439  59104  69116  35288  35269  17730  36952  49390  42505  70075  68600  43083  38161  60242  15202  29656  10035  75432  30846  75250  87544  85608  85173  20459  59319  15917  48227  73281  86610  
23793  7430  33269  83508  41403  28532  96554  87961  19231  17147  83179  90272  95051  69896  90203  37186  25386  41012  85815  84651  42235  39880  95876  83804  81262  67937  7164  81445  90562  58124  8249  18697  76898  6550  2438  35311  8277  28727  38646  48586  49126  43909  93535  16988  32265  39940  55414  98680  66952  21444  20985  61043  19580  59527  75479  49850  55076  55663  5851  13636  21411  86406  82971  28316  59418  51534  92546  42836  15367  37292  70007  93984  62570  30461  62994  
52714  91202  77314  52465  83493  15205  80206  79493  37905  37323  53731  18661  17851  18083  35864  54077  9486  6562  50924  99989  21789  16657  37796  61647  4740  70615  31637  61919  31966  51755  51567  96041  18383  82366  88455  40418  57521  35656  86310  44250  28256  6179  53725  91223  99543  43684  87229  62797  9911  46893  19955  93460  9145  9851  42054  51180  62374  62949  36212  69069  49607  34182  44352  43707  59239  15856  4789  56524  91015  92911  94225  15880  29843  83323  70030  
252  9520  80531  61749  73923  25722  71201  2813  54101  25912  34069  26334  2667  84361  12233  25397  73831  33128  89666  91104  67518  23523  75969  68053  37510  91719  58640  38391  91479  94925  1907  11929  10948  42636  3631  38802  17632  26975  51280  24118  109  88783  72766  36200  97800  54155  31082  76529  92721  19992  33044  16607  49619  53288  84730  53032  55729  91752  42042  32223  83142  52945  59847  54872  36306  55751  58435  55436  23764  97799  79479  26032  73064  90342  41550  
99782  648  57394  4489  7063  27894  1271  54923  48518  21032  10661  40324  78236  42735  94652  92436  50426  89940  40322  95415  93595  65476  38468  81799  66152  40222  31632  77314  1398  3464  23541  56396  25727  16505  13598  1937  43405  70819  99059  96955  87814  2767  67933  65014  65137  53364  87891  92693  614  71806  7494  13412  14637  42628  49525  69322  55307  38262  72104  51433  30263  83150  15763  62551  75877  75635  40356  73931  19414  61688  43945  44793  54797  15655  9088  
88934  24242  48306  44022  29595  25442  78036  36239  44482  41470  32686  1325  15955  45914  28416  95139  63763  93001  64235  96802  43530  51570  88829  92214  14483  21020  77977  72963  72757  99652  22973  80740  77548  2701  46204  98469  18183  50358  58331  79748  2457  92790  13589  6372  12362  39542  78951  41281  84617  55715  8435  19623  73136  47091  43686  10310  70777  43216  96589  62139  23054  13481  3491  65679  72489  92222  43093  31655  28049  8828  75537  20774  27814  15200  50076  
38906  65812  96542  288  36361  3999  58062  15268  48693  28299  2150  29203  27228  35983  4987  59030  79268  58875  86702  90036  22079  93034  30392  49199  56545  92001  94361  2732  78693  79425  16206  30859  42873  94173  60210  8586  966  23407  25188  46949  97374  28887  72789  87694  65012  43958  8201  53630  52197  88865  99692  77260  36219  8261  39140  32985  5147  5203  57282  70268  17757  76414  94620  68649  70616  33945  79970  26348  71560  10564  47668  12110  25534  30530  41766  
19006  26488  5291  1117  29333  33597  63096  59232  7900  43053  54715  63216  36247  10349  65860  14041  84923  29482  64776  90635  24092  75590  52463  97937  84652  92626  11389  13621  83202  3486  42958  45437  49876  64791  22128  92553  89375  89570  62999  78354  33254  85974  12324  70628  84350  37253  71691  76072  93725  2198  11085  61387  98184  54621  25219  88629  51635  55467  93659  76932  19952  27556  26371  54254  9736  23602  25311  58110  46524  5985  5058  96180  49804  61234  39799  
27629  28918  34886  53662  17688  11453  32636  64194  83928  2198  43907  96307  66009  65627  25257  48216  24452  90862  85333  85512  17321  71956  83782  45825  97098  56766  21774  85099  39030  54395  44140  24577  53052  2332  67346  65217  22999  5743  72393  72202  52726  54411  83568  3938  96747  78475  6525  98594  38624  50908  35757  89203  66865  73476  79248  47032  65011  55404  3054  29476  4637  46830  35802  80391  68396  86754  88307  24716  17104  87086  50616  96609  36638  12578  68109  
95946  19279  48208  15887  72474  51554  64692  48277  33723  78486  55398  88331  636  62611  51077  30266  8774  62256  6596  79974  24894  70625  31114  39508  8669  65758  49722  68186  14356  4195  8995  54992  59345  11652  19102  51432  6089  76959  31188  60709  66681  18447  74870  48474  77562  83417  55559  84649  60549  57766  1307  96792  23541  63747  81703  89110  92947  43287  48146  80327  63604  13726  78692  35887  95813  12745  89620  24846  56120  94242  31338  72813  84701  92373  24125  
72682  80014  85441  89134  12005  2850  94403  98142  80279  67652  7739  99821  6  20839  91811  20037  43596  81470  95334  81455  60280  29803  47126  45403  79786  53973  40328  65878  93412  55898  28582  87938  47165  59601  56943  92318  79104  89040  44233  90239  43681  73415  45339  51074  36866  11576  79865  82842  25192  77487  13695  18344  31652  40016  50947  64729  58685  35777  94333  36753  58363  50265  90696  92827  47110  15560  45633  82878  52411  80028  64318  36776  49831  48942  83308  
92245  20055  31591  16080  30878  49850  46538  68947  58741  11461  5382  19978  34191  31321  65596  59194  83923  59483  17076  51677  39652  77609  12743  34741  21991  41263  32229  73074  84287  96328  83526  75616  64226  83968  26166  74558  36295  63518  38093  5878  20792  22782  42116  79935  35429  19463  68280  53133  26685  5998  26065  36913  33461  51636  68083  99884  75530  94006  96455  96122  83275  68889  39617  44565  75081  48631  36634  29750  29500  62731  82675  99185  91134  76548  6607  
88193  29619  78241  64364  74995  46943  12586  43337  9072  98268  90468  14307  97703  37047  40657  3878  5650  46547  45201  38223  67924  37245  89540  67141  34305  73471  62744  16209  10881  68732  78683  74268  69052  51795  61422  43868  80990  67683  19944  10582  30004  79411  37392  99168  88129  65738  93721  46353  15338  6299  84563  68938  45897  2594  59751  30438  32420  55436  67411  80241  37124  6632  95150  42722  43355  94319  47398  64095  35812  62645  77989  14469  97510  91491  63173  
13009  62031  919  187  61668  57318  88957  51039  24422  46520  90965  52198  93395  1069  79676  10487  77108  71595  93206  81908  36090  20457  81995  79058  24254  60579  45887  77459  6768  2072  49268  57546  56177  33081  69279  53445  14387  45154  49510  72346  94313  1264  39966  81389  90966  41432  53778  86430  76983  54640  37345  51706  90822  45192  78087  97629  42502  12425  73485  28857  36608  12282  45886  49830  23690  59202  94083  66636  26550  76820  70726  46737  48554  98760  27800  
11044  70684  61421  11511  24043  10364  97162  77417  47209  27340  49154  83485  75549  42910  53197  67988  61246  10016  87799  59380  99726  14737  65422  93967  59564  37969  28700  29219  17449  86746  72086  14655  36124  79863  55625  24040  23573  42564  25447  62959  86452  87044  88689  94154  56616  25079  44395  96973  76222  20687  2212  2802  4882  39218  98456  60306  35004  63898  8316  98586  80676  85479  53465  17941  95358  8380  10367  2954  65432  80592  79526  55501  48585  91644  25873  
19913  53460  5950  83007  92017  89485  1738  49737  2406  20906  31910  64703  62642  55093  1810  87177  78665  2582  50666  38550  52521  75453  39598  44882  480  20195  18583  83132  40552  32357  22681  35317  93193  8724  12227  16769  30969  43718  87278  81224  80047  99194  85330  65828  49409  79810  57779  43909  36479  12946  80940  57173  96390  66859  2983  49894  65551  32704  47504  5470  79431  68377  92786  53196  40632  67766  42010  40913  11406  30988  88815  67055  75092  57132  22489  
41821  76358  7438  72230  92666  20183  6592  26607  85183  3630  83497  45382  4781  18512  35415  42977  50414  77496  39746  24764  16589  59216  54115  56001  26099  24923  47461  64839  32859  91395  90528  25035  18592  83650  28239  27544  41975  62219  43605  71275  73437  88290  31396  11036  50210  16658  6193  31082  32459  27069  56387  69720  66433  75543  18115  90606  30386  69329  84800  47005  53579  59309  55581  6810  77134  26717  76301  88241  21758  6871  24915  24839  3348  71119  27401  
19165  16464  45310  18434  59098  90320  73759  8530  20354  18929  41984  14430  13870  50114  69737  52664  19928  8517  12870  94264  33058  30959  31733  56515  62117  26496  56003  8594  1880  15800  34768  17016  98948  85366  23278  78002  33073  66948  79195  10324  64995  75832  58768  86362  5297  61077  36567  21145  22915  77431  84158  50872  17575  78403  1167  42988  44500  51450  32120  49981  15260  5987  18571  20670  23709  91747  4231  1970  38561  68412  64923  27204  65136  84146  21990  
69178  67951  33494  88252  97791  90922  87715  15831  73002  43833  88299  21997  48131  65152  43840  57936  22987  61117  44701  16455  54359  84739  81708  88068  23911  75818  35147  24555  16404  80335  32135  23798  37098  91716  41652  45759  78130  9060  41001  26405  57470  82890  10777  85659  69994  73789  58484  1464  50195  91172  1260  4945  99909  15755  44504  87663  18583  61509  56852  1133  3899  9119  30707  84937  88398  87330  18752  76431  12964  6678  44479  46351  16563  87305  27921  
25847  61659  22050  60087  12045  94507  69938  23222  18429  78633  39588  63239  62726  71509  22491  2184  83932  32540  71337  12249  61744  7102  27073  67799  36633  50858  88531  2495  82614  44068  65625  13950  3816  55087  856  50786  69490  57852  12763  25549  74791  40819  52864  1655  95853  75881  89124  50010  34672  62600  5727  63495  98537  72517  64040  54915  48238  93633  57497  20500  35941  16295  17047  23778  24172  22823  31988  74084  93080  81242  91135  8554  53719  26631  3114  
97998  74369  80016  5130  17689  30733  89369  79855  40383  96717  83931  95045  5908  19127  82547  78047  64033  16754  65616  49070  10358  48653  33588  97641  65878  66441  66605  80570  86150  30925  63919  55559  9811  82003  78909  18083  50127  73480  23983  64937  78865  72580  63496  46168  95835  3443  24983  58819  92664  72461  4738  65479  34162  94229  337  44602  98082  93430  16982  19560  70931  80371  51991  97010  27902  64586  52167  63896  69055  77872  42686  9187  23190  72224  52979  
53995  24960  49692  54482  87601  96685  72621  7342  38870  65126  61875  53526  44579  65723  25605  60821  69790  54193  48815  45143  16221  77635  72584  70627  64522  48396  62521  22440  42842  98752  61782  62812  38533  37889  26293  49771  61598  51038  63151  81330  45728  24702  45112  44632  30768  69845  54197  27602  20444  54102  9616  45923  40387  62328  49909  62957  95027  60144  22455  69540  74990  12393  74850  14370  31896  12093  96398  47358  90061  73695  36206  63899  59740  92522  468  
15933  96221  33550  54209  32191  68151  18427  51669  9270  9213  77637  34872  75278  26931  21037  29374  72895  61292  80287  68306  81732  90575  21124  20221  86032  17869  27918  27484  22088  6525  30041  44093  97788  13867  85037  65189  21699  66952  51436  25444  59270  3435  90565  25230  93216  52326  48592  30037  36598  27307  76316  52169  67234  82134  72103  69908  77116  6709  40866  64916  40942  33140  21740  78533  81363  73066  26748  69463  66081  48949  54566  46608  70738  48905  55290  
40741  99540  34375  22557  6664  38713  70405  8067  45869  24202  91093  21908  26512  37863  87778  73407  19408  64793  53236  77216  91820  99402  87381  90241  14468  67711  1121  65943  54986  97879  66939  28786  1926  69670  33873  93617  16551  48541  9276  32423  4662  96123  5682  11196  41570  56993  22148  89091  9019  21225  90950  76148  69339  47385  60833  8148  31253  26037  2385  5981  79084  85511  78075  76220  86697  21645  49490  84627  50524  23029  31520  45328  55194  95593  74413  
48639  18267  79812  54663  48991  50961  6156  21412  65068  8247  92547  49604  69918  41930  84916  33417  73491  29742  14393  27878  110  91821  21891  77555  13349  973  89396  32184  30508  3083  23954  85992  49267  83449  40572  41905  96377  62581  45228  26030  22394  94320  67244  53188  27354  38860  51410  10114  82056  98113  67962  89222  89561  87266  42242  55028  18561  16379  7098  97810  7257  4345  41820  27844  33467  82769  54816  71017  4310  45292  85498  54941  71210  48466  84824  
99807  54227  89671  18782  14928  31404  45484  9094  51462  74800  86428  52734  14070  64386  15148  63266  48578  36140  41832  19048  82058  2080  75125  4299  90432  22277  95948  4072  99848  96751  26623  66541  9640  19531  40354  9398  60813  57438  10893  63410  32326  90659  86339  94662  67057  3211  54707  75786  76415  3805  16842  29864  13132  57722  97091  64977  40074  34744  20301  859  10932  11630  1133  67351  36414  96839  95249  85782  25363  42258  50181  66812  22331  14903  94511  
1136  52754  97735  34025  44718  96685  68666  7290  29448  16915  45198  88930  58419  35703  29534  34769  29545  45616  49563  7952  25217  88596  91253  15385  13618  7707  1202  20145  75354  41341  30609  31927  97709  77515  91755  26971  26386  56409  61771  91714  2829  62892  94908  26803  2478  69175  3583  71949  26489  3204  13189  89446  66000  40019  93434  73753  553  17312  44000  61984  55075  31277  50203  70617  60797  44381  45172  3126  41702  11724  5033  81477  22721  13511  55450  
96844  81344  64987  38550  84036  46103  76264  79565  84951  58141  20592  55010  16018  92016  64126  1411  41719  38318  49765  50229  17215  86609  11564  9420  75311  62179  84856  37329  85780  51036  39001  66758  46112  2617  10595  51474  49044  57361  60198  93285  44790  46006  12583  42719  30529  65310  72084  10704  93945  37859  54614  34100  17703  39672  59936  47814  55382  54160  5144  39683  35144  76173  61593  50461  9093  7621  66402  59907  78483  21764  25572  68885  19053  41925  54694  
82650  1552  23918  16285  52933  98473  70032  77336  78491  91663  78288  89332  42395  29335  70680  70818  74045  56581  85230  99798  26468  67423  63634  18518  22624  44548  7703  36199  83184  98469  886  72242  33539  95135  17937  1660  44850  3432  35150  78838  98116  2757  37877  72552  80199  43031  76953  24700  95532  71521  6098  55101  96152  20999  86394  90298  5014  10206  58583  52473  94299  57422  87564  13516  32011  69662  10065  68887  46070  77378  62198  44250  53057  24836  22232  
3098  88900  1574  73354  73549  36145  57039  47826  37776  66490  98925  28961  96883  67850  40419  44886  84780  70774  79580  77913  61026  78835  32323  63467  35764  13997  56548  31957  78351  30469  64400  287  32448  44716  63414  45072  10165  27084  51740  83620  3559  64051  63163  11389  63327  21053  15184  18561  48501  77552  56269  12367  10318  20831  79718  78570  18655  44004  92990  53843  91596  57720  5673  65706  51338  50287  19037  99602  78319  48674  2194  81363  36126  21485  67024  
6579  38811  8638  71514  77695  73816  12479  67171  2401  39949  66343  51241  80993  62499  63455  41298  18556  35817  96722  2080  52694  61689  21961  21471  16138  67144  71401  76613  4385  33215  76711  44194  24351  58685  74056  93520  59678  17346  23093  16062  44895  85654  44766  34204  82537  18857  47257  19616  16033  96910  19195  615  70395  2198  93180  73395  69800  72794  62874  14831  85463  35090  89839  69454  28360  15856  27185  67654  7521  62861  36702  18862  99236  13452  67423  
41613  36120  75063  53307  34846  25974  57567  57804  53003  58903  16374  81449  27981  33199  15837  71124  78265  74436  28632  5599  73062  80809  33022  70991  65180  90510  33677  84240  88778  56624  16907  59877  85954  72493  41932  80426  40584  86970  61526  65232  96260  5971  77120  85640  62658  11985  91204  91083  9734  29353  95647  63384  79697  76484  71628  28855  61763  47151  69081  98409  14586  59977  17758  31879  48180  15587  67417  83839  99679  48957  93680  78731  71815  37928  79862  
37643  96628  94384  52683  64034  52155  99564  77259  50118  95488  9355  37796  19564  69249  42144  38497  64667  57943  7169  7781  45032  18218  66079  65746  89550  98484  27601  78078  66231  68429  98438  80953  6793  57931  34362  57893  70159  74414  75790  12622  28977  10415  44736  71061  3405  19023  12856  91569  15635  99260  78464  4215  47805  68642  26744  42887  47561  75346  9951  7706  3365  17535  37826  36008  781  51148  70714  65199  19546  50115  24416  95721  23602  84729  45545  
3089  28261  15916  63714  28600  91876  30788  28497  54383  57843  25063  21493  7051  55464  84649  82516  79623  52494  18298  8252  82985  32934  89428  33254  62538  93798  62647  82456  63419  93264  23162  69198  6701  48003  30725  5985  16756  21785  63571  84782  83777  70967  68319  52702  81632  45324  25653  3983  89554  55053  