17518  9375  70838  50236  50173  29509  81026  60647  34253  85303  66462  36661  69791  50155  75728  15221  53159  292  95725  53537  31552  84815  39433  79436  38386  24541  80454  7569  80650  21766  51767  76800  26103  80822  23559  42952  80695  67780  35012  21614  92443  76157  60931  77782  18551  75457  3495  12905  74125  33818  22129  81186  3073  15680  59043  37536  33616  54502  4373  25083  90089  44027  48811  48360  58398  20319  69811  41167  43929  74676  65988  7325  62070  16644  59342  
91678  65625  95376  47462  96744  56949  15657  11057  96684  61330  10004  81875  92044  37758  71389  22104  31668  63874  65444  45519  20575  11427  37744  41648  96834  17777  75482  94970  30123  31448  77415  95534  30746  36112  68545  65017  77987  75620  56052  83635  13985  47819  16901  74930  84890  60690  41898  57977  81000  59547  35846  39853  199  24502  94464  98842  33787  19735  35772  96647  29865  24068  19499  60810  90088  69421  83470  64275  47716  20766  18757  84370  39831  22186  14811  
85334  13245  66243  29816  94650  44638  25445  94668  93858  96049  98382  78586  1090  84794  88985  8529  59759  29274  75752  38859  24029  12960  66764  69250  46737  61600  21479  71432  55940  11391  97279  14826  18194  53514  48537  43793  8852  53064  92394  32081  61845  5618  23934  93455  94035  55990  27781  92006  6282  64242  11403  65285  63322  26621  17714  26223  76986  95642  48272  65605  1525  55160  63820  45809  86307  31414  15314  22257  24214  5637  71950  34955  91424  25175  73662  
11506  6066  88430  36887  31478  33824  97040  43412  35640  96376  97619  92968  4585  82414  5559  69819  94701  2940  44878  58111  37539  2172  301  8979  48762  39506  43679  65387  65168  28166  15777  32834  59742  76761  42149  7441  8387  81522  13761  53223  81323  60280  65989  6278  28689  20958  64643  39400  88776  23341  64451  10698  10286  44430  30118  92947  38881  18505  50997  94549  17149  97959  2045  70548  12398  69000  27832  10891  70866  97353  68169  71359  1833  79133  66118  
7152  50219  57676  8164  70752  94379  14946  80333  25920  44760  27850  23268  42113  25188  99264  44122  35160  57251  60674  94201  30278  60004  87837  66936  73651  45766  78103  27102  9137  16584  77544  54047  10196  29543  71706  33019  52645  70836  5355  9144  46500  54514  8253  211  90003  8099  53338  60678  78578  18006  85962  51959  65529  61721  77396  32610  76276  32802  5796  85650  4227  58024  58284  54219  11035  19315  95285  70083  44417  52244  86444  6883  28939  44172  63506  
55689  53318  50253  72055  41612  36885  62706  85853  81831  67525  1474  56325  56629  81351  52612  22376  27420  45735  28509  12525  97191  12959  1587  67844  34960  36353  9834  44509  41477  33644  92488  68682  52972  4668  25057  47311  23701  10622  43923  14532  23015  54769  14660  92394  83230  31203  88530  23168  76903  71236  16851  26221  96481  35706  44735  64085  42716  46327  35067  76507  65457  15700  66026  92050  99817  78088  41672  29400  10084  11746  59071  52782  79548  45135  88339  
21244  89190  60959  48336  98715  59613  44647  93332  13737  8527  69135  89600  88319  28059  16529  14088  23186  3278  76563  58782  11041  60871  81379  94183  29801  41814  24350  34913  6147  78236  42790  75912  61982  62752  95985  85432  40836  50684  44290  24853  16907  30598  92627  39882  18352  87478  13845  64353  69437  50229  2397  69595  63120  13658  80796  11733  50588  55500  81671  10327  90833  77377  86536  65955  12606  33000  41948  36052  16796  34785  76517  84070  99464  39594  82904  
88611  29670  39326  84708  6155  81580  36616  51401  55949  58797  61824  75049  83646  25386  30624  23032  4270  83547  25787  39345  69018  35019  98545  51502  47840  1216  46545  78868  4537  22694  50481  94581  51948  75386  26243  57074  87644  66118  94504  25942  70023  13134  48728  58593  99201  39686  61317  39994  55620  14946  69867  84343  61624  7396  18192  72804  39743  5599  63333  34929  56805  76564  10549  37727  39878  59616  45766  69893  38289  26532  87693  65218  75683  60299  94354  
86783  69398  91562  85789  57555  68883  57606  39924  14788  12265  46127  31179  59493  45589  57284  62884  21644  27032  88735  72945  95027  90784  67053  80231  49992  94788  98077  79461  54048  24549  52827  49861  97358  5706  204  10855  40769  62450  29762  50763  71069  58894  73622  29368  29201  10184  75934  99341  51853  91137  48146  35702  7892  69907  46997  36959  11729  12639  70003  9422  7681  57833  18465  1087  17854  81195  33997  33313  38636  33682  30459  51932  30138  99858  71339  
20446  40110  10575  64730  14345  18899  76283  41487  29934  91495  59193  86684  38818  48576  45608  92311  27019  43012  29094  34178  46695  48604  55656  35969  98852  81901  45477  42395  95589  66683  19060  64040  86181  92652  71994  82447  21855  50172  56941  98855  26284  55790  59845  64857  23843  77318  97441  48655  76034  58138  68934  43843  12957  53811  93289  6005  18107  31476  72772  31473  72711  50765  90373  80622  67474  17520  17503  16853  60188  69705  99948  52702  10774  48740  99507  
8616  13513  96265  6658  72818  34522  71437  27407  12548  93462  60518  57309  79306  79748  17777  70770  13494  23283  76992  85107  28790  48061  9338  45875  93750  19580  10269  33158  5594  66726  29230  80265  33490  83961  1826  25541  18624  13764  41579  4459  46669  96599  87515  29619  88963  21127  96806  78222  30069  81133  99262  81770  12306  63973  94019  36550  54800  18142  62440  97412  20591  53976  9851  25253  44312  50729  83556  2160  34412  43785  71277  2387  74782  83913  835  
24862  39427  21177  57684  62182  90596  88691  49921  63384  47793  32344  61400  8782  84667  32438  91255  10798  54628  3560  73624  70953  5770  20686  73603  38608  23242  65505  58576  23326  33059  74904  56998  99161  22584  38953  82207  42830  55510  2945  61798  50917  14930  97225  61442  99829  5401  28366  78204  79819  99417  66861  69886  92395  41661  42381  40997  85047  17908  24916  87846  66577  75895  99725  36835  80704  51360  64201  70588  26365  46162  79713  42614  11901  45337  40832  
75708  5768  45195  20302  3992  60407  70959  78728  76692  96552  98785  93620  21252  62049  51957  98564  48303  29342  85596  32304  82017  20882  18950  58532  81731  18297  25672  6848  10003  15340  43016  35876  94859  81037  53377  96296  37872  29598  17751  69003  9501  98853  16625  60468  27803  69777  47626  93485  59016  83250  12145  97757  99103  86096  70072  91273  79506  8670  81101  7185  66284  57352  30559  50962  24934  46974  34727  74300  42521  78833  72773  87537  29287  65551  24925  
41955  14777  50296  80580  1625  67934  63891  47211  91479  28679  22951  11768  81180  80901  542  2011  42760  75391  30072  46722  67333  920  29296  70154  26047  