100000  99989  99933  99927  99923  99917  99909  99908  99907  99907  99884  99874  99865  99856  99853  99848  99842  99836  99830  99821  99818  99807  99798  99787  99782  99780  99776  99767  99764  99752  99745  99727  99726  99716  99692  99679  99678  99663  99662  99661  99652  99618  99602  99586  99576  99564  99558  99547  99543  99540  99521  99518  99518  99510  99488  99462  99454  99439  99432  99403  99402  99402  99381  99359  99339  99312  99298  99291  99280  99272  99267  99266  99260  99236  99234  
99222  99214  99194  99185  99183  99174  99168  99140  99113  99113  99106  99092  99087  99077  99063  99059  99059  99055  99039  99009  99002  98950  98948  98947  98947  98941  98940  98925  98921  98916  98888  98884  98869  98868  98848  98844  98837  98822  98819  98818  98809  98800  98796  98765  98760  98752  98752  98748  98741  98730  98723  98711  98706  98692  98680  98679  98659  98643  98631  98625  98609  98594  98593  98586  98573  98568  98560  98553  98537  98531  98515  98511  98508  98505  98504  
98484  98482  98473  98469  98469  98467  98460  98456  98449  98438  98435  98409  98389  98352  98331  98311  98297  98291  98281  98268  98266  98253  98249  98241  98223  98220  98215  98206  98187  98184  98142  98141  98141  98129  98126  98125  98119  98118  98116  98114  98113  98111  98089  98082  98075  98074  98072  98049  98035  98033  98005  97998  97987  97946  97940  97937  97937  97922  97920  97920  97909  97907  97899  97898  97886  97879  97874  97871  97868  97853  97810  97801  97800  97799  97799  
97793  97791  97790  97788  97772  97765  97751  97742  97736  97735  97722  97709  97703  97695  97685  97682  97647  97641  97637  97629  97619  97578  97563  97547  97538  97526  97514  97510  97510  97497  97490  97487  97485  97444  97440  97439  97416  97407  97401  97395  97379  97374  97363  97346  97342  97337  97329  97303  97297  97296  97295  97272  97254  97253  97246  97204  97184  97182  97177  97175  97169  97166  97162  97139  97117  97098  97091  97090  97075  97066  97055  97054  97048  97045  97034  
97034  97028  97024  97010  97000  96973  96959  96956  96955  96936  96924  96920  96910  96902  96883  96862  96844  96839  96818  96802  96793  96792  96788  96783  96783  96775  96762  96754  96751  96747  96726  96722  96718  96717  96698  96695  96685  96685  96667  96647  96647  96628  96626  96609  96599  96593  96589  96584  96583  96567  96562  96554  96546  96544  96542  96540  96536  96507  96502  96497  96478  96455  96444  96440  96416  96398  96390  96382  96377  96349  96338  96338  96328  96307  96305  
96297  96295  96260  96247  96221  96203  96199  96195  96180  96160  96152  96145  96134  96124  96123  96122  96117  96101  96081  96041  96007  95960  95959  95948  95946  95930  95910  95881  95876  95863  95854  95853  95853  95836  95835  95833  95831  95824  95816  95814  95813  95800  95786  95775  95770  95767  95750  95724  95721  95720  95698  95696  95696  95694  95691  95684  95683  95671  95647  95642  95637  95632  95593  95589  95584  95570  95536  95532  95523  95521  95519  95488  95477  95470  95467  
95457  95456  95430  95415  95409  95387  95359  95358  95355  95355  95339  95334  95322  95314  95311  95306  95299  95273  95265  95249  95240  95229  95227  95202  95186  95183  95181  95175  95150  95139  95135  95101  95100  95080  95077  95069  95065  95051  95045  95027  94976  94973  94971  94971  94939  94935  94928  94926  94925  94921  94918  94908  94873  94870  94866  94845  94834  94819  94810  94792  94789  94784  94755  94751  94722  94713  94701  94700  94700  94674  94662  94662  94661  94652  94645  
94638  94620  94596  94588  94577  94561  94560  94539  94538  94526  94526  94525  94511  94510  94507  94496  94483  94479  94478  94469  94466  94453  94452  94421  94420  94404  94403  94386  94384  94382  94380  94362  94361  94352  94348  94342  94338  94333  94327  94320  94319  94316  94313  94301  94299  94290  94279  94265  94264  94257  94254  94242  94233  94229  94227  94225  94217  94212  94204  94201  94180  94173  94160  94154  94105  94083  94082  94080  94077  94077  94067  94065  94060  94056  94053  
94042  94038  94006  93992  93984  93967  93962  93957  93957  93952  93949  93946  93945  93933  93930  93926  93909  93902  93889  93887  93873  93856  93833  93827  93820  93804  93798  93797  93782  93770  93749  93742  93733  93725  93721  93718  93696  93693  93682  93681  93680  93676  93659  93640  93638  93635  93633  93628  93621  93620  93617  93603  93597  93595  93590  93574  93569  93568  93551  93535  93528  93520  93509  93492  93476  93474  93460  93458  93434  93430  93412  93399  93395  93384  93375  
93372  93369  93360  93353  93351  93344  93343  93338  93337  93331  93303  93290  93285  93272  93264  93257  93257  93243  93216  93206  93193  93192  93180  93175  93160  93160  93132  93122  93103  93099  93095  93080  93064  93051  93034  93028  93014  93001  92998  92990  92959  92953  92947  92933  92930  92926  92911  92900  92896  92893  92879  92861  92857  92833  92827  92817  92790  92786  92769  92760  92753  92745  92743  92743  92739  92736  92722  92721  92712  92712  92710  92705  92699  92699  92699  
92695  92693  92691  92685  92682  92668  92666  92664  92651  92644  92632  92626  92613  92570  92553  92552  92547  92546  92541  92536  92526  92522  92515  92504  92497  92476  92461  92453  92453  92440  92436  92432  92428  92427  92427  92421  92403  92379  92373  92362  92349  92348  92340  92327  92323  92318  92293  92287  92278  92272  92251  92249  92245  92222  92214  92214  92212  92172  92166  92165  92157  92142  92113  92076  92056  92028  92025  92017  92016  92004  92003  92001  91998  91983  91929  
91893  91891  91885  91876  91872  91840  91829  91828  91821  91820  91811  91799  91781  91774  91770  91770  91765  91755  91752  91752  91747  91741  91736  91733  91723  91719  91716  91714  91698  91683  91675  91665  91663  91662  91660  91659  91648  91647  91644  91643  91635  91622  91612  91607  91596  91587  91585  91572  91569  91568  91531  91500  91491  91479  91474  91468  91450  91435  91431  91426  91424  91409  91397  91395  91354  91349  91340  91336  91333  91306  91287  91284  91281  91279  91271  
91270  91253  91253  91252  91250  91223  91222  91211  91204  91202  91192  91191  91188  91173  91172  91159  91140  91137  91136  91135  91134  91104  91093  91083  91064  91035  91026  91020  91015  91014  90984  90983  90973  90972  90966  90965  90950  90950  90941  90936  90922  90921  90919  90910  90899  90888  90885  90876  90871  90862  90861  90858  90856  90850  90849  90843  90839  90830  90822  90793  90784  90735  90734  90726  90709  90706  90696  90691  90673  90661  90660  90659  90635  90632  90606  
90606  90603  90592  90587  90575  90569  90565  90562  90553  90548  90546  90545  90536  90528  90511  90510  90499  90494  90487  90486  90468  90464  90459  90458  90439  90432  90432  90423  90413  90406  90404  90393  90381  90381  90368  90359  90357  90342  90341  90338  90322  90320  90311  90308  90298  90298  90294  90278  90276  90272  90269  90254  90244  90241  90239  90237  90219  90203  90194  90186  90178  90172  90132  90079  90068  90064  90061  90061  90045  90039  90036  90029  90019  90003  89940  
89926  89922  89897  89884  89882  89870  89863  89839  89834  89808  89808  89791  89790  89783  89774  89767  89758  89723  89721  89692  89684  89673  89671  89671  89666  89642  89620  89616  89592  89570  89563  89561  89554  89550  89547  89540  89504  89500  89485  89471  89449  89446  89443  89440  89439  89428  89427  89412  89396  89393  89392  89384  89382  89375  89369  89368  89359  89354  89353  89351  89343  89335  89332  89324  89322  89321  89308  89297  89297  89292  89270  89251  89227  89222  89219  
89203  89180  89175  89157  89153  89144  89143  89141  89138  89134  89134  89126  89124  89111  89110  89102  89098  89094  89091  89072  89057  89044  89041  89040  89038  89030  89014  89013  89009  89009  88980  88974  88963  88957  88950  88948  88936  88934  88930  88910  88900  88880  88867  88865  88852  88829  88817  88815  88801  88799  88788  88783  88783  88778  88767  88753  88747  88745  88725  88725  88703  88701  88699  88698  88697  88697  88689  88683  88676  88640  88637  88629  88611  88603  88603  
88596  88594  88590  88569  88568  88542  88533  88531  88517  88501  88471  88471  88468  88455  88449  88446  88424  88417  88398  88395  88380  88357  88352  88351  88350  88343  88338  88331  88307  88299  88298  88290  88259  88252  88245  88241  88232  88211  88208  88193  88172  88169  88163  88155  88129  88128  88126  88111  88103  88089  88071  88068  88062  88060  88053  88048  88047  88034  88017  88008  88004  88000  87983  87975  87973  87973  87961  87939  87938  87932  87922  87917  87891  87884  87880  
87877  87874  87851  87814  87802  87799  87785  87778  87772  87770  87754  87745  87732  87715  87694  87687  87666  87665  87665  87664  87663  87658  87656  87656  87653  87649  87647  87637  87630  87626  87617  87612  87606  87601  87588  87587  87578  87575  87564  87546  87544  87543  87519  87511  87505  87502  87492  87491  87481  87480  87423  87415  87381  87378  87358  87354  87332  87330  87323  87305  87296  87296  87294  87293  87278  87266  87265  87265  87261  87261  87259  87254  87243  87232  87229  
87220  87192  87185  87177  87162  87157  87156  87155  87144  87142  87122  87121  87087  87086  87071  87054  87048  87044  87035  87021  87019  87018  87012  87007  86999  86989  86988  86970  86958  86955  86949  86940  86911  86907  86902  86900  86893  86880  86876  86822  86812  86811  86805  86798  86788  86773  86766  86754  86747  86746  86741  86738  86716  86713  86712  86710  86702  86702  86697  86691  86680  86679  86673  86671  86671  86659  86624  86621  86610  86609  86599  86591  86575  86574  86559  
86549  86546  86542  86540  86527  86515  86512  86508  86485  86471  86452  86443  86443  86439  86436  86430  86428  86426  86424  86417  86412  86406  86406  86394  86390  86362  86360  86339  86310  86310  86304  86303  86283  86279  86265  86255  86217  86208  86183  86176  86150  86136  86106  86102  86096  86091  86066  86063  86062  86056  86055  86049  86032  86008  86005  86002  85992  85983  85974  85966  85960  85959  85954  85939  85917  85909  85866  85865  85843  85837  85829  85815  85812  85811  85782  
85781  85780  85770  85741  85733  85731  85727  85720  85716  85687  85684  85659  85654  85640  85628  85626  85621  85619  85608  85603  85599  85595  85593  85571  85569  85530  85530  85512  85512  85511  85498  85488  85487  85479  85473  85470  85463  85454  85442  85441  85423  85405  85374  85371  85370  85368  85366  85362  85333  85330  85320  85306  85292  85287  85239  85230  85229  85207  85187  85183  85173  85166  85143  85133  85133  85115  85099  85099  85068  85067  85063  85051  85046  85045  85037  
85034  85023  85015  85015  85007  84995  84967  84962  84951  84951  84950  84946  84941  84937  84923  84922  84916  84901  84900  84897  84873  84870  84865  84856  84854  84850  84836  84824  84800  84786  84783  84782  84782  84780  84774  84767  84752  84747  84745  84739  84730  84729  84716  84703  84701  84693  84667  84652  84651  84649  84649  84649  84627  84617  84616  84595  84575  84563  84563  84527  84526  84513  84511  84498  84490  84473  84468  84460  84432  84420  84415  84376  84370  84368  84361  
84352  84351  84350  84346  84322  84321  84321  84307  84287  84286  84263  84260  84240  84233  84219  84215  84205  84201  84197  84191  84186  84186  84185  84182  84172  84158  84150  84146  84126  84094  84086  84082  84075  84066  84051  84036  84028  84020  84019  84014  84012  84009  83976  83968  83963  83955  83944  83932  83931  83928  83923  83916  83906  83890  83890  83885  83883  83870  83867  83861  83844  83839  83837  83825  83820  83816  83804  83783  83782  83777  83756  83750  83738  83719  83707  
83699  83697  83658  83655  83655  83650  83646  83638  83634  83622  83620  83612  83605  83578  83572  83568  83555  83526  83525  83521  83508  83507  83503  83497  83493  83485  83472  83449  83448  83447  83445  83430  83429  83424  83417  83414  83408  83407  83407  83407  83384  83354  83339  83328  83327  83323  83308  83292  83288  83275  83275  83256  83237  83219  83215  83205  83202  83194  83188  83184  83179  83168  83159  83159  83156  83152  83150  83142  83139  83132  83130  83120  83107  83095  83082  
83072  83007  83001  82985  82983  82971  82956  82956  82949  82936  82903  82895  82890  82879  82878  82858  82842  82841  82836  82816  82815  82774  82769  82760  82744  82744  82727  82694  82675  82675  82666  82665  82661  82654  82650  82639  82625  82614  82612  82604  82587  82587  82586  82571  82549  82547  82537  82526  82516  82487  82472  82466  82456  82448  82447  82445  82445  82445  82437  82437  82436  82431  82419  82415  82408  82398  82377  82366  82365  82356  82334  82329  82301  82299  82288  
82284  82270  82268  82249  82242  82237  82148  82141  82134  82130  82085  82073  82058  82058  82056  82037  82012  82003  81997  81995  81990  81986  81977  81976  81911  81908  81903  81902  81901  81898  81896  81882  81871  81854  81848  81826  81821  81820  81799  81798  81790  81782  81775  81772  81772  81766  81738  81732  81724  81723  81721  81709  81708  81705  81704  81703  81676  81668  81662  81646  81632  81607  81603  81602  81597  81592  81589  81585  81582  81575  81567  81543  81536  81531  81515  
81514  81512  81510  81483  81477  81470  81460  81457  81455  81455  81451  81449  81445  81438  81396  81389  81385  81385  81381  81376  81363  81363  81346  81344  81336  81330  81324  81314  81282  81270  81262  81242  81224  81218  81218  81218  81198  81166  81158  81139  81122  81122  81109  81103  81098  81077  81076  81042  81026  81018  81010  81009  80993  80990  80987  80987  80977  80954  80953  80953  80952  80940  80936  80924  80920  80899  80898  80894  80875  80873  80873  80863  80836  80823  80816  
80809  80795  80787  80783  80774  80761  80757  80740  80734  80726  80712  80702  80676  80657  80656  80616  80613  80609  80605  80592  80570  80557  80555  80547  80532  80531  80495  80493  80484  80468  80460  80454  80426  80413  80411  80406  80391  80390  80377  80371  80356  80356  80337  80335  80330  80327  80321  80318  80317  80298  80287  80279  80270  80251  80244  80241  80210  80209  80206  80199  80194  80173  80152  80151  80138  80130  80117  80112  80100  80047  80028  80026  80018  80017  80016  
80014  79994  79994  79974  79973  79971  79970  79957  79944  79940  79935  79915  79903  79898  79890  79872  79865  79865  79863  79862  79861  79855  79854  79844  79840  79833  79823  79812  79810  79807  79799  79789  79786  79767  79765  79754  79748  79745  79739  79735  79734  79718  79704  79697  79696  79690  79676  79669  79658  79654  79645  79637  79636  79623  79621  79617  79590  79580  79569  79565  79558  79556  79537  79530  79528  79526  79524  79524  79511  79495  79493  79479  79450  79435  79431  
79425  79425  79411  79408  79395  79368  79364  79361  79347  79326  79322  79295  79277  79268  79265  79255  79248  79240  79235  79231  79229  79220  79211  79208  79195  79194  79183  79181  79179  79163  79162  79156  79145  79138  79136  79128  79115  79104  79100  79084  79080  79077  79077  79064  79058  79055  79049  78996  78982  78977  78951  78946  78942  78938  78936  78935  78925  78923  78920  78909  78887  78870  78865  78848  78838  78838  78837  78835  78816  78768  78759  78732  78731  78730  78704  
78693  78692  78686  78683  78665  78664  78643  78633  78629  78617  78606  78570  78566  78560  78559  78558  78554  78553  78542  78533  78532  78518  78505  78491  78486  78483  78475  78470  78468  78465  78464  78458  78455  78415  78408  78405  78403  78402  78401  78401  78392  78390  78388  78370  78365  78360  78354  78351  78350  78349  78344  78326  78324  78321  78319  78312  78288  78277  78273  78268  78265  78246  78241  78236  78233  78213  78209  78195  78181  78175  78160  78158  78131  78130  78124  
78113  78107  78096  78087  78085  78078  78075  78060  78050  78049  78047  78045  78037  78036  78031  78027  78006  78002  77998  77995  77990  77989  77987  77980  77978  77977  77923  77923  77922  77914  77913  77907  77903  77892  77889  77874  77872  77863  77856  77846  77833  77824  77818  77796  77787  77786  77786  77780  77777  77775  77764  77761  77761  77754  77742  77736  77728  77719  77716  77713  77708  77706  77695  77660  77658  77652  77637  77635  77620  77609  77606  77600  77588  77573  77569  
77567  77562  77559  77555  77552  77548  77538  77515  77503  77497  77496  77487  77487  77461  77460  77459  77453  77446  77446  77439  77438  77431  77417  77413  77409  77378  77378  77365  77355  77338  77336  77334  77326  77314  77314  77300  77292  77282  77279  77277  77275  77262  77260  77259  77239  77233  77216  77204  77188  77166  77166  77162  77161  77154  77148  77146  77134  77129  77127  77120  77116  77112  77112  77108  77105  77088  77082  77068  77054  77051  77035  76986  76983  76980  76970  
76961  76959  76953  76951  76948  76932  76920  76917  76910  76909  76905  76898  76878  76855  76846  76840  76820  76817  76801  76794  76733  76728  76711  76697  76693  76654  76653  76651  76646  76643  76631  76613  76613  76609  76587  76559  76549  76548  76529  76493  76484  76478  76466  76449  76444  76431  76415  76414  76400  76393  76389  76372  76362  76360  76359  76359  76359  76358  76337  76327  76320  76317  76316  76301  76301  76288  76280  76272  76271  76264  76246  76242  76235  76234  76233  
76222  76220  76210  76187  76179  76173  76173  76162  76159  76156  76154  76148  76147  76144  76120  76110  76109  76108  76103  76091  76080  76072  76065  76048  76042  76034  76027  76012  76009  76008  75996  75994  75969  75960  75930  75915  75912  75909  75905  75903  75883  75882  75881  75877  75868  75865  75864  75845  75844  75838  75832  75820  75818  75790  75786  75772  75769  75764  75760  75753  75735  75735  75730  75729  75722  75709  75690  75680  75673  75672  75661  75655  75647  75641  75635  
75622  75620  75616  75607  75606  75599  75590  75587  75583  75564  75560  75558  75552  75551  75550  75549  75543  75542  75537  75534  75532  75530  75527  75515  75502  75498  75491  75490  75482  75479  75477  75466  75453  75444  75432  75432  75429  75429  75408  75390  75384  75377  75375  75371  75360  75354  75354  75346  75341  75336  75323  75315  75311  75297  75283  75278  75272  75257  75255  75250  75239  75217  75207  75196  75175  75174  75167  75159  75150  75145  75135  75129  75125  75110  75109  
75098  75095  75092  75081  75077  75064  75064  75063  75061  75027  75013  75010  75009  75003  74995  74990  74976  74975  74955  74946  74942  74902  74889  74879  74873  74872  74870  74864  74861  74855  74853  74853  74850  74831  74827  74814  74807  74803  74800  74799  74791  74789  74768  74766  74728  74719  74709  74706  74698  74679  74677  74669  74665  74650  74649  74634  74628  74614  74614  74587  74581  74558  74545  74545  74504  74487  74485  74451  74436  74435  74434  74421  74420  74418  74415  
74414  74414  74413  74404  74401  74395  74378  74369  74365  74340  74340  74332  74328  74326  74319  74285  74274  74274  74268  74257  74254  74233  74229  74222  74221  74213  74209  74204  74200  74199  74196  74187  74182  74164  74153  74142  74133  74133  74123  74104  74102  74092  74084  74081  74076  74075  74073  74063  74062  74060  74056  74055  74045  74044  74031  74027  74021  74018  74013  73980  73972  73955  73953  73947  73946  73931  73923  73920  73898  73892  73890  73877  73866  73849  73831  
73820  73820  73818  73816  73811  73804  73791  73789  73789  73784  73777  73763  73759  73753  73748  73741  73740  73737  73720  73711  73711  73702  73701  73698  73697  73697  73695  73694  73680  73669  73666  73662  73624  73603  73601  73578  73555  73551  73550  73549  73549  73543  73527  73497  73491  73491  73485  73484  73480  73476  73471  73468  73453  73453  73437  73432  73421  73415  73414  73413  73407  73395  73394  73387  73371  73354  73351  73333  73330  73328  73309  73304  73298  73292  73288  
73287  73281  73272  73266  73257  73254  73240  73233  73228  73184  73157  73146  73145  73136  73135  73130  73093  73074  73073  73067  73066  73064  73062  73057  73054  73038  73023  73002  72990  72979  72970  72965  72964  72963  72941  72926  72915  72895  72883  72876  72874  72873  72847  72836  72829  72825  72815  72813  72807  72794  72793  72793  72789  72780  72776  72770  72769  72766  72762  72757  72733  72727  72714  72697  72694  72693  72689  72685  72685  72682  72679  72676  72670  72644  72625  
72621  72613  72607  72589  72584  72581  72580  72579  72578  72562  72552  72541  72534  72531  72528  72526  72522  72517  72508  72493  72490  72489  72489  72484  72482  72482  72477  72474  72461  72448  72436  72431  72393  72366  72346  72337  72300  72292  72289  72284  72266  72263  72261  72253  72243  72242  72240  72230  72229  72224  72211  72207  72207  72202  72189  72180  72167  72147  72144  72142  72141  72134  72129  72124  72109  72105  72104  72103  72086  72084  72056  72047  72041  72040  72022  
72018  72013  71992  71992  71987  71960  71956  71956  71949  71930  71900  71887  71878  71859  71840  71835  71833  71823  71821  71815  71806  71804  71801  71794  71793  71762  71758  71741  71732  71721  71716  71713  71691  71681  71656  71654  71636  71634  71633  71628  71626  71625  71604  71595  71584  71572  71560  71557  71537  71529  71521  71514  71511  71509  71501  71460  71443  71439  71435  71432  71413  71401  71373  71357  71354  71348  71342  71342  71337  71337  71322  71308  71305  71287  71285  
71282  71275  71255  71252  71241  71237  71221  71213  71210  71201  71183  71169  71155  71140  71138  71124  71119  71085  71075  71062  71061  71056  71044  71031  71021  71018  71017  71013  71011  71006  71004  70991  70987  70976  70976  70971  70967  70950  70950  70949  70949  70946  70941  70931  70929  70915  70913  70908  70902  70901  70887  70885  70883  70879  70872  70871  70844  70820  70819  70818  70818  70816  70815  70812  70810  70790  70777  70774  70738  70733  70730  70726  70719  70714  70706  
70684  70680  70680  70675  70665  70642  70633  70632  70628  70628  70628  70627  70626  70625  70617  70616  70615  70584  70583  70581  70580  70572  70551  70541  70530  70527  70497  70492  70479  70461  70408  70405  70395  70368  70335  70332  70330  70323  70315  70314  70314  70294  70289  70285  70272  70268  70241  70208  70182  70160  70159  70149  70149  70121  70115  70114  70104  70100  70081  70079  70075  70075  70075  70054  70049  70032  70030  70016  70007  69994  69991  69987  69986  69974  69956  
69947  69947  69943  69938  69918  69912  69908  69907  69896  69881  69876  69867  69855  69849  69845  69818  69813  69808  69800  69790  69782  69776  69771  69766  69763  69749  69737  69726  69723  69720  69713  69709  69700  69698  69670  69664  69662  69659  69657  69654  69646  69640  69639  69617  69615  69556  69541  69540  69506  69491  69490  69489  69465  69463  69459  69454  69454  69447  69441  69439  69439  69417  69414  69412  69409  69390  69385  69379  69358  69339  69335  69329  69323  69322  69319  
69313  69312  69303  69285  69284  69279  69270  69251  69249  69219  69219  69214  69198  69193  69189  69187  69178  69175  69170  69164  69161  69155  69152  69131  69116  69110  69103  69097  69090  69089  69081  69069  69068  69055  69054  69054  69052  69043  69043  69041  69033  69032  68980  68972  68970  68969  68947  68941  68938  68935  68915  68889  68887  68885  68880  68877  68857  68807  68772  68764  68759  68741  68740  68732  68719  68711  68687  68666  68649  68642  68635  68624  68618  68600  68585  
68583  68576  68567  68549  68530  68489  68488  68477  68446  68429  68412  68407  68396  68377  68365  68356  68356  68352  68344  68339  68338  68321  68319  68318  68308  68306  68289  68286  68281  68280  68280  68238  68234  68231  68230  68226  68198  68197  68195  68186  68162  68157  68157  68153  68151  68136  68109  68109  68091  68083  68079  68053  68046  68037  68033  68025  68020  68010  67988  67981  67977  67962  67951  67939  67937  67937  67933  67924  67920  67915  67914  67907  67905  67903  67902  
67883  67883  67873  67858  67857  67854  67850  67843  67840  67832  67832  67799  67777  67775  67766  67758  67751  67750  67740  67733  67711  67710  67707  67700  67695  67683  67678  67672  67663  67654  67652  67650  67634  67626  67613  67612  67577  67564  67556  67532  67531  67518  67506  67489  67484  67482  67467  67462  67451  67439  67430  67429  67425  67423  67423  67417  67415  67411  67396  67370  67351  67346  67335  67318  67298  67290  67284  67244  67241  67240  67235  67234  67228  67200  67191  
67180  67175  67171  67169  67158  67156  67144  67141  67140  67114  67105  67103  67072  67069  67057  67055  67024  67022  67012  67011  66999  66997  66991  66991  66987  66964  66952  66952  66951  66948  66943  66943  66942  66939  66939  66920  66920  66912  66910  66902  66896  66867  66866  66865  66859  66854  66831  66822  66812  66807  66807  66790  66758  66745  66743  66742  66741  66741  66736  66729  66704  66700  66684  66681  66669  66664  66636  66629  66624  66612  66605  66582  66576  66573  66569  
66544  66542  66541  66490  66455  66449  66441  66438  66434  66433  66402  66389  66385  66381  66372  66369  66366  66350  66343  66305  66248  66245  66233  66231  66212  66206  66203  66194  66192  66191  66168  66166  66152  66149  66131  66120  66119  66116  66112  66082  66081  66079  66070  66058  66058  66057  66054  66050  66037  66034  66031  66027  66026  66017  66014  66009  66007  66000  65998  65985  65978  65978  65974  65966  65958  65943  65942  65930  65878  65878  65869  65862  65862  65860  65828  
65827  65812  65809  65808  65801  65775  65766  65758  65746  65741  65740  65738  65723  65721  65719  65706  65687  65685  65679  65667  65635  65627  65625  65625  65622  65621  65618  65616  65605  65605  65602  65596  65596  65592  65574  65563  65551  65534  65526  65521  65497  65492  65488  65479  65476  65455  65444  65440  65436  65432  65422  65420  65419  65411  65400  65397  65396  65392  65389  65387  65386  65377  65356  65351  65350  65338  65330  65310  65283  65276  65263  65262  65261  65252  65243  
65242  65241  65235  65232  65219  65217  65202  65199  65189  65189  65180  65161  65152  65152  65148  65137  65136  65126  65115  65104  65094  65083  65068  65062  65037  65030  65022  65020  65014  65013  65012  65011  65005  65005  64995  64995  64987  64977  64958  64937  64930  64924  64923  64916  64907  64900  64894  64879  64876  64856  64848  64839  64822  64810  64793  64791  64776  64774  64755  64753  64744  64739  64729  64703  64692  64667  64661  64651  64633  64626  64619  64600  64586  64573  64548  
64548  64541  64535  64533  64531  64522  64515  64512  64503  64486  64450  64444  64440  64422  64421  64416  64403  64400  64386  64364  64345  64336  64328  64318  64317  64286  64277  64262  64242  64235  64226  64221  64218  64194  64194  64187  64164  64126  64101  64098  64095  64091  64087  64083  64083  64081  64078  64051  64045  64040  64034  64033  64024  64015  63972  63952  63919  63912  63899  63898  63897  63896  63880  63874  63861  63860  63858  63853  63835  63835  63833  63824  63813  63808  63808  
63804  63800  63769  63763  63755  63752  63747  63731  63729  63725  63720  63715  63714  63713  63706  63699  63693  63686  63683  63666  63653  63650  63644  63634  63633  63625  63610  63604  63589  63583  63582  63571  63566  63557  63550  63544  63542  63518  63502  63496  63495  63467  63465  63455  63442  63440  63432  63431  63425  63422  63419  63417  63414  63410  63384  63361  63356  63327  63297  63279  63268  63267  63266  63247  63245  63239  63236  63232  63216  63206  63181  63173  63173  63167  63164  
63163  63160  63155  63151  63139  63131  63124  63120  63099  63098  63096  63093  63040  63001  62999  62998  62994  62988  62982  62976  62967  62959  62957  62949  62914  62911  62908  62902  62896  62892  62891  62891  62886  62877  62875  62874  62868  62867  62861  62858  62837  62812  62804  62797  62779  62778  62775  62773  62761  62749  62744  62744  62740  62731  62726  62726  62720  62710  62705  62701  62685  62658  62654  62647  62645  62642  62640  62640  62630  62627  62612  62611  62611  62600  62595  
62584  62581  62570  62562  62560  62551  62550  62538  62538  62525  62521  62521  62515  62513  62505  62499  62495  62476  62470  62460  62435  62421  62415  62413  62406  62404  62403  62396  62374  62370  62357  62349  62347  62345  62331  62328  62323  62314  62314  62312  62279  62271  62256  62255  62219  62216  62214  62198  62179  62166  62153  62143  62139  62135  62128  62122  62117  62112  62107  62101  62088  62087  62062  62035  62033  62031  62020  62010  61984  61957  61949  61937  61919  61918  61917  
61892  61887  61881  61875  61874  61859  61838  61824  61822  61822  61782  61777  61773  61771  61763  61749  61749  61745  61745  61744  61724  61712  61695  61689  61688  61681  61668  61659  61655  61651  61647  61637  61633  61626  61614  61601  61598  61593  61588  61573  61567  61557  61540  61535  61531  61526  61517  61514  61509  61489  61488  61485  61441  61422  61422  61422  61421  61413  61412  61402  61389  61387  61387  61342  61336  61334  61319  61315  61300  61293  61292  61283  61248  61246  61234  
61225  61215  61214  61189  61186  61175  61145  61117  61106  61097  61087  61084  61079  61077  61076  61074  61066  61063  61061  61055  61052  61043  61043  61042  61026  61022  61012  60985  60967  60964  60904  60898  60886  60882  60859  60841  60833  60833  60831  60821  60820  60813  60797  60787  60786  60782  60780  60769  60750  60746  60709  60698  60683  60680  60670  60639  60623  60600  60581  60579  60566  60549  60542  60526  60514  60514  60512  60506  60504  60501  60493  60487  60470  60466  60459  
60435  60432  60425  60421  60413  60413  60383  60362  60361  60360  60360  60347  60335  60311  60308  60306  60289  60287  60284  60280  60267  60250  60242  60242  60231  60222  60216  60210  60210  60198  60182  60171  60159  60147  60144  60116  60098  60087  60087  60087  60086  60083  60064  60032  60002  59996  59990  59977  59965  59953  59944  59943  59936  59936  59924  59914  59907  59898  59879  59877  59867  59861  59860  59849  59848  59847  59807  59797  59789  59786  59783  59780  59769  59753  59751  
59748  59747  59746  59745  59743  59740  59738  59724  59721  59684  59678  59677  59667  59646  59624  59604  59603  59601  59600  59596  59593  59573  59564  59554  59548  59535  59527  59500  59499  59494  59483  59481  59480  59466  59462  59461  59460  59452  59439  59430  59425  59418  59411  59406  59398  59382  59380  59365  59360  59356  59348  59345  59328  59319  59309  59306  59278  59272  59270  59265  59265  59264  59260  59258  59251  59247  59239  59232  59219  59216  59215  59202  59194  59176  59172  
59131  59104  59103  59098  59096  59092  59030  59030  59028  58987  58985  58953  58947  58946  58944  58940  58931  58903  58881  58877  58875  58872  58866  58846  58831  58819  58817  58805  58799  58789  58773  58768  58760  58755  58751  58744  58743  58741  58729  58726  58710  58685  58685  58673  58664  58656  58640  58636  58620  58617  58599  58588  58585  58583  58573  58572  58563  58556  58555  58555  58529  58528  58526  58521  58502  58484  58481  58473  58464  58447  58435  58419  58405  58403  58402  
58379  58371  58363  58352  58347  58339  58332  58331  58319  58311  58305  58299  58281  58278  58263  58254  58244  58222  58198  58174  58145  58145  58141  58137  58124  58117  58116  58110  58080  58076  58064  58062  58043  58021  58019  57982  57982  57980  57950  57943  57936  57935  57931  57926  57918  57893  57890  57872  57869  57868  57852  57844  57843  57829  57827  57822  57809  57804  57804  57802  57795  57780  57779  57777  57766  57751  57741  57722  57720  57693  57691  57687  57686  57682  57653  
57635  57623  57608  57605  57602  57591  57591  57575  57567  57565  57561  57550  57546  57526  57526  57522  57521  57511  57504  57499  57497  57487  57474  57473  57470  57466  57455  57449  57442  57438  57423  57422  57410  57397  57394  57390  57376  57361  57358  57345  57342  57318  57312  57306  57296  57295  57282  57280  57278  57264  57264  57248  57246  57241  57201  57180  57173  57164  57132  57117  57086  57071  57062  57053  57051  57039  56993  56971  56964  56961  56943  56901  56881  56877  56873  
56871  56866  56864  56852  56851  56848  56812  56788  56785  56776  56769  56766  56761  56727  56708  56680  56674  56670  56660  56646  56629  56624  56616  56616  56612  56602  56581  56574  56567  56548  56545  56526  56524  56516  56515  56515  56499  56493  56492  56484  56474  56459  56446  56445  56430  56427  56409  56406  56399  56396  56387  56384  56368  56359  56358  56346  56342  56334  56329  56319  56315  56304  56298  56296  56293  56269  56252  56246  56242  56219  56215  56190  56177  56165  56163  
56159  56153  56140  56120  56111  56090  56070  56063  56032  56006  56003  56001  55993  55989  55936  55924  55920  55898  55871  55857  55856  55852  55818  55804  55799  55791  55790  55774  55758  55758  55751  55737  55729  55715  55705  55663  55646  55627  55625  55605  55598  55595  55590  55588  55583  55581  55573  55571  55570  55564  55561  55560  55559  55559  55548  55543  55540  55530  55530  55522  55519  55502  55501  55494  55467  55464  55456  55452  55451  55450  55436  55436  55426  55414  55407  
55404  55398  55394  55382  55361  55358  55317  55307  55303  55300  55299  55290  55282  55245  55219  55218  55212  55200  55197  55194  55178  55178  55163  55141  55101  55093  55087  55076  55075  55068  55065  55054  55053  55051  55048  55039  55028  55017  55010  54993  54992  54992  54986  54976  54941  54926  54923  54915  54904  54898  54895  54880  54873  54872  54863  54862  54851  54843  54839  54826  54821  54820  54816  54808  54807  54797  54785  54775  54768  54767  54752  54741  54741  54715  54707  
54697  54694  54672  54663  54663  54657  54655  54655  54645  54640  54637  54636  54633  54632  54625  54621  54618  54614  54612  54601  54596  54585  54581  54566  54536  54533  54533  54524  54497  54484  54482  54480  54479  54459  54459  54451  54442  54439  54421  54411  54411  54410  54405  54401  54396  54395  54385  54383  54378  54377  54359  54304  54285  54282  54273  54272  54271  54254  54254  54254  54245  54244  54241  54237  54232  54228  54227  54209  54197  54193  54188  54187  54160  54155  54155  
54142  54128  54123  54121  54115  54102  54102  54101  54089  54077  54059  54056  54049  54046  54025  54021  54011  53995  53987  53981  53973  53972  53963  53961  53921  53919  53912  53904  53890  53869  53860  53843  53840  53826  53815  53786  53784  53781  53778  53765  53753  53735  53731  53725  53719  53719  53712  53709  53689  53685  53681  53671  53665  53662  53659  53655  53650  53630  53620  53602  53601  53587  53579  53577  53538  53527  53526  53505  53489  53488  53465  53460  53459  53459  53457  
53445  53425  53422  53414  53377  53377  53364  53353  53352  53351  53338  53335  53334  53327  53307  53304  53290  53288  53278  53259  53236  53236  53225  53223  53215  53204  53197  53196  53195  53188  53188  53177  53168  53153  53150  53145  53133  53133  53130  53127  53126  53118  53117  53108  53107  53106  53104  53087  53077  53058  53057  53052  53045  53036  53032  53020  53015  53009  53003  52998  52998  52979  52965  52955  52947  52945  52935  52933  52917  52914  52892  52864  52847  52833  52832  
52821  52818  52817  52813  52797  52783  52777  52775  52760  52759  52754  52753  52745  52743  52734  52726  52714  52705  52702  52699  52694  52692  52689  52683  52682  52672  52671  52669  52664  52655  52644  52640  52628  52611  52605  52602  52589  52569  52538  52527  52521  52508  52499  52496  52494  52494  52485  52473  52465  52463  52462  52460  52460  52451  52451  52447  52444  52439  52426  52419  52413  52411  52410  52408  52398  52398  52391  52361  52359  52358  52342  52342  52341  52331  52326  
52318  52318  52308  52302  52296  52293  52271  52268  52266  52245  52243  52232  52232  52221  52220  52215  52202  52198  52197  52169  52167  52155  52112  52107  52089  52081  52066  52051  52040  52032  52032  52028  52005  51997  51994  51991  51977  51975  51969  51948  51940  51928  51928  51904  51894  51887  51881  51875  51864  51857  51822  51822  51795  51795  51795  51785  51775  51770  51759  51755  51754  51740  51737  51734  51721  51706  51706  51703  51677  51669  51638  51637  51636  51635  51629  
51620  51615  51612  51603  51599  51596  51587  51582  51570  51569  51567  51554  51549  51541  51534  51528  51514  51511  51495  51492  51474  51471  51462  51451  51450  51446  51436  51433  51432  51430  51427  51421  51415  51410  51410  51410  51404  51398  51388  51378  51377  51373  51364  51348  51342  51339  51338  51327  51318  51310  51297  51287  51280  51277  51276  51276  51272  51266  51263  51244  51241  51235  51230  51224  51205  51204  51198  51190  51184  51182  51180  51180  51176  51165  51148  
51146  51127  51112  51104  51103  51077  51077  51076  51074  51068  51064  51040  51039  51038  51036  51032  51006  50961  50947  50936  50930  50924  50914  50913  50911  50908  50904  50874  50872  50866  50858  50841  50823  50797  50786  50767  50753  50743  50736  50711  50705  50703  50701  50693  50690  50689  50688  50686  50666  50653  50649  50645  50637  50621  50620  50616  50616  50615  50613  50598  50591  50578  50542  50534  50524  50505  50494  50477  50467  50461  50458  50458  50436  50426  50419  
50414  50407  50390  50370  50360  50358  50353  50348  50342  50296  50295  50287  50281  50280  50277  50269  50265  50254  50247  50240  50239  50229  50227  50220  50219  50210  50203  50201  50195  50193  50184  50181  50176  50159  50135  50127  50118  50115  50114  50112  50107  50107  50099  50076  50075  50071  50069  50069  50068  50064  50058  50042  50021  50017  50013  50010  49992  49981  49981  49978  49966  49955  49936  49932  49913  49909  49897  49896  49894  49878  49876  49873  49861  49851  49850  
49850  49831  49830  49822  49816  49811  49804  49786  49771  49765  49762  49737  49737  49722  49714  49692  49691  49690  49683  49675  49675  49664  49657  49655  49626  49619  49616  49614  49611  49607  49604  49601  49588  49587  49581  49567  49563  49551  49550  49546  49535  49528  49525  49511  49510  49499  49498  49495  49490  49487  49483  49479  49454  49428  49423  49409  49405  49390  49383  49361  49268  49267  49221  49199  49176  49175  49174  49168  49154  49146  49126  49124  49109  49106  49070  
49044  49027  49024  48997  48991  48981  48961  48960  48958  48957  48949  48948  48942  48927  48916  48905  48904  48902  48885  48874  48841  48833  48820  48815  48787  48764  48742  48742  48741  48693  48674  48666  48653  48647  48643  48639  48639  48639  48636  48631  48622  48621  48592  48586  48585  48578  48554  48541  48534  48532  48531  48531  48531  48518  48515  48501  48501  48500  48480  48474  48471  48466  48466  48439  48439  48429  48413  48404  48403  48396  48380  48378  48358  48356  48337  
48316  48309  48306  48291  48277  48274  48266  48265  48246  48238  48234  48229  48227  48226  48225  48216  48216  48209  48208  48193  48181  48180  48171  48168  48153  48146  48142  48131  48055  48054  48050  48048  48044  48032  48026  48013  48003  47989  47972  47957  47918  47910  47890  47888  47882  47867  47861  47855  47850  47826  47814  47811  47805  47790  47779  47767  47739  47711  47694  47684  47668  47635  47611  47602  47590  47590  47580  47577  47572  47561  47552  47534  47520  47519  47512  
47504  47477  47461  47457  47455  47454  47442  47442  47439  47439  47398  47385  47358  47358  47356  47351  47349  47349  47334  47329  47327  47316  47307  47298  47292  47269  47260  47257  47256  47252  47226  47212  47209  47198  47196  47195  47190  47169  47165  47165  47158  47151  47143  47142  47141  47134  47129  47126  47112  47110  47108  47096  47091  47083  47073  47048  47044  47037  47032  47005  46970  46961  46957  46952  46949  46946  46945  46943  46939  46936  46919  46912  46910  46900  46893  
46890  46887  46878  46873  46863  46830  46830  46830  46828  46825  46825  46789  46782  46773  46766  46762  46753  46752  46748  46741  46737  46735  46727  46703  46688  46681  46666  46661  46660  46660  46655  46630  46624  46620  46620  46616  46614  46608  46600  46586  46581  46548  46547  46540  46539  46538  46524  46522  46520  46483  46469  46457  46455  46441  46435  46432  46432  46424  46411  46409  46399  46371  46360  46355  46353  46351  46343  46308  46304  46299  46293  46290  46258  46244  46236  
46232  46214  46210  46204  46195  46190  46168  46159  46153  46147  46137  46134  46112  46112  46103  46098  46093  46070  46065  46057  46053  46022  46020  46015  46006  45980  45964  45951  45942  45925  45923  45915  45914  45914  45907  45897  45887  45887  45886  45878  45874  45871  45869  45866  45825  45811  45807  45798  45790  45782  45777  45775  45759  45743  45739  45736  45728  45700  45694  45693  45692  45682  45674  45670  45663  45652  45638  45633  45624  45623  45616  45606  45604  45600  45597  
45584  45575  45563  45560  45559  45551  45548  45545  45537  45535  45533  45532  45529  45528  45524  45512  45507  45484  45477  45461  45457  45448  45437  45435  45431  45429  45427  45403  45382  45367  45339  45339  45339  45328  45326  45324  45310  45309  45308  45304  45292  45286  45270  45260  45257  45250  45249  45246  45245  45242  45228  45216  45201  45198  45195  45192  45176  45172  45154  45143  45122  45112  45105  45096  45095  45087  45084  45077  45072  45070  45056  45037  45033  45032  45023  
45019  45008  45007  44994  44987  44946  44929  44927  44924  44916  44913  44895  44888  44886  44882  44882  44867  44866  44850  44836  44830  44804  44801  44793  44790  44779  44775  44766  44736  44724  44718  44716  44708  44705  44703  44701  44694  44690  44632  44617  44616  44602  44594  44588  44579  44573  44565  44563  44548  44542  44540  44532  44530  44519  44508  44504  44501  44500  44493  44482  44479  44479  44472  44466  44429  44427  44425  44395  44387  44386  44381  44377  44373  44365  44352  
44342  44341  44334  44322  44304  44251  44250  44250  44233  44232  44232  44229  44223  44219  44207  44203  44195  44194  44194  44183  44155  44144  44140  44139  44125  44115  44113  44111  44093  44092  44068  44049  44043  44029  44028  44022  44005  44004  44000  43996  43958  43945  43922  43922  43918  43909  43909  43907  43906  43899  43893  43886  43880  43878  43868  43866  43864  43852  43847  43840  43833  43832  43818  43808  43805  43784  43781  43779  43764  43753  43742  43740  43718  43714  43711  
43707  43706  43698  43686  43684  43681  43679  43662  43652  43626  43616  43605  43600  43596  43569  43564  43564  43560  43530  43529  43503  43494  43486  43474  43466  43458  43453  43453  43446  43431  43428  43419  43413  43405  43381  43364  43360  43355  43338  43337  43313  43300  43300  43287  43264  43261  43252  43244  43241  43234  43234  43216  43214  43199  43194  43187  43187  43162  43154  43142  43131  43131  43116  43093  43083  43063  43055  43053  43052  43051  43041  43031  43028  43014  43008  
42988  42986  42977  42973  42964  42958  42937  42922  42910  42904  42890  42889  42887  42878  42873  42856  42845  42842  42839  42836  42831  42807  42801  42800  42797  42795  42787  42773  42760  42749  42748  42735  42731  42723  42722  42719  42715  42693  42686  42676  42668  42655  42650  42636  42631  42631  42630  42628  42623  42622  42596  42583  42576  42571  42567  42564  42559  42543  42532  42528  42506  42505  42502  42488  42480  42469  42465  42454  42424  42424  42422  42412  42400  42395  42393  
42390  42379  42358  42352  42351  42342  42326  42313  42310  42290  42281  42258  42258  42256  42245  42243  42242  42235  42195  42194  42192  42181  42180  42179  42165  42161  42157  42151  42144  42140  42116  42098  42087  42061  42055  42054  42043  42042  42011  42010  41991  41990  41984  41984  41979  41975  41975  41958  41957  41954  41952  41937  41933  41932  41930  41929  41925  41912  41905  41904  41873  41854  41832  41821  41821  41820  41807  41802  41769  41766  41763  41762  41759  41753  41751  
41746  41738  41719  41702  41702  41695  41695  41652  41635  41613  41613  41607  41602  41593  41592  41588  41570  41560  41550  41545  41527  41501  41486  41484  41480  41470  41463  41440  41434  41432  41405  41403  41403  41401  41379  41379  41373  41368  41358  41355  41350  41345  41343  41341  41326  41317  41309  41298  41281  41274  41263  41248  41246  41239  41236  41227  41181  41178  41176  41171  41160  41156  41156  41132  41122  41120  41106  41097  41074  41038  41012  41003  41001  40995  40985  
40965  40951  40942  40932  40925  40919  40913  40903  40897  40874  40871  40867  40866  40860  40850  40844  40835  40833  40819  40814  40805  40798  40777  40773  40750  40747  40741  40729  40723  40720  40697  40683  40668  40657  40651  40648  40645  40634  40632  40601  40584  40572  40567  40552  40539  40530  40524  40497  40475  40468  40456  40419  40418  40405  40403  40398  40387  40383  40377  40368  40357  40356  40354  40342  40328  40328  40324  40322  40320  40306  40295  40285  40278  40248  40247  
40247  40222  40210  40202  40186  40154  40148  40143  40140  40126  40118  40105  40099  40098  40098  40090  40079  40078  40074  40054  40051  40050  40046  40041  40019  40016  40015  39993  39993  39993  39988  39966  39949  39940  39911  39895  39881  39880  39835  39805  39801  39799  39770  39763  39759  39753  39746  39742  39711  39701  39695  39689  39683  39672  39663  39660  39652  39627  39617  39609  39598  39591  39588  39577  39569  39563  39563  39542  39528  39508  39469  39457  39449  39430  39416  
39415  39383  39378  39371  39357  39349  39336  39329  39325  39324  39318  39301  39298  39285  39278  39277  39276  39252  39247  39225  39221  39220  39218  39214  39201  39177  39148  39140  39139  39114  39083  39075  39060  39052  39030  39017  39017  39015  39009  39007  39002  39001  39000  39000  38993  38963  38961  38946  38941  38933  38932  38932  38928  38917  38916  38910  38906  38904  38900  38870  38865  38860  38851  38849  38839  38811  38806  38806  38802  38796  38789  38771  38761  38754  38747  
38743  38720  38713  38703  38690  38676  38662  38661  38660  38648  38646  38633  38631  38624  38614  38575  38566  38561  38550  38550  38550  38541  38541  38533  38529  38528  38513  38497  38493  38471  38468  38448  38448  38446  38430  38415  38413  38410  38410  38400  38395  38391  38328  38318  38310  38294  38290  38278  38265  38262  38258  38223  38219  38169  38161  38158  38151  38149  38130  38114  38104  38101  38093  38082  38068  38064  38060  38051  38041  38029  38026  38017  38010  38005  38004  
38003  37994  37981  37969  37966  37958  37939  37928  37923  37921  37910  37909  37905  37894  37894  37889  37885  37877  37863  37859  37847  37845  37836  37828  37826  37804  37803  37803  37803  37796  37796  37794  37785  37784  37776  37753  37722  37719  37718  37718  37713  37709  37703  37694  37689  37655  37643  37620  37619  37619  37619  37606  37603  37577  37576  37575  37539  37514  37510  37509  37508  37503  37498  37497  37480  37466  37445  37435  37434  37426  37418  37408  37394  37392  37389  
37387  37386  37379  37366  37359  37346  37345  37330  37329  37328  37323  37321  37292  37280  37261  37253  37253  37245  37218  37217  37212  37189  37186  37184  37175  37167  37166  37149  37141  37137  37124  37103  37098  37093  37085  37078  37057  37055  37054  37048  37047  37006  36952  36952  36943  36913  36878  36876  36866  36862  36852  36834  36816  36806  36805  36803  36786  36776  36772  36771  36753  36722  36713  36702  36701  36699  36641  36638  36634  36633  36617  36608  36604  36598  36596  
36580  36579  36567  36553  36546  36540  36526  36506  36497  36495  36479  36477  36477  36466  36465  36465  36457  36447  36442  36414  36392  36376  36361  36353  36311  36309  36306  36301  36295  36258  36247  36242  36239  36233  36231  36222  36219  36214  36213  36212  36212  36209  36206  36202  36200  36199  36199  36177  36167  36165  36150  36145  36140  36126  36125  36124  36120  36117  36116  36093  36093  36090  36036  36008  36007  36001  35998  35997  35997  35990  35983  35982  35975  35973  35949  
35941  35918  35915  35913  35909  35894  35887  35877  35875  35864  35864  35861  35852  35849  35848  35817  35812  35811  35806  35802  35801  35797  35796  35790  35779  35777  35764  35757  35755  35753  35730  35703  35703  35703  35701  35656  35617  35589  35588  35559  35551  35532  35515  35509  35485  35481  35456  35452  35451  35435  35429  35424  35415  35409  35407  35380  35379  35378  35371  35356  35351  35338  35329  35327  35319  35317  35311  35298  35294  35288  35285  35273  35269  35262  35259  
35235  35229  35228  35212  35200  35198  35189  35166  35151  35150  35149  35147  35146  35144  35138  35102  35098  35090  35080  35065  35056  35025  35022  35005  35004  34995  34945  34903  34886  34877  34877  34872  34860  34856  34846  34838  34829  34826  34809  34808  34788  34771  34769  34768  34757  34751  34744  34741  34739  34703  34685  34680  34678  34672  34665  34663  34646  34627  34624  34618  34597  34586  34580  34573  34568  34558  34556  34556  34533  34493  34491  34480  34478  34429  34425  
34421  34407  34396  34393  34375  34368  34362  34307  34307  34305  34297  34249  34216  34207  34205  34204  34204  34191  34184  34182  34170  34170  34164  34162  34132  34124  34117  34116  34111  34108  34100  34084  34081  34080  34069  34036  34025  34020  33977  33959  33958  33949  33945  33940  33926  33920  33914  33907  33901  33873  33860  33856  33848  33844  33841  33812  33795  33783  33777  33750  33723  33684  33678  33677  33674  33666  33631  33623  33614  33606  33603  33597  33596  33588  33587  
33575  33574  33573  33567  33561  33553  33553  33550  33549  33544  33544  33543  33539  33498  33494  33479  33469  33467  33461  33440  33417  33402  33398  33394  33378  33377  33374  33361  33329  33329  33307  33278  33269  33268  33259  33257  33254  33254  33236  33215  33212  33210  33208  33203  33200  33199  33174  33165  33164  33140  33128  33114  33109  33108  33096  33095  33081  33073  33070  33058  33044  33039  33022  32993  32985  32973  32968  32957  32954  32953  32940  32938  32938  32934  32931  
32918  32905  32903  32862  32861  32859  32859  32858  32854  32852  32825  32825  32791  32788  32768  32751  32734  32734  32729  32725  32722  32721  32712  32704  32701  32686  32669  32666  32660  32651  32646  32637  32636  32622  32621  32619  32610  32597  32586  32578  32576  32573  32568  32546  32540  32531  32528  32527  32514  32512  32509  32488  32462  32459  32454  32453  32448  32448  32448  32442  32438  32423  32420  32416  32409  32369  32368  32357  32352  32337  32334  32326  32326  32323  32265  
32257  32249  32241  32229  32226  32225  32223  32223  32208  32204  32202  32197  32193  32191  32184  32175  32170  32166  32136  32135  32120  32105  32097  32094  32076  32075  32074  32061  32049  32049  32043  32034  32033  32011  31988  31986  31982  31978  31968  31966  31963  31962  31962  31960  31957  31953  31939  31929  31927  31911  31910  31908  31896  31880  31879  31853  31833  31828  31795  31778  31767  31752  31742  31733  31725  31724  31719  31719  31699  31697  31685  31681  31671  31670  31658  
31655  31654  31654  31652  31642  31640  31637  31637  31635  31632  31632  31627  31623  31621  31617  31610  31606  31599  31591  31590  31587  31583  31572  31569  31565  31547  31540  31537  31536  31520  31513  31513  31511  31480  31478  31475  31462  31461  31437  31428  31423  31404  31397  31396  31374  31356  31346  31338  31321  31304  31277  31267  31262  31261  31259  31253  31245  31223  31214  31201  31198  31188  31185  31183  31157  31154  31150  31144  31140  31131  31115  31114  31111  31083  31082  
31082  31078  31073  31052  31048  31027  31027  30994  30988  30980  30969  30959  30931  30925  30920  30890  30889  30883  30878  30859  30846  30844  30812  30811  30796  30795  30793  30788  30775  30768  30768  30753  30743  30733  30725  30723  30716  30715  30715  30707  30707  30705  30701  30697  30692  30690  30657  30649  30649  30643  30641  30620  30615  30609  30602  30597  30580  30575  30562  30560  30547  30545  30530  30529  30508  30490  30484  30483  30481  30479  30472  30470  30469  30463  30461  
30459  30441  30438  30421  30421  30409  30403  30399  30392  30386  30362  30328  30328  30314  30289  30275  30274  30266  30264  30263  30235  30233  30218  30207  30191  30178  30160  30145  30137  30131  30127  30117  30099  30097  30088  30080  30080  30077  30069  30059  30055  30044  30041  30037  30033  30030  30022  30015  30008  30005  30004  30003  29995  29989  29970  29969  29957  29957  29954  29949  29935  29921  29908  29902  29864  29858  29847  29846  29843  29805  29803  29803  29786  29780  29767  
29766  29761  29753  29750  29748  29746  29742  29742  29741  29739  29736  29727  29724  29715  29697  29687  29686  29675  29656  29643  29641  29631  29619  29609  29607  29600  29595  29570  29568  29563  29551  29545  29534  29533  29530  29524  29514  29504  29502  29500  29495  29490  29484  29484  29482  29476  29466  29464  29459  29451  29448  29423  29421  29410  29400  29397  29382  29375  29374  29369  29365  29353  29335  29333  29301  29290  29284  29281  29266  29228  29219  29214  29203  29152  29140  
29140  29138  29123  29117  29092  29092  29089  29084  29074  29068  29063  29045  29037  29035  29034  29028  29027  29025  29017  29011  29006  28977  28975  28971  28961  28960  28941  28930  28918  28909  28903  28895  28887  28885  28857  28855  28852  28851  28822  28810  28793  28790  28786  28727  28726  28724  28700  28690  28682  28668  28663  28651  28632  28632  28629  28629  28623  28620  28616  28600  28595  28582  28573  28565  28532  28529  28524  28502  28502  28497  28493  28474  28462  28450  28443  
28437  28433  28423  28416  28407  28392  28392  28389  28388  28382  28360  28333  28328  28316  28310  28299  28267  28261  28260  28258  28258  28256  28248  28246  28243  28239  28220  28207  28205  28204  28195  28178  28173  28170  28164  28163  28161  28154  28151  28121  28106  28101  28088  28083  28077  28061  28049  28036  28024  28023  28020  28009  27992  27981  27955  27939  27921  27918  27907  27902  27894  27889  27884  27882  27878  27853  27844  27823  27814  27800  27792  27786  27760  27751  27744  
27732  27731  27731  27726  27720  27705  27702  27681  27678  27657  27647  27645  27642  27629  27613  27602  27602  27601  27556  27544  27513  27511  27505  27500  27495  27489  27484  27467  27402  27401  27395  27377  27354  27351  27346  27344  27340  27333  27317  27316  27313  27313  27307  27303  27300  27278  27265  27258  27257  27256  27241  27237  27231  27228  27216  27204  27200  27185  27171  27171  27170  27169  27146  27118  27102  27099  27095  27084  27073  27073  27069  26996  26987  26975  26971  
26962  26952  26932  26931  26927  26917  26911  26895  26883  26857  26843  26840  26840  26803  26760  26752  26748  26744  26738  26730  26717  26693  26685  26682  26676  26668  26653  26635  26631  26623  26618  26609  26607  26604  26602  26598  26591  26578  26571  26556  26550  26519  26512  26497  26496  26489  26489  26488  26486  26469  26468  26467  26452  26434  26405  26393  26386  26371  26370  26361  26360  26348  26346  26346  26334  26333  26315  26310  26296  26294  26293  26290  26289  26284  26283  
26274  26270  26267  26267  26259  26248  26242  26195  26195  26185  26166  26133  26114  26104  26100  26099  26095  26079  26069  26065  26037  26032  26030  26018  26018  26017  26004  26002  25997  25974  25948  25948  25934  25912  25912  25908  25908  25891  25887  25887  25874  25873  25865  25862  25855  25855  25847  25844  25843  25841  25818  25816  25813  25806  25804  25799  25795  25784  25777  25773  25768  25765  25763  25759  25750  25727  25722  25721  25710  25677  25675  25653  25651  25636  25616  
25605  25580  25580  25579  25576  25572  25551  25550  25549  25534  25514  25513  25503  25495  25488  25487  25487  25484  25478  25457  25454  25448  25447  25447  25444  25442  25433  25430  25421  25399  25397  25386  25381  25377  25369  25363  25359  25347  25314  25311  25306  25305  25296  25287  25268  25257  25247  25246  25232  25230  25219  25217  25213  25208  25192  25188  25172  25104  25083  25079  25076  25073  25069  25063  25062  25061  25047  25045  25044  25035  25034  25031  25028  25018  24983  
24981  24966  24960  24948  24945  24943  24927  24923  24923  24915  24913  24912  24904  24899  24894  24891  24881  24880  24876  24869  24852  24846  24846  24845  24839  24836  24830  24805  24801  24793  24791  24784  24771  24765  24764  24739  24737  24735  24731  24716  24711  24708  24707  24702  24700  24698  24679  24672  24668  24664  24660  24652  24626  24618  24615  24603  24602  24583  24582  24580  24580  24577  24564  24558  24555  24549  24545  24545  24527  24514  24505  24468  24463  24457  24452  
24426  24425  24422  24421  24416  24401  24392  24389  24370  24351  24331  24327  24312  24301  24295  24288  24277  24271  24256  24254  24250  24249  24248  24245  24242  24227  24220  24219  24219  24202  24194  24178  24172  24152  24147  24125  24120  24118  24104  24103  24100  24092  24079  24060  24043  24041  24040  24034  24014  24014  24005  23983  23976  23974  23962  23956  23954  23950  23941  23932  23918  23911  23908  23904  23884  23872  23869  23864  23853  23852  23839  23836  23822  23812  23810  
23799  23798  23793  23778  23764  23753  23740  23735  23724  23714  23714  23709  23705  23696  23694  23690  23681  23674  23629  23628  23615  23615  23608  23605  23602  23602  23598  23594  23585  23582  23581  23573  23571  23564  23547  23542  23541  23541  23527  23526  23525  23523  23516  23506  23503  23502  23491  23471  23439  23437  23427  23423  23413  23407  23406  23404  23381  23365  23335  23314  23280  23278  23266  23264  23261  23248  23248  23238  23229  23222  23190  23182  23180  23177  23175  
23166  23166  23162  23158  23108  23108  23093  23058  23054  23035  23029  23026  23024  23017  23014  23005  23001  22999  22987  22978  22978  22973  22973  22970  22966  22934  22917  22916  22915  22890  22873  22870  22866  22863  22844  22839  22823  22802  22785  22782  22781  22768  22767  22766  22744  22740  22734  22729  22726  22724  22721  22720  22715  22708  22681  22680  22674  22673  22667  22666  22661  22630  22630  22626  22626  22624  22623  22622  22610  22572  22563  22557  22555  22525  22521  
22507  22493  22491  22489  22482  22455  22440  22430  22429  22396  22394  22384  22382  22382  22381  22377  22368  22357  22331  22301  22299  22282  22277  22253  22249  22245  22232  22222  22203  22182  22177  22175  22171  22148  22130  22128  22128  22124  22109  22103  22088  22088  22081  22079  22079  22071  22069  22059  22057  22050  22047  22045  21997  21991  21990  21988  21982  21975  21970  21961  21958  21958  21937  21932  21929  21922  21908  21891  21887  21871  21846  21819  21812  21791  21789  
21785  21785  21774  21764  21760  21758  21740  21737  21731  21724  21708  21705  21704  21699  21653  21645  21640  21630  21599  21569  21564  21555  21555  21542  21525  21525  21515  21504  21497  21493  21485  21481  21471  21471  21471  21462  21450  21445  21444  21431  21427  21425  21412  21411  21399  21397  21391  21369  21368  21352  21349  21336  21331  21307  21303  21293  21272  21255  21240  21238  21225  21225  21216  21210  21208  21196  21171  21159  21159  21156  21145  21145  21124  21119  21106  
21098  21081  21076  21074  21061  21060  21053  21037  21035  21032  21020  21016  21015  20999  20995  20985  20949  20934  20929  20927  20919  20918  20916  20909  20906  20901  20896  20885  20883  20839  20831  20826  20823  20817  20798  20792  20774  20754  20734  20731  20724  20723  20712  20700  20687  20672  20670  20635  20622  20609  20604  20603  20595  20592  20592  20585  20556  20555  20550  20535  20520  20518  20505  20505  20500  20492  20482  20478  20475  20474  20466  20460  20459  20457  20455  
20444  20420  20393  20372  20369  20362  20354  20343  20339  20333  20320  20319  20301  20282  20272  20267  20224  20221  20219  20202  20201  20195  20183  20171  20160  20151  20145  20130  20120  20086  20074  20059  20057  20055  20049  20044  20037  20007  19992  19980  19978  19978  19977  19967  19957  19956  19955  19953  19952  19949  19947  19944  19928  19922  19913  19908  19908  19879  19856  19841  19810  19783  19779  19749  19711  19689  19687  19657  19651  19650  19645  19641  19639  19632  19623  
19616  19595  19592  19580  19564  19560  19551  19546  19531  19528  19502  19497  19492  19485  19482  19481  19476  19463  19452  19438  19435  19414  19414  19413  19408  19406  19406  19395  19383  19369  19365  19364  19345  19313  19308  19307  19296  19284  19279  19276  19274  19259  19254  19252  19252  19246  19246  19237  19233  19231  19223  19208  19205  19203  19198  19195  19165  19155  19148  19147  19145  19134  19131  19127  19127  19102  19092  19090  19073  19064  19062  19059  19053  19048  19037  
19023  19015  19006  18993  18968  18959  18955  18948  18940  18929  18916  18911  18903  18900  18895  18873  18862  18862  18858  18857  18819  18815  18814  18808  18782  18778  18767  18764  18754  18752  18750  18745  18725  18723  18697  18696  18695  18688  18680  18675  18666  18661  18655  18638  18638  18629  18621  18616  18605  18601  18592  18585  18583  18583  18571  18567  18561  18561  18556  18554  18518  18517  18516  18512  18498  18488  18466  18459  18459  18450  18450  18447  18447  18435  18434  
18433  18429  18427  18416  18411  18383  18379  18379  18372  18358  18350  18344  18338  18322  18303  18298  18282  18279  18267  18265  18257  18246  18245  18243  18242  18219  18218  18207  18203  18183  18180  18177  18136  18123  18115  18100  18099  18098  18088  18083  18083  18062  18057  18045  18030  18030  18017  18014  18008  17976  17969  17961  17951  17950  17941  17937  17924  17921  17916  17911  17885  17869  17851  17848  17824  17824  17822  17773  17758  17757  17730  17725  17715  17703  17700  
17689  17688  17674  17661  17644  17641  17635  17632  17632  17625  17596  17592  17575  17573  17544  17535  17503  17478  17474  17472  17472  17466  17451  17451  17449  17448  17429  17401  17399  17370  17346  17343  17334  17331  17321  17317  17312  17273  17268  17265  17254  17250  17249  17247  17244  17233  17215  17192  17181  17174  17165  17163  17161  17147  17144  17140  17127  17117  17104  17089  17086  17085  17082  17080  17076  17074  17059  17058  17050  17047  17047  17046  17042  17039  17032  
17030  17024  17016  17006  16988  16983  16982  16960  16953  16951  16927  16925  16915  16907  16903  16897  16867  16861  16842  16814  16799  16785  16769  16756  16755  16754  16717  16701  16693  16690  16688  16673  16658  16657  16649  16643  16612  16607  16599  16595  16589  16588  16576  16571  16570  16566  16563  16562  16561  16555  16551  16541  16535  16533  16505  16467  16464  16455  16450  16447  16442  16435  16419  16404  16393  16380  16379  16374  16364  16316  16304  16297  16295  16285  16276  
16268  16264  16258  16253  16240  16234  16232  16221  16217  16217  16215  16212  16209  16206  16201  16185  16174  16171  16155  16141  16138  16133  16130  16120  16114  16111  16080  16078  16073  16066  16062  16033  16018  16009  15992  15972  15971  15955  15947  15945  15933  15933  15917  15916  15913  15911  15904  15902  15901  15894  15887  15880  15874  15865  15865  15864  15863  15857  15856  15856  15856  15853  15837  15833  15831  15800  15797  15785  15783  15782  15772  15766  15763  15757  15755  
15752  15731  15728  15719  15715  15700  15699  15680  15678  15671  15667  15665  15655  15649  15636  15636  15635  15629  15624  15601  15599  15597  15587  15565  15560  15551  15530  15510  15479  15478  15468  15460  15433  15424  15394  15388  15385  15375  15371  15368  15367  15367  15338  15321  15310  15307  15296  15284  15277  15270  15268  15260  15226  15219  15205  15205  15205  15202  15200  15199  15185  15184  15176  15161  15149  15148  15144  15144  15144  15143  15135  15123  15092  15087  15078  
15067  15066  15047  15032  15011  15010  14999  14998  14973  14970  14954  14943  14928  14927  14903  14900  14895  14879  14867  14863  14863  14856  14846  14844  14843  14831  14819  14814  14813  14810  14790  14775  14768  14759  14758  14751  14748  14742  14737  14719  14675  14665  14664  14655  14654  14646  14645  14639  14637  14630  14630  14586  14577  14552  14534  14527  14511  14503  14500  14483  14478  14471  14469  14468  14467  14442  14439  14430  14428  14409  14393  14387  14383  14380  14370  
14369  14356  14340  14337  14325  14314  14309  14307  14294  14285  14271  14270  14239  14223  14217  14210  14207  14192  14174  14169  14161  14147  14145  14114  14083  14080  14073  14071  14070  14066  14041  14040  14024  14007  14002  13997  13993  13990  13984  13966  13965  13950  13949  13940  13929  13914  13910  13906  13896  13874  13870  13868  13867  13855  13847  13846  13838  13827  13821  13811  13802  13798  13791  13761  13757  13751  13740  13732  13726  13704  13700  13698  13695  13689  13651  
13636  13630  13621  13618  13607  13598  13589  13571  13552  13552  13548  13539  13537  13520  13516  13511  13491  13481  13468  13452  13446  13442  13440  13438  13428  13425  13413  13412  13408  13405  13392  13383  13371  13371  13352  13349  13349  13349  13344  13339  13314  13299  13215  13209  13189  13167  13166  13139  13132  13105  13103  13099  13077  13075  13050  13009  13006  12997  12992  12989  12989  12988  12984  12964  12946  12944  12935  12931  12929  12904  12889  12870  12865  12861  12857  
12856  12841  12839  12837  12836  12809  12801  12792  12786  12763  12759  12749  12745  12743  12740  12721  12701  12672  12662  12622  12622  12609  12607  12586  12583  12578  12564  12556  12551  12524  12493  12492  12482  12479  12472  12460  12437  12428  12425  12412  12411  12409  12403  12393  12389  12374  12367  12364  12362  12358  12356  12351  12348  12328  12324  12322  12321  12302  12286  12282  12267  12261  12258  12249  12248  12244  12244  12233  12227  12226  12212  12189  12187  12186  12176  
12173  12168  12147  12143  12117  12110  12093  12087  12048  12045  12014  12005  11993  11985  11972  11970  11933  11933  11929  11891  11887  11874  11858  11837  11794  11756  11754  11739  11728  11724  11724  11720  11716  11711  11687  11669  11652  11642  11630  11617  11616  11614  11604  11604  11597  11594  11576  11564  11548  11547  11545  11541  11529  11515  11511  11496  11466  11461  11459  11458  11455  11453  11452  11427  11412  11406  11401  11397  11397  11389  11389  11369  11369  11368  11364  
11360  11358  11334  11316  11307  11273  11258  11241  11238  11229  11228  11210  11196  11183  11172  11146  11137  11128  11122  11095  11095  11085  11071  11063  11060  11046  11044  11036  11032  11020  11000  10997  10995  10983  10981  10970  10965  10961  10958  10948  10938  10932  10929  10924  10924  10909  10904  10899  10897  10893  10887  10883  10881  10872  10867  10852  10825  10798  10777  10771  10756  10749  10746  10722  10719  10712  10707  10704  10684  10682  10676  10666  10662  10661  10658  
10652  10647  10640  10621  10609  10607  10603  10595  10590  10582  10564  10534  10534  10532  10519  10506  10488  10487  10468  10466  10447  10418  10415  10406  10386  10383  10382  10368  10367  10364  10359  10358  10351  10349  10331  10324  10318  10316  10310  10310  10308  10276  10268  10264  10258  10246  10238  10236  10214  10206  10192  10165  10163  10114  10100  10085  10082  10080  10079  10065  10058  10056  10054  10046  10045  10039  10035  10030  10018  10016  10014  10010  9987  9951  9947  
9931  9911  9881  9862  9857  9857  9851  9848  9844  9843  9811  9800  9794  9777  9765  9761  9757  9755  9736  9734  9721  9708  9704  9699  9693  9675  9641  9640  9616  9597  9586  9546  9522  9520  9500  9495  9486  9473  9472  9463  9456  9448  9432  9431  9427  9420  9410  9403  9398  9394  9394  9393  9355  9347  9340  9329  9310  9276  9270  9225  9225  9219  9213  9212  9202  9189  9187  9181  9167  9146  9145  9137  9122  9119  9114  
9094  9093  9088  9077  9072  9060  9044  9039  9031  9030  9030  9019  9011  9008  9008  9005  8995  8995  8921  8915  8911  8907  8901  8899  8896  8894  8884  8875  8869  8867  8856  8843  8832  8830  8828  8817  8812  8811  8806  8791  8790  8774  8765  8764  8762  8755  8742  8738  8737  8730  8724  8724  8711  8711  8711  8675  8675  8674  8671  8669  8638  8612  8594  8587  8586  8576  8574  8567  8564  8554  8546  8530  8522  8521  8517  
8513  8504  8503  8471  8448  8446  8445  8442  8435  8430  8418  8390  8382  8380  8356  8347  8332  8330  8316  8313  8308  8303  8278  8277  8265  8261  8252  8249  8248  8247  8220  8214  8202  8201  8190  8183  8164  8148  8146  8139  8135  8114  8084  8067  8056  8013  8009  8006  7994  7987  7976  7952  7934  7911  7902  7900  7883  7882  7850  7836  7835  7807  7801  7797  7786  7784  7781  7766  7761  7739  7730  7713  7707  7706  7703  
7702  7688  7674  7663  7639  7621  7615  7597  7596  7592  7573  7527  7521  7494  7493  7439  7438  7435  7433  7432  7430  7424  7417  7416  7414  7404  7395  7379  7376  7361  7353  7342  7338  7331  7314  7290  7288  7272  7257  7256  7248  7245  7234  7198  7197  7185  7185  7182  7169  7164  7123  7120  7102  7099  7098  7093  7083  7081  7080  7071  7067  7067  7063  7063  7060  7058  7051  7014  6998  6996  6991  6990  6983  6979  6955  
6938  6919  6915  6871  6870  6846  6840  6811  6810  6796  6793  6780  6768  6768  6767  6761  6758  6755  6746  6712  6709  6706  6701  6688  6681  6679  6678  6664  6663  6656  6639  6638  6638  6632  6632  6607  6600  6596  6594  6592  6581  6579  6562  6553  6551  6550  6527  6525  6525  6519  6513  6496  6482  6457  6453  6448  6432  6409  6399  6384  6377  6372  6352  6338  6330  6320  6309  6299  6293  6274  6256  6256  6254  6227  6226  
6224  6212  6212  6210  6201  6193  6179  6170  6158  6156  6119  6113  6098  6098  6093  6089  6070  6054  6023  6018  5998  5994  5990  5987  5985  5985  5983  5981  5971  5965  5964  5950  5949  5927  5923  5913  5908  5895  5882  5878  5877  5872  5870  5862  5858  5851  5848  5836  5816  5808  5756  5754  5743  5737  5733  5731  5729  5727  5713  5712  5707  5684  5683  5682  5674  5673  5658  5651  5650  5634  5631  5627  5617  5600  5599  
5570  5569  5548  5533  5528  5519  5518  5518  5504  5500  5488  5477  5475  5470  5454  5429  5421  5413  5409  5397  5382  5372  5367  5358  5357  5350  5342  5341  5333  5324  5300  5297  5291  5270  5255  5203  5194  5185  5178  5171  5166  5147  5144  5135  5133  5131  5131  5130  5127  5116  5091  5087  5079  5079  5069  5058  5056  5046  5038  5033  5014  5010  5006  5004  5001  5001  4987  4987  4982  4945  4931  4920  4914  4897  4889  
4882  4864  4857  4844  4839  4837  4829  4828  4821  4819  4818  4811  4789  4786  4781  4781  4778  4765  4760  4758  4756  4754  4748  4740  4738  4733  4731  4727  4723  4714  4714  4662  4645  4637  4632  4629  4628  4627  4599  4597  4591  4534  4513  4493  4490  4489  4440  4434  4417  4385  4379  4368  4361  4353  4345  4334  4310  4304  4299  4294  4257  4256  4238  4233  4231  4224  4215  4195  4161  4161  4156  4138  4121  4117  4112  
4077  4076  4072  4067  4065  4046  3999  3983  3975  3959  3957  3942  3938  3935  3923  3916  3907  3902  3900  3899  3892  3882  3878  3875  3875  3863  3846  3839  3837  3827  3825  3816  3807  3805  3800  3798  3792  3790  3786  3784  3778  3768  3753  3749  3747  3744  3734  3724  3722  3719  3717  3708  3706  3681  3678  3668  3666  3637  3631  3630  3626  3626  3613  3606  3593  3592  3587  3583  3577  3574  3564  3559  3555  3536  3519  
3514  3512  3511  3506  3500  3492  3491  3486  3483  3481  3476  3473  3465  3464  3464  3454  3449  3443  3440  3439  3436  3435  3432  3431  3428  3426  3414  3412  3405  3404  3387  3374  3373  3373  3365  3358  3349  3348  3348  3333  3283  3281  3236  3233  3232  3229  3227  3221  3211  3208  3204  3175  3157  3139  3136  3126  3121  3118  3114  3112  3098  3089  3088  3083  3074  3068  3054  3037  3008  3006  2997  2990  2988  2983  2972  
2954  2947  2946  2943  2936  2919  2906  2905  2897  2895  2883  2873  2868  2854  2850  2842  2836  2829  2813  2807  2803  2802  2800  2799  2788  2786  2784  2767  2764  2757  2732  2721  2720  2717  2701  2671  2667  2661  2657  2644  2634  2627  2617  2617  2602  2600  2594  2582  2565  2557  2511  2497  2495  2478  2478  2469  2457  2438  2406  2403  2401  2397  2385  2369  2345  2338  2332  2326  2307  2291  2285  2271  2258  2255  2222  
2212  2198  2198  2198  2194  2184  2161  2156  2150  2142  2133  2133  2114  2080  2080  2072  2071  2069  2064  2025  2020  2016  2007  2004  1973  1971  1970  1969  1969  1958  1942  1941  1941  1940  1937  1926  1925  1910  1907  1902  1902  1880  1873  1872  1869  1840  1835  1834  1818  1812  1810  1801  1798  1786  1747  1745  1738  1731  1728  1715  1713  1712  1711  1710  1707  1691  1686  1675  1661  1660  1660  1656  1655  1652  1652  
1637  1636  1604  1601  1599  1597  1589  1584  1584  1574  1574  1570  1570  1570  1563  1563  1552  1539  1538  1535  1527  1488  1488  1464  1444  1437  1429  1411  1398  1393  1382  1373  1360  1358  1352  1343  1328  1325  1316  1307  1293  1276  1271  1264  1260  1228  1227  1222  1205  1202  1194  1186  1179  1176  1175  1175  1167  1155  1155  1152  1136  1133  1133  1133  1127  1121  1117  1110  1093  1088  1076  1069  1064  1046  1041  
1026  1005  1001  998  997  997  981  974  973  971  970  966  962  946  943  929  926  922  919  901  899  897  888  886  883  870  869  868  864  864  859  856  855  854  832  830  809  799  797  787  781  779  771  769  744  736  706  667  654  648  647  636  615  614  613  613  610  606  600  596  595  569  566  553  552  550  540  533  513  508  483  480  468  468  464  
454  452  437  412  410  402  400  400  396  377  373  364  358  350  340  337  337  326  322  306  301  288  287  282  280  272  270  252  232  221  204  200  187  167  155  152  149  143  117  110  109  103  95  92  89  82  44  39  36  6  