99948  99858  99829  99817  99725  99507  99464  99417  99341  99264  99262  99201  99161  99103  98855  98853  98852  98842  98785  98715  98564  98545  98382  98077  97959  97757  97619  97441  97412  97358  97353  97279  97225  97191  97040  96834  96806  96744  96684  96647  96599  96552  96481  96376  96296  96265  96049  95985  95725  95642  95589  95534  95376  95285  95027  94970  94859  94788  94701  94668  94650  94581  94549  94504  94464  94379  94354  94201  94183  94035  94019  93858  93750  93620  93485  
93462  93455  93332  93289  92968  92947  92652  92627  92488  92443  92395  92394  92394  92311  92050  92044  92006  91678  91562  91495  91479  91424  91273  91255  91137  90833  90784  90596  90373  90089  90088  90003  89600  89190  88985  88963  88776  88735  88691  88611  88530  88430  88339  88319  87846  87837  87693  87644  87537  87515  87478  86783  86684  86536  86444  86307  86181  86096  85962  85853  85789  85650  85596  85432  85334  85303  85107  85047  84890  84815  84794  84708  84667  84370  84343  
84070  83961  83913  83646  83635  83556  83547  83470  83250  83230  82904  82447  82414  82207  82017  81901  81875  81831  81770  81731  81671  81580  81522  81379  81351  81323  81195  81186  81180  81133  81101  81037  81026  81000  80901  80822  80796  80704  80695  80650  80622  80580  80454  80333  80265  80231  79819  79748  79713  79548  79506  79461  79436  79306  79133  78868  78833  78728  78586  78578  78236  78222  78204  78103  78088  77987  77782  77544  77415  77396  77377  77318  76992  76986  76903  
76800  76761  76692  76564  76563  76517  76507  76283  76276  76157  76034  75934  75912  75895  75752  75728  75708  75683  75620  75482  75457  75391  75386  75049  74930  74904  74782  74676  74300  74125  73662  73651  73624  73622  73603  72945  72818  72804  72773  72772  72711  72055  71994  71950  71706  71437  71432  71389  71359  71339  71277  71236  71069  70959  70953  70866  70838  70836  70770  70752  70588  70548  70154  70083  70072  70023  70003  69907  69893  69886  69867  69819  69811  69791  69777  
69705  69595  69437  69421  69398  69250  69135  69018  69003  69000  68934  68883  68682  68545  68169  67934  67844  67780  67525  67474  67333  67053  66936  66861  66764  66726  66683  66577  66462  66284  66243  66118  66118  66026  65989  65988  65955  65625  65605  65551  65529  65505  65457  65444  65387  65285  65218  65168  65017  64857  64730  64643  64451  64353  64275  64242  64201  64085  64040  63973  63891  63874  63820  63506  63384  63333  63322  63120  62884  62752  62706  62450  62440  62182  62070  
62049  61982  61845  61824  61798  61721  61624  61600  61442  61400  61330  61317  60959  60931  60871  60810  60690  60678  60674  60647  60518  60468  60407  60299  60280  60188  60004  59845  59759  59742  59616  59613  59547  59493  59342  59193  59071  59043  59016  58894  58797  58782  58593  58576  58532  58398  58284  58138  58111  58024  57977  57833  57684  57676  57606  57555  57352  57309  57284  57251  57074  56998  56949  56941  56805  56629  56325  56052  55990  55949  55940  55790  55689  55656  55620  
55510  55500  55160  54800  54769  54628  54514  54502  54219  54048  54047  53976  53811  53537  53514  53377  53338  53318  53223  53159  53064  52972  52827  52782  52702  52645  52612  52244  51959  51957  51948  51932  51853  51767  51502  51401  51360  50997  50962  50917  50765  50763  50729  50684  50588  50481  50296  50253  50236  50229  50219  50173  50172  50155  49992  49921  49861  48811  48762  48740  48728  48655  48604  48576  48537  48360  48336  48303  48272  48146  48061  47840  47819  47793  47716  
47626  47462  47311  47211  46997  46974  46737  46722  46695  46669  46545  46500  46327  46162  46127  45875  45809  45766  45766  45735  45608  45589  45519  45477  45337  45195  45135  44878  44760  44735  44647  44638  44509  44430  44417  44312  44290  44172  44122  44027  43929  43923  43843  43793  43785  43679  43412  43016  43012  42952  42830  42790  42760  42716  42614  42521  42395  42381  42149  42113  41955  41948  41898  41814  41672  41661  41648  41612  41579  41487  41477  41167  40997  40836  40832  
40769  40110  39994  39924  39882  39878  39853  39831  39743  39686  39594  39506  39433  39427  39400  39345  39326  38953  38881  38859  38818  38636  38608  38386  38289  37872  37758  37744  37727  37539  37536  36959  36887  36885  36835  36661  36616  36550  36353  36112  36052  35969  35876  35846  35772  35706  35702  35640  35160  35067  35019  35012  34960  34955  34929  34913  34785  34727  34522  34412  34253  34178  33997  33824  33818  33787  33682  33644  33616  33490  33313  33158  33059  33019  33000  
32834  32802  32610  32438  32344  32304  32081  31668  31552  31478  31476  31473  31448  31414  31203  31179  30746  30624  30598  30559  30459  30278  30138  30123  30118  30072  30069  29934  29865  29816  29801  29762  29670  29619  29598  29543  29509  29400  29368  29342  29296  29287  29274  29230  29201  29094  28939  28790  28689  28679  28509  28366  28166  28059  27850  27832  27803  27781  27420  27407  27102  27032  27019  26621  26532  26365  26284  26243  26223  26221  26103  26047  25942  25920  25787  
25672  25541  25445  25386  25253  25188  25175  25083  25057  24934  24925  24916  24862  24853  24549  24541  24502  24350  24214  24068  24029  23934  23843  23701  23559  23341  23326  23283  23268  23242  23186  23168  23032  23015  22951  22694  22584  22376  22257  22186  22129  22104  21855  21766  21644  21614  21479  21252  21244  21177  21127  20958  20882  20766  20686  20591  20575  20446  20319  20302  19735  19580  19499  19315  19060  18950  18899  18757  18624  18551  18505  18465  18352  18297  18194  
18192  18142  18107  18006  17908  17854  17777  17777  17751  17714  17520  17518  17503  17149  16907  16901  16853  16851  16796  16644  16625  16584  16529  15777  15700  15680  15657  15340  15314  15221  14946  14946  14930  14826  14811  14788  14777  14660  14532  14345  14088  13985  13845  13764  13761  13737  13658  13513  13494  13245  13134  12960  12959  12957  12905  12639  12606  12548  12525  12398  12306  12265  12145  11901  11768  11746  11733  11729  11506  11427  11403  11391  11057  11041  11035  
10891  10855  10798  10774  10698  10622  10575  10549  10327  10286  10269  10196  10184  10084  10004  10003  9851  9834  9501  9422  9375  9338  9144  9137  8979  8852  8782  8670  8616  8529  8527  8387  8253  8164  8099  7892  7681  7569  7441  7396  7325  7185  7152  6883  6848  6658  6282  6278  6155  6147  6066  6005  5796  5770  5768  5706  5637  5618  5599  5594  5559  5401  5355  4668  4585  4537  4459  4373  4270  4227  3992  3560  3495  3278  3073  
2945  2940  2397  2387  2172  2160  2045  2011  1833  1826  1625  1587  1525  1474  1216  1090  1087  920  835  542  301  292  211  204  199  