199  204  211  292  301  542  835  920  1087  1090  1216  1474  1525  1587  1625  1826  1833  2011  2045  2160  2172  2387  2397  2940  2945  3073  3278  3495  3560  3992  4227  4270  4373  4459  4537  4585  4668  5355  5401  5559  5594  5599  5618  5637  5706  5768  5770  5796  6005  6066  6147  6155  6278  6282  6658  6848  6883  7152  7185  7325  7396  7441  7569  7681  7892  8099  8164  8253  8387  8527  8529  8616  8670  8782  8852  
8979  9137  9144  9338  9375  9422  9501  9834  9851  10003  10004  10084  10184  10196  10269  10286  10327  10549  10575  10622  10698  10774  10798  10855  10891  11035  11041  11057  11391  11403  11427  11506  11729  11733  11746  11768  11901  12145  12265  12306  12398  12525  12548  12606  12639  12905  12957  12959  12960  13134  13245  13494  13513  13658  13737  13761  13764  13845  13985  14088  14345  14532  14660  14777  14788  14811  14826  14930  14946  14946  15221  15314  15340  15657  15680  
15700  15777  16529  16584  16625  16644  16796  16851  16853  16901  16907  17149  17503  17518  17520  17714  17751  17777  17777  17854  17908  18006  18107  18142  18192  18194  18297  18352  18465  18505  18551  18624  18757  18899  18950  19060  19315  19499  19580  19735  20302  20319  20446  20575  20591  20686  20766  20882  20958  21127  21177  21244  21252  21479  21614  21644  21766  21855  22104  22129  22186  22257  22376  22584  22694  22951  23015  23032  23168  23186  23242  23268  23283  23326  23341  
23559  23701  23843  23934  24029  24068  24214  24350  24502  24541  24549  24853  24862  24916  24925  24934  25057  25083  25175  25188  25253  25386  25445  25541  25672  25787  25920  25942  26047  26103  26221  26223  26243  26284  26365  26532  26621  27019  27032  27102  27407  27420  27781  27803  27832  27850  28059  28166  28366  28509  28679  28689  28790  28939  29094  29201  29230  29274  29287  29296  29342  29368  29400  29509  29543  29598  29619  29670  29762  29801  29816  29865  29934  30069  30072  
30118  30123  30138  30278  30459  30559  30598  30624  30746  31179  31203  31414  31448  31473  31476  31478  31552  31668  32081  32304  32344  32438  32610  32802  32834  33000  33019  33059  33158  33313  33490  33616  33644  33682  33787  33818  33824  33997  34178  34253  34412  34522  34727  34785  34913  34929  34955  34960  35012  35019  35067  35160  35640  35702  35706  35772  35846  35876  35969  36052  36112  36353  36550  36616  36661  36835  36885  36887  36959  37536  37539  37727  37744  37758  37872  
38289  38386  38608  38636  38818  38859  38881  38953  39326  39345  39400  39427  39433  39506  39594  39686  39743  39831  39853  39878  39882  39924  39994  40110  40769  40832  40836  40997  41167  41477  41487  41579  41612  41648  41661  41672  41814  41898  41948  41955  42113  42149  42381  42395  42521  42614  42716  42760  42790  42830  42952  43012  43016  43412  43679  43785  43793  43843  43923  43929  44027  44122  44172  44290  44312  44417  44430  44509  44638  44647  44735  44760  44878  45135  45195  
45337  45477  45519  45589  45608  45735  45766  45766  45809  45875  46127  46162  46327  46500  46545  46669  46695  46722  46737  46974  46997  47211  47311  47462  47626  47716  47793  47819  47840  48061  48146  48272  48303  48336  48360  48537  48576  48604  48655  48728  48740  48762  48811  49861  49921  49992  50155  50172  50173  50219  50229  50236  50253  50296  50481  50588  50684  50729  50763  50765  50917  50962  50997  51360  51401  51502  51767  51853  51932  51948  51957  51959  52244  52612  52645  
52702  52782  52827  52972  53064  53159  53223  53318  53338  53377  53514  53537  53811  53976  54047  54048  54219  54502  54514  54628  54769  54800  55160  55500  55510  55620  55656  55689  55790  55940  55949  55990  56052  56325  56629  56805  56941  56949  56998  57074  57251  57284  57309  57352  57555  57606  57676  57684  57833  57977  58024  58111  58138  58284  58398  58532  58576  58593  58782  58797  58894  59016  59043  59071  59193  59342  59493  59547  59613  59616  59742  59759  59845  60004  60188  
60280  60299  60407  60468  60518  60647  60674  60678  60690  60810  60871  60931  60959  61317  61330  61400  61442  61600  61624  61721  61798  61824  61845  61982  62049  62070  62182  62440  62450  62706  62752  62884  63120  63322  63333  63384  63506  63820  63874  63891  63973  64040  64085  64201  64242  64275  64353  64451  64643  64730  64857  65017  65168  65218  65285  65387  65444  65457  65505  65529  65551  65605  65625  65955  65988  65989  66026  66118  66118  66243  66284  66462  66577  66683  66726  
66764  66861  66936  67053  67333  67474  67525  67780  67844  67934  68169  68545  68682  68883  68934  69000  69003  69018  69135  69250  69398  69421  69437  69595  69705  69777  69791  69811  69819  69867  69886  69893  69907  70003  70023  70072  70083  70154  70548  70588  70752  70770  70836  70838  70866  70953  70959  71069  71236  71277  71339  71359  71389  71432  71437  71706  71950  71994  72055  72711  72772  72773  72804  72818  72945  73603  73622  73624  73651  73662  74125  74300  74676  74782  74904  
74930  75049  75386  75391  75457  75482  75620  75683  75708  75728  75752  75895  75912  75934  76034  76157  76276  76283  76507  76517  76563  76564  76692  76761  76800  76903  76986  76992  77318  77377  77396  77415  77544  77782  77987  78088  78103  78204  78222  78236  78578  78586  78728  78833  78868  79133  79306  79436  79461  79506  79548  79713  79748  79819  80231  80265  80333  80454  80580  80622  80650  80695  80704  80796  80822  80901  81000  81026  81037  81101  81133  81180  81186  81195  81323  
81351  81379  81522  81580  81671  81731  81770  81831  81875  81901  82017  82207  82414  82447  82904  83230  83250  83470  83547  83556  83635  83646  83913  83961  84070  84343  84370  84667  84708  84794  84815  84890  85047  85107  85303  85334  85432  85596  85650  85789  85853  85962  86096  86181  86307  86444  86536  86684  86783  87478  87515  87537  87644  87693  87837  87846  88319  88339  88430  88530  88611  88691  88735  88776  88963  88985  89190  89600  90003  90088  90089  90373  90596  90784  90833  
91137  91255  91273  91424  91479  91495  91562  91678  92006  92044  92050  92311  92394  92394  92395  92443  92488  92627  92652  92947  92968  93289  93332  93455  93462  93485  93620  93750  93858  94019  94035  94183  94201  94354  94379  94464  94504  94549  94581  94650  94668  94701  94788  94859  94970  95027  95285  95376  95534  95589  95642  95725  95985  96049  96265  96296  96376  96481  96552  96599  96647  96684  96744  96806  96834  97040  97191  97225  97279  97353  97358  97412  97441  97619  97757  
97959  98077  98382  98545  98564  98715  98785  98842  98852  98853  98855  99103  99161  99201  99262  99264  99341  99417  99464  99507  99725  99817  99829  99858  99948  