6  36  39  44  82  89  92  95  103  109  110  117  143  149  152  155  167  187  200  204  221  232  252  270  272  280  282  287  288  301  306  322  326  337  337  340  350  358  364  373  377  396  400  400  402  410  412  437  452  454  464  468  468  480  483  508  513  533  540  550  552  553  566  569  595  596  600  606  610  613  613  614  615  636  647  
648  654  667  706  736  744  769  771  779  781  787  797  799  809  830  832  854  855  856  859  864  864  868  869  870  883  886  888  897  899  901  919  922  926  929  943  946  962  966  970  971  973  974  981  997  997  998  1001  1005  1026  1041  1046  1064  1069  1076  1088  1093  1110  1117  1121  1127  1133  1133  1133  1136  1152  1155  1155  1167  1175  1175  1176  1179  1186  1194  
1202  1205  1222  1227  1228  1260  1264  1271  1276  1293  1307  1316  1325  1328  1343  1352  1358  1360  1373  1382  1393  1398  1411  1429  1437  1444  1464  1488  1488  1527  1535  1538  1539  1552  1563  1563  1570  1570  1570  1574  1574  1584  1584  1589  1597  1599  1601  1604  1636  1637  1652  1652  1655  1656  1660  1660  1661  1675  1686  1691  1707  1710  1711  1712  1713  1715  1728  1731  1738  1745  1747  1786  1798  1801  1810  
1812  1818  1834  1835  1840  1869  1872  1873  1880  1902  1902  1907  1910  1925  1926  1937  1940  1941  1941  1942  1958  1969  1969  1970  1971  1973  2004  2007  2016  2020  2025  2064  2069  2071  2072  2080  2080  2114  2133  2133  2142  2150  2156  2161  2184  2194  2198  2198  2198  2212  2222  2255  2258  2271  2285  2291  2307  2326  2332  2338  2345  2369  2385  2397  2401  2403  2406  2438  2457  2469  2478  2478  2495  2497  2511  
2557  2565  2582  2594  2600  2602  2617  2617  2627  2634  2644  2657  2661  2667  2671  2701  2717  2720  2721  2732  2757  2764  2767  2784  2786  2788  2799  2800  2802  2803  2807  2813  2829  2836  2842  2850  2854  2868  2873  2883  2895  2897  2905  2906  2919  2936  2943  2946  2947  2954  2972  2983  2988  2990  2997  3006  3008  3037  3054  3068  3074  3083  3088  3089  3098  3112  3114  3118  3121  3126  3136  3139  3157  3175  3204  
3208  3211  3221  3227  3229  3232  3233  3236  3281  3283  3333  3348  3348  3349  3358  3365  3373  3373  3374  3387  3404  3405  3412  3414  3426  3428  3431  3432  3435  3436  3439  3440  3443  3449  3454  3464  3464  3465  3473  3476  3481  3483  3486  3491  3492  3500  3506  3511  3512  3514  3519  3536  3555  3559  3564  3574  3577  3583  3587  3592  3593  3606  3613  3626  3626  3630  3631  3637  3666  3668  3678  3681  3706  3708  3717  
3719  3722  3724  3734  3744  3747  3749  3753  3768  3778  3784  3786  3790  3792  3798  3800  3805  3807  3816  3825  3827  3837  3839  3846  3863  3875  3875  3878  3882  3892  3899  3900  3902  3907  3916  3923  3935  3938  3942  3957  3959  3975  3983  3999  4046  4065  4067  4072  4076  4077  4112  4117  4121  4138  4156  4161  4161  4195  4215  4224  4231  4233  4238  4256  4257  4294  4299  4304  4310  4334  4345  4353  4361  4368  4379  
4385  4417  4434  4440  4489  4490  4493  4513  4534  4591  4597  4599  4627  4628  4629  4632  4637  4645  4662  4714  4714  4723  4727  4731  4733  4738  4740  4748  4754  4756  4758  4760  4765  4778  4781  4781  4786  4789  4811  4818  4819  4821  4828  4829  4837  4839  4844  4857  4864  4882  4889  4897  4914  4920  4931  4945  4982  4987  4987  5001  5001  5004  5006  5010  5014  5033  5038  5046  5056  5058  5069  5079  5079  5087  5091  
5116  5127  5130  5131  5131  5133  5135  5144  5147  5166  5171  5178  5185  5194  5203  5255  5270  5291  5297  5300  5324  5333  5341  5342  5350  5357  5358  5367  5372  5382  5397  5409  5413  5421  5429  5454  5470  5475  5477  5488  5500  5504  5518  5518  5519  5528  5533  5548  5569  5570  5599  5600  5617  5627  5631  5634  5650  5651  5658  5673  5674  5682  5683  5684  5707  5712  5713  5727  5729  5731  5733  5737  5743  5754  5756  
5808  5816  5836  5848  5851  5858  5862  5870  5872  5877  5878  5882  5895  5908  5913  5923  5927  5949  5950  5964  5965  5971  5981  5983  5985  5985  5987  5990  5994  5998  6018  6023  6054  6070  6089  6093  6098  6098  6113  6119  6156  6158  6170  6179  6193  6201  6210  6212  6212  6224  6226  6227  6254  6256  6256  6274  6293  6299  6309  6320  6330  6338  6352  6372  6377  6384  6399  6409  6432  6448  6453  6457  6482  6496  6513  
6519  6525  6525  6527  6550  6551  6553  6562  6579  6581  6592  6594  6596  6600  6607  6632  6632  6638  6638  6639  6656  6663  6664  6678  6679  6681  6688  6701  6706  6709  6712  6746  6755  6758  6761  6767  6768  6768  6780  6793  6796  6810  6811  6840  6846  6870  6871  6915  6919  6938  6955  6979  6983  6990  6991  6996  6998  7014  7051  7058  7060  7063  7063  7067  7067  7071  7080  7081  7083  7093  7098  7099  7102  7120  7123  
7164  7169  7182  7185  7185  7197  7198  7234  7245  7248  7256  7257  7272  7288  7290  7314  7331  7338  7342  7353  7361  7376  7379  7395  7404  7414  7416  7417  7424  7430  7432  7433  7435  7438  7439  7493  7494  7521  7527  7573  7592  7596  7597  7615  7621  7639  7663  7674  7688  7702  7703  7706  7707  7713  7730  7739  7761  7766  7781  7784  7786  7797  7801  7807  7835  7836  7850  7882  7883  7900  7902  7911  7934  7952  7976  
7987  7994  8006  8009  8013  8056  8067  8084  8114  8135  8139  8146  8148  8164  8183  8190  8201  8202  8214  8220  8247  8248  8249  8252  8261  8265  8277  8278  8303  8308  8313  8316  8330  8332  8347  8356  8380  8382  8390  8418  8430  8435  8442  8445  8446  8448  8471  8503  8504  8513  8517  8521  8522  8530  8546  8554  8564  8567  8574  8576  8586  8587  8594  8612  8638  8669  8671  8674  8675  8675  8711  8711  8711  8724  8724  
8730  8737  8738  8742  8755  8762  8764  8765  8774  8790  8791  8806  8811  8812  8817  8828  8830  8832  8843  8856  8867  8869  8875  8884  8894  8896  8899  8901  8907  8911  8915  8921  8995  8995  9005  9008  9008  9011  9019  9030  9030  9031  9039  9044  9060  9072  9077  9088  9093  9094  9114  9119  9122  9137  9145  9146  9167  9181  9187  9189  9202  9212  9213  9219  9225  9225  9270  9276  9310  9329  9340  9347  9355  9393  9394  
9394  9398  9403  9410  9420  9427  9431  9432  9448  9456  9463  9472  9473  9486  9495  9500  9520  9522  9546  9586  9597  9616  9640  9641  9675  9693  9699  9704  9708  9721  9734  9736  9755  9757  9761  9765  9777  9794  9800  9811  9843  9844  9848  9851  9857  9857  9862  9881  9911  9931  9947  9951  9987  10010  10014  10016  10018  10030  10035  10039  10045  10046  10054  10056  10058  10065  10079  10080  10082  10085  10100  10114  10163  10165  10192  
10206  10214  10236  10238  10246  10258  10264  10268  10276  10308  10310  10310  10316  10318  10324  10331  10349  10351  10358  10359  10364  10367  10368  10382  10383  10386  10406  10415  10418  10447  10466  10468  10487  10488  10506  10519  10532  10534  10534  10564  10582  10590  10595  10603  10607  10609  10621  10640  10647  10652  10658  10661  10662  10666  10676  10682  10684  10704  10707  10712  10719  10722  10746  10749  10756  10771  10777  10798  10825  10852  10867  10872  10881  10883  10887  
10893  10897  10899  10904  10909  10924  10924  10929  10932  10938  10948  10958  10961  10965  10970  10981  10983  10995  10997  11000  11020  11032  11036  11044  11046  11060  11063  11071  11085  11095  11095  11122  11128  11137  11146  11172  11183  11196  11210  11228  11229  11238  11241  11258  11273  11307  11316  11334  11358  11360  11364  11368  11369  11369  11389  11389  11397  11397  11401  11406  11412  11427  11452  11453  11455  11458  11459  11461  11466  11496  11511  11515  11529  11541  11545  
11547  11548  11564  11576  11594  11597  11604  11604  11614  11616  11617  11630  11642  11652  11669  11687  11711  11716  11720  11724  11724  11728  11739  11754  11756  11794  11837  11858  11874  11887  11891  11929  11933  11933  11970  11972  11985  11993  12005  12014  12045  12048  12087  12093  12110  12117  12143  12147  12168  12173  12176  12186  12187  12189  12212  12226  12227  12233  12244  12244  12248  12249  12258  12261  12267  12282  12286  12302  12321  12322  12324  12328  12348  12351  12356  
12358  12362  12364  12367  12374  12389  12393  12403  12409  12411  12412  12425  12428  12437  12460  12472  12479  12482  12492  12493  12524  12551  12556  12564  12578  12583  12586  12607  12609  12622  12622  12662  12672  12701  12721  12740  12743  12745  12749  12759  12763  12786  12792  12801  12809  12836  12837  12839  12841  12856  12857  12861  12865  12870  12889  12904  12929  12931  12935  12944  12946  12964  12984  12988  12989  12989  12992  12997  13006  13009  13050  13075  13077  13099  13103  
13105  13132  13139  13166  13167  13189  13209  13215  13299  13314  13339  13344  13349  13349  13349  13352  13371  13371  13383  13392  13405  13408  13412  13413  13425  13428  13438  13440  13442  13446  13452  13468  13481  13491  13511  13516  13520  13537  13539  13548  13552  13552  13571  13589  13598  13607  13618  13621  13630  13636  13651  13689  13695  13698  13700  13704  13726  13732  13740  13751  13757  13761  13791  13798  13802  13811  13821  13827  13838  13846  13847  13855  13867  13868  13870  
13874  13896  13906  13910  13914  13929  13940  13949  13950  13965  13966  13984  13990  13993  13997  14002  14007  14024  14040  14041  14066  14070  14071  14073  14080  14083  14114  14145  14147  14161  14169  14174  14192  14207  14210  14217  14223  14239  14270  14271  14285  14294  14307  14309  14314  14325  14337  14340  14356  14369  14370  14380  14383  14387  14393  14409  14428  14430  14439  14442  14467  14468  14469  14471  14478  14483  14500  14503  14511  14527  14534  14552  14577  14586  14630  
14630  14637  14639  14645  14646  14654  14655  14664  14665  14675  14719  14737  14742  14748  14751  14758  14759  14768  14775  14790  14810  14813  14814  14819  14831  14843  14844  14846  14856  14863  14863  14867  14879  14895  14900  14903  14927  14928  14943  14954  14970  14973  14998  14999  15010  15011  15032  15047  15066  15067  15078  15087  15092  15123  15135  15143  15144  15144  15144  15148  15149  15161  15176  15184  15185  15199  15200  15202  15205  15205  15205  15219  15226  15260  15268  
15270  15277  15284  15296  15307  15310  15321  15338  15367  15367  15368  15371  15375  15385  15388  15394  15424  15433  15460  15468  15478  15479  15510  15530  15551  15560  15565  15587  15597  15599  15601  15624  15629  15635  15636  15636  15649  15655  15665  15667  15671  15678  15680  15699  15700  15715  15719  15728  15731  15752  15755  15757  15763  15766  15772  15782  15783  15785  15797  15800  15831  15833  15837  15853  15856  15856  15856  15857  15863  15864  15865  15865  15874  15880  15887  
15894  15901  15902  15904  15911  15913  15916  15917  15933  15933  15945  15947  15955  15971  15972  15992  16009  16018  16033  16062  16066  16073  16078  16080  16111  16114  16120  16130  16133  16138  16141  16155  16171  16174  16185  16201  16206  16209  16212  16215  16217  16217  16221  16232  16234  16240  16253  16258  16264  16268  16276  16285  16295  16297  16304  16316  16364  16374  16379  16380  16393  16404  16419  16435  16442  16447  16450  16455  16464  16467  16505  16533  16535  16541  16551  
16555  16561  16562  16563  16566  16570  16571  16576  16588  16589  16595  16599  16607  16612  16643  16649  16657  16658  16673  16688  16690  16693  16701  16717  16754  16755  16756  16769  16785  16799  16814  16842  16861  16867  16897  16903  16907  16915  16925  16927  16951  16953  16960  16982  16983  16988  17006  17016  17024  17030  17032  17039  17042  17046  17047  17047  17050  17058  17059  17074  17076  17080  17082  17085  17086  17089  17104  17117  17127  17140  17144  17147  17161  17163  17165  
17174  17181  17192  17215  17233  17244  17247  17249  17250  17254  17265  17268  17273  17312  17317  17321  17331  17334  17343  17346  17370  17399  17401  17429  17448  17449  17451  17451  17466  17472  17472  17474  17478  17503  17535  17544  17573  17575  17592  17596  17625  17632  17632  17635  17641  17644  17661  17674  17688  17689  17700  17703  17715  17725  17730  17757  17758  17773  17822  17824  17824  17848  17851  17869  17885  17911  17916  17921  17924  17937  17941  17950  17951  17961  17969  
17976  18008  18014  18017  18030  18030  18045  18057  18062  18083  18083  18088  18098  18099  18100  18115  18123  18136  18177  18180  18183  18203  18207  18218  18219  18242  18243  18245  18246  18257  18265  18267  18279  18282  18298  18303  18322  18338  18344  18350  18358  18372  18379  18379  18383  18411  18416  18427  18429  18433  18434  18435  18447  18447  18450  18450  18459  18459  18466  18488  18498  18512  18516  18517  18518  18554  18556  18561  18561  18567  18571  18583  18583  18585  18592  
18601  18605  18616  18621  18629  18638  18638  18655  18661  18666  18675  18680  18688  18695  18696  18697  18723  18725  18745  18750  18752  18754  18764  18767  18778  18782  18808  18814  18815  18819  18857  18858  18862  18862  18873  18895  18900  18903  18911  18916  18929  18940  18948  18955  18959  18968  18993  19006  19015  19023  19037  19048  19053  19059  19062  19064  19073  19090  19092  19102  19127  19127  19131  19134  19145  19147  19148  19155  19165  19195  19198  19203  19205  19208  19223  
19231  19233  19237  19246  19246  19252  19252  19254  19259  19274  19276  19279  19284  19296  19307  19308  19313  19345  19364  19365  19369  19383  19395  19406  19406  19408  19413  19414  19414  19435  19438  19452  19463  19476  19481  19482  19485  19492  19497  19502  19528  19531  19546  19551  19560  19564  19580  19592  19595  19616  19623  19632  19639  19641  19645  19650  19651  19657  19687  19689  19711  19749  19779  19783  19810  19841  19856  19879  19908  19908  19913  19922  19928  19944  19947  
19949  19952  19953  19955  19956  19957  19967  19977  19978  19978  19980  19992  20007  20037  20044  20049  20055  20057  20059  20074  20086  20120  20130  20145  20151  20160  20171  20183  20195  20201  20202  20219  20221  20224  20267  20272  20282  20301  20319  20320  20333  20339  20343  20354  20362  20369  20372  20393  20420  20444  20455  20457  20459  20460  20466  20474  20475  20478  20482  20492  20500  20505  20505  20518  20520  20535  20550  20555  20556  20585  20592  20592  20595  20603  20604  
20609  20622  20635  20670  20672  20687  20700  20712  20723  20724  20731  20734  20754  20774  20792  20798  20817  20823  20826  20831  20839  20883  20885  20896  20901  20906  20909  20916  20918  20919  20927  20929  20934  20949  20985  20995  20999  21015  21016  21020  21032  21035  21037  21053  21060  21061  21074  21076  21081  21098  21106  21119  21124  21145  21145  21156  21159  21159  21171  21196  21208  21210  21216  21225  21225  21238  21240  21255  21272  21293  21303  21307  21331  21336  21349  
21352  21368  21369  21391  21397  21399  21411  21412  21425  21427  21431  21444  21445  21450  21462  21471  21471  21471  21481  21485  21493  21497  21504  21515  21525  21525  21542  21555  21555  21564  21569  21599  21630  21640  21645  21653  21699  21704  21705  21708  21724  21731  21737  21740  21758  21760  21764  21774  21785  21785  21789  21791  21812  21819  21846  21871  21887  21891  21908  21922  21929  21932  21937  21958  21958  21961  21970  21975  21982  21988  21990  21991  21997  22045  22047  
22050  22057  22059  22069  22071  22079  22079  22081  22088  22088  22103  22109  22124  22128  22128  22130  22148  22171  22175  22177  22182  22203  22222  22232  22245  22249  22253  22277  22282  22299  22301  22331  22357  22368  22377  22381  22382  22382  22384  22394  22396  22429  22430  22440  22455  22482  22489  22491  22493  22507  22521  22525  22555  22557  22563  22572  22610  22622  22623  22624  22626  22626  22630  22630  22661  22666  22667  22673  22674  22680  22681  22708  22715  22720  22721  
22724  22726  22729  22734  22740  22744  22766  22767  22768  22781  22782  22785  22802  22823  22839  22844  22863  22866  22870  22873  22890  22915  22916  22917  22934  22966  22970  22973  22973  22978  22978  22987  22999  23001  23005  23014  23017  23024  23026  23029  23035  23054  23058  23093  23108  23108  23158  23162  23166  23166  23175  23177  23180  23182  23190  23222  23229  23238  23248  23248  23261  23264  23266  23278  23280  23314  23335  23365  23381  23404  23406  23407  23413  23423  23427  
23437  23439  23471  23491  23502  23503  23506  23516  23523  23525  23526  23527  23541  23541  23542  23547  23564  23571  23573  23581  23582  23585  23594  23598  23602  23602  23605  23608  23615  23615  23628  23629  23674  23681  23690  23694  23696  23705  23709  23714  23714  23724  23735  23740  23753  23764  23778  23793  23798  23799  23810  23812  23822  23836  23839  23852  23853  23864  23869  23872  23884  23904  23908  23911  23918  23932  23941  23950  23954  23956  23962  23974  23976  23983  24005  
24014  24014  24034  24040  24041  24043  24060  24079  24092  24100  24103  24104  24118  24120  24125  24147  24152  24172  24178  24194  24202  24219  24219  24220  24227  24242  24245  24248  24249  24250  24254  24256  24271  24277  24288  24295  24301  24312  24327  24331  24351  24370  24389  24392  24401  24416  24421  24422  24425  24426  24452  24457  24463  24468  24505  24514  24527  24545  24545  24549  24555  24558  24564  24577  24580  24580  24582  24583  24602  24603  24615  24618  24626  24652  24660  
24664  24668  24672  24679  24698  24700  24702  24707  24708  24711  24716  24731  24735  24737  24739  24764  24765  24771  24784  24791  24793  24801  24805  24830  24836  24839  24845  24846  24846  24852  24869  24876  24880  24881  24891  24894  24899  24904  24912  24913  24915  24923  24923  24927  24943  24945  24948  24960  24966  24981  24983  25018  25028  25031  25034  25035  25044  25045  25047  25061  25062  25063  25069  25073  25076  25079  25083  25104  25172  25188  25192  25208  25213  25217  25219  
25230  25232  25246  25247  25257  25268  25287  25296  25305  25306  25311  25314  25347  25359  25363  25369  25377  25381  25386  25397  25399  25421  25430  25433  25442  25444  25447  25447  25448  25454  25457  25478  25484  25487  25487  25488  25495  25503  25513  25514  25534  25549  25550  25551  25572  25576  25579  25580  25580  25605  25616  25636  25651  25653  25675  25677  25710  25721  25722  25727  25750  25759  25763  25765  25768  25773  25777  25784  25795  25799  25804  25806  25813  25816  25818  
25841  25843  25844  25847  25855  25855  25862  25865  25873  25874  25887  25887  25891  25908  25908  25912  25912  25934  25948  25948  25974  25997  26002  26004  26017  26018  26018  26030  26032  26037  26065  26069  26079  26095  26099  26100  26104  26114  26133  26166  26185  26195  26195  26242  26248  26259  26267  26267  26270  26274  26283  26284  26289  26290  26293  26294  26296  26310  26315  26333  26334  26346  26346  26348  26360  26361  26370  26371  26386  26393  26405  26434  26452  26467  26468  
26469  26486  26488  26489  26489  26496  26497  26512  26519  26550  26556  26571  26578  26591  26598  26602  26604  26607  26609  26618  26623  26631  26635  26653  26668  26676  26682  26685  26693  26717  26730  26738  26744  26748  26752  26760  26803  26840  26840  26843  26857  26883  26895  26911  26917  26927  26931  26932  26952  26962  26971  26975  26987  26996  27069  27073  27073  27084  27095  27099  27102  27118  27146  27169  27170  27171  27171  27185  27200  27204  27216  27228  27231  27237  27241  
27256  27257  27258  27265  27278  27300  27303  27307  27313  27313  27316  27317  27333  27340  27344  27346  27351  27354  27377  27395  27401  27402  27467  27484  27489  27495  27500  27505  27511  27513  27544  27556  27601  27602  27602  27613  27629  27642  27645  27647  27657  27678  27681  27702  27705  27720  27726  27731  27731  27732  27744  27751  27760  27786  27792  27800  27814  27823  27844  27853  27878  27882  27884  27889  27894  27902  27907  27918  27921  27939  27955  27981  27992  28009  28020  
28023  28024  28036  28049  28061  28077  28083  28088  28101  28106  28121  28151  28154  28161  28163  28164  28170  28173  28178  28195  28204  28205  28207  28220  28239  28243  28246  28248  28256  28258  28258  28260  28261  28267  28299  28310  28316  28328  28333  28360  28382  28388  28389  28392  28392  28407  28416  28423  28433  28437  28443  28450  28462  28474  28493  28497  28502  28502  28524  28529  28532  28565  28573  28582  28595  28600  28616  28620  28623  28629  28629  28632  28632  28651  28663  
28668  28682  28690  28700  28724  28726  28727  28786  28790  28793  28810  28822  28851  28852  28855  28857  28885  28887  28895  28903  28909  28918  28930  28941  28960  28961  28971  28975  28977  29006  29011  29017  29025  29027  29028  29034  29035  29037  29045  29063  29068  29074  29084  29089  29092  29092  29117  29123  29138  29140  29140  29152  29203  29214  29219  29228  29266  29281  29284  29290  29301  29333  29335  29353  29365  29369  29374  29375  29382  29397  29400  29410  29421  29423  29448  
29451  29459  29464  29466  29476  29482  29484  29484  29490  29495  29500  29502  29504  29514  29524  29530  29533  29534  29545  29551  29563  29568  29570  29595  29600  29607  29609  29619  29631  29641  29643  29656  29675  29686  29687  29697  29715  29724  29727  29736  29739  29741  29742  29742  29746  29748  29750  29753  29761  29766  29767  29780  29786  29803  29803  29805  29843  29846  29847  29858  29864  29902  29908  29921  29935  29949  29954  29957  29957  29969  29970  29989  29995  30003  30004  
30005  30008  30015  30022  30030  30033  30037  30041  30044  30055  30059  30069  30077  30080  30080  30088  30097  30099  30117  30127  30131  30137  30145  30160  30178  30191  30207  30218  30233  30235  30263  30264  30266  30274  30275  30289  30314  30328  30328  30362  30386  30392  30399  30403  30409  30421  30421  30438  30441  30459  30461  30463  30469  30470  30472  30479  30481  30483  30484  30490  30508  30529  30530  30545  30547  30560  30562  30575  30580  30597  30602  30609  30615  30620  30641  
30643  30649  30649  30657  30690  30692  30697  30701  30705  30707  30707  30715  30715  30716  30723  30725  30733  30743  30753  30768  30768  30775  30788  30793  30795  30796  30811  30812  30844  30846  30859  30878  30883  30889  30890  30920  30925  30931  30959  30969  30980  30988  30994  31027  31027  31048  31052  31073  31078  31082  31082  31083  31111  31114  31115  31131  31140  31144  31150  31154  31157  31183  31185  31188  31198  31201  31214  31223  31245  31253  31259  31261  31262  31267  31277  
31304  31321  31338  31346  31356  31374  31396  31397  31404  31423  31428  31437  31461  31462  31475  31478  31480  31511  31513  31513  31520  31536  31537  31540  31547  31565  31569  31572  31583  31587  31590  31591  31599  31606  31610  31617  31621  31623  31627  31632  31632  31635  31637  31637  31640  31642  31652  31654  31654  31655  31658  31670  31671  31681  31685  31697  31699  31719  31719  31724  31725  31733  31742  31752  31767  31778  31795  31828  31833  31853  31879  31880  31896  31908  31910  
31911  31927  31929  31939  31953  31957  31960  31962  31962  31963  31966  31968  31978  31982  31986  31988  32011  32033  32034  32043  32049  32049  32061  32074  32075  32076  32094  32097  32105  32120  32135  32136  32166  32170  32175  32184  32191  32193  32197  32202  32204  32208  32223  32223  32225  32226  32229  32241  32249  32257  32265  32323  32326  32326  32334  32337  32352  32357  32368  32369  32409  32416  32420  32423  32438  32442  32448  32448  32448  32453  32454  32459  32462  32488  32509  
32512  32514  32527  32528  32531  32540  32546  32568  32573  32576  32578  32586  32597  32610  32619  32621  32622  32636  32637  32646  32651  32660  32666  32669  32686  32701  32704  32712  32721  32722  32725  32729  32734  32734  32751  32768  32788  32791  32825  32825  32852  32854  32858  32859  32859  32861  32862  32903  32905  32918  32931  32934  32938  32938  32940  32953  32954  32957  32968  32973  32985  32993  33022  33039  33044  33058  33070  33073  33081  33095  33096  33108  33109  33114  33128  
33140  33164  33165  33174  33199  33200  33203  33208  33210  33212  33215  33236  33254  33254  33257  33259  33268  33269  33278  33307  33329  33329  33361  33374  33377  33378  33394  33398  33402  33417  33440  33461  33467  33469  33479  33494  33498  33539  33543  33544  33544  33549  33550  33553  33553  33561  33567  33573  33574  33575  33587  33588  33596  33597  33603  33606  33614  33623  33631  33666  33674  33677  33678  33684  33723  33750  33777  33783  33795  33812  33841  33844  33848  33856  33860  
33873  33901  33907  33914  33920  33926  33940  33945  33949  33958  33959  33977  34020  34025  34036  34069  34080  34081  34084  34100  34108  34111  34116  34117  34124  34132  34162  34164  34170  34170  34182  34184  34191  34204  34204  34205  34207  34216  34249  34297  34305  34307  34307  34362  34368  34375  34393  34396  34407  34421  34425  34429  34478  34480  34491  34493  34533  34556  34556  34558  34568  34573  34580  34586  34597  34618  34624  34627  34646  34663  34665  34672  34678  34680  34685  
34703  34739  34741  34744  34751  34757  34768  34769  34771  34788  34808  34809  34826  34829  34838  34846  34856  34860  34872  34877  34877  34886  34903  34945  34995  35004  35005  35022  35025  35056  35065  35080  35090  35098  35102  35138  35144  35146  35147  35149  35150  35151  35166  35189  35198  35200  35212  35228  35229  35235  35259  35262  35269  35273  35285  35288  35294  35298  35311  35317  35319  35327  35329  35338  35351  35356  35371  35378  35379  35380  35407  35409  35415  35424  35429  
35435  35451  35452  35456  35481  35485  35509  35515  35532  35551  35559  35588  35589  35617  35656  35701  35703  35703  35703  35730  35753  35755  35757  35764  35777  35779  35790  35796  35797  35801  35802  35806  35811  35812  35817  35848  35849  35852  35861  35864  35864  35875  35877  35887  35894  35909  35913  35915  35918  35941  35949  35973  35975  35982  35983  35990  35997  35997  35998  36001  36007  36008  36036  36090  36093  36093  36116  36117  36120  36124  36125  36126  36140  36145  36150  
36165  36167  36177  36199  36199  36200  36202  36206  36209  36212  36212  36213  36214  36219  36222  36231  36233  36239  36242  36247  36258  36295  36301  36306  36309  36311  36353  36361  36376  36392  36414  36442  36447  36457  36465  36465  36466  36477  36477  36479  36495  36497  36506  36526  36540  36546  36553  36567  36579  36580  36596  36598  36604  36608  36617  36633  36634  36638  36641  36699  36701  36702  36713  36722  36753  36771  36772  36776  36786  36803  36805  36806  36816  36834  36852  
36862  36866  36876  36878  36913  36943  36952  36952  37006  37047  37048  37054  37055  37057  37078  37085  37093  37098  37103  37124  37137  37141  37149  37166  37167  37175  37184  37186  37189  37212  37217  37218  37245  37253  37253  37261  37280  37292  37321  37323  37328  37329  37330  37345  37346  37359  37366  37379  37386  37387  37389  37392  37394  37408  37418  37426  37434  37435  37445  37466  37480  37497  37498  37503  37508  37509  37510  37514  37539  37575  37576  37577  37603  37606  37619  
37619  37619  37620  37643  37655  37689  37694  37703  37709  37713  37718  37718  37719  37722  37753  37776  37784  37785  37794  37796  37796  37803  37803  37803  37804  37826  37828  37836  37845  37847  37859  37863  37877  37885  37889  37894  37894  37905  37909  37910  37921  37923  37928  37939  37958  37966  37969  37981  37994  38003  38004  38005  38010  38017  38026  38029  38041  38051  38060  38064  38068  38082  38093  38101  38104  38114  38130  38149  38151  38158  38161  38169  38219  38223  38258  
38262  38265  38278  38290  38294  38310  38318  38328  38391  38395  38400  38410  38410  38413  38415  38430  38446  38448  38448  38468  38471  38493  38497  38513  38528  38529  38533  38541  38541  38550  38550  38550  38561  38566  38575  38614  38624  38631  38633  38646  38648  38660  38661  38662  38676  38690  38703  38713  38720  38743  38747  38754  38761  38771  38789  38796  38802  38806  38806  38811  38839  38849  38851  38860  38865  38870  38900  38904  38906  38910  38916  38917  38928  38932  38932  
38933  38941  38946  38961  38963  38993  39000  39000  39001  39002  39007  39009  39015  39017  39017  39030  39052  39060  39075  39083  39114  39139  39140  39148  39177  39201  39214  39218  39220  39221  39225  39247  39252  39276  39277  39278  39285  39298  39301  39318  39324  39325  39329  39336  39349  39357  39371  39378  39383  39415  39416  39430  39449  39457  39469  39508  39528  39542  39563  39563  39569  39577  39588  39591  39598  39609  39617  39627  39652  39660  39663  39672  39683  39689  39695  
39701  39711  39742  39746  39753  39759  39763  39770  39799  39801  39805  39835  39880  39881  39895  39911  39940  39949  39966  39988  39993  39993  39993  40015  40016  40019  40041  40046  40050  40051  40054  40074  40078  40079  40090  40098  40098  40099  40105  40118  40126  40140  40143  40148  40154  40186  40202  40210  40222  40247  40247  40248  40278  40285  40295  40306  40320  40322  40324  40328  40328  40342  40354  40356  40357  40368  40377  40383  40387  40398  40403  40405  40418  40419  40456  
40468  40475  40497  40524  40530  40539  40552  40567  40572  40584  40601  40632  40634  40645  40648  40651  40657  40668  40683  40697  40720  40723  40729  40741  40747  40750  40773  40777  40798  40805  40814  40819  40833  40835  40844  40850  40860  40866  40867  40871  40874  40897  40903  40913  40919  40925  40932  40942  40951  40965  40985  40995  41001  41003  41012  41038  41074  41097  41106  41120  41122  41132  41156  41156  41160  41171  41176  41178  41181  41227  41236  41239  41246  41248  41263  
41274  41281  41298  41309  41317  41326  41341  41343  41345  41350  41355  41358  41368  41373  41379  41379  41401  41403  41403  41405  41432  41434  41440  41463  41470  41480  41484  41486  41501  41527  41545  41550  41560  41570  41588  41592  41593  41602  41607  41613  41613  41635  41652  41695  41695  41702  41702  41719  41738  41746  41751  41753  41759  41762  41763  41766  41769  41802  41807  41820  41821  41821  41832  41854  41873  41904  41905  41912  41925  41929  41930  41932  41933  41937  41952  
41954  41957  41958  41975  41975  41979  41984  41984  41990  41991  42010  42011  42042  42043  42054  42055  42061  42087  42098  42116  42140  42144  42151  42157  42161  42165  42179  42180  42181  42192  42194  42195  42235  42242  42243  42245  42256  42258  42258  42281  42290  42310  42313  42326  42342  42351  42352  42358  42379  42390  42393  42395  42400  42412  42422  42424  42424  42454  42465  42469  42480  42488  42502  42505  42506  42528  42532  42543  42559  42564  42567  42571  42576  42583  42596  
42622  42623  42628  42630  42631  42631  42636  42650  42655  42668  42676  42686  42693  42715  42719  42722  42723  42731  42735  42748  42749  42760  42773  42787  42795  42797  42800  42801  42807  42831  42836  42839  42842  42845  42856  42873  42878  42887  42889  42890  42904  42910  42922  42937  42958  42964  42973  42977  42986  42988  43008  43014  43028  43031  43041  43051  43052  43053  43055  43063  43083  43093  43116  43131  43131  43142  43154  43162  43187  43187  43194  43199  43214  43216  43234  
43234  43241  43244  43252  43261  43264  43287  43300  43300  43313  43337  43338  43355  43360  43364  43381  43405  43413  43419  43428  43431  43446  43453  43453  43458  43466  43474  43486  43494  43503  43529  43530  43560  43564  43564  43569  43596  43600  43605  43616  43626  43652  43662  43679  43681  43684  43686  43698  43706  43707  43711  43714  43718  43740  43742  43753  43764  43779  43781  43784  43805  43808  43818  43832  43833  43840  43847  43852  43864  43866  43868  43878  43880  43886  43893  
43899  43906  43907  43909  43909  43918  43922  43922  43945  43958  43996  44000  44004  44005  44022  44028  44029  44043  44049  44068  44092  44093  44111  44113  44115  44125  44139  44140  44144  44155  44183  44194  44194  44195  44203  44207  44219  44223  44229  44232  44232  44233  44250  44250  44251  44304  44322  44334  44341  44342  44352  44365  44373  44377  44381  44386  44387  44395  44425  44427  44429  44466  44472  44479  44479  44482  44493  44500  44501  44504  44508  44519  44530  44532  44540  
44542  44548  44563  44565  44573  44579  44588  44594  44602  44616  44617  44632  44690  44694  44701  44703  44705  44708  44716  44718  44724  44736  44766  44775  44779  44790  44793  44801  44804  44830  44836  44850  44866  44867  44882  44882  44886  44888  44895  44913  44916  44924  44927  44929  44946  44987  44994  45007  45008  45019  45023  45032  45033  45037  45056  45070  45072  45077  45084  45087  45095  45096  45105  45112  45122  45143  45154  45172  45176  45192  45195  45198  45201  45216  45228  
45242  45245  45246  45249  45250  45257  45260  45270  45286  45292  45304  45308  45309  45310  45324  45326  45328  45339  45339  45339  45367  45382  45403  45427  45429  45431  45435  45437  45448  45457  45461  45477  45484  45507  45512  45524  45528  45529  45532  45533  45535  45537  45545  45548  45551  45559  45560  45563  45575  45584  45597  45600  45604  45606  45616  45623  45624  45633  45638  45652  45663  45670  45674  45682  45692  45693  45694  45700  45728  45736  45739  45743  45759  45775  45777  
45782  45790  45798  45807  45811  45825  45866  45869  45871  45874  45878  45886  45887  45887  45897  45907  45914  45914  45915  45923  45925  45942  45951  45964  45980  46006  46015  46020  46022  46053  46057  46065  46070  46093  46098  46103  46112  46112  46134  46137  46147  46153  46159  46168  46190  46195  46204  46210  46214  46232  46236  46244  46258  46290  46293  46299  46304  46308  46343  46351  46353  46355  46360  46371  46399  46409  46411  46424  46432  46432  46435  46441  46455  46457  46469  
46483  46520  46522  46524  46538  46539  46540  46547  46548  46581  46586  46600  46608  46614  46616  46620  46620  46624  46630  46655  46660  46660  46661  46666  46681  46688  46703  46727  46735  46737  46741  46748  46752  46753  46762  46766  46773  46782  46789  46825  46825  46828  46830  46830  46830  46863  46873  46878  46887  46890  46893  46900  46910  46912  46919  46936  46939  46943  46945  46946  46949  46952  46957  46961  46970  47005  47032  47037  47044  47048  47073  47083  47091  47096  47108  
47110  47112  47126  47129  47134  47141  47142  47143  47151  47158  47165  47165  47169  47190  47195  47196  47198  47209  47212  47226  47252  47256  47257  47260  47269  47292  47298  47307  47316  47327  47329  47334  47349  47349  47351  47356  47358  47358  47385  47398  47439  47439  47442  47442  47454  47455  47457  47461  47477  47504  47512  47519  47520  47534  47552  47561  47572  47577  47580  47590  47590  47602  47611  47635  47668  47684  47694  47711  47739  47767  47779  47790  47805  47811  47814  
47826  47850  47855  47861  47867  47882  47888  47890  47910  47918  47957  47972  47989  48003  48013  48026  48032  48044  48048  48050  48054  48055  48131  48142  48146  48153  48168  48171  48180  48181  48193  48208  48209  48216  48216  48225  48226  48227  48229  48234  48238  48246  48265  48266  48274  48277  48291  48306  48309  48316  48337  48356  48358  48378  48380  48396  48403  48404  48413  48429  48439  48439  48466  48466  48471  48474  48480  48500  48501  48501  48515  48518  48531  48531  48531  
48532  48534  48541  48554  48578  48585  48586  48592  48621  48622  48631  48636  48639  48639  48639  48643  48647  48653  48666  48674  48693  48741  48742  48742  48764  48787  48815  48820  48833  48841  48874  48885  48902  48904  48905  48916  48927  48942  48948  48949  48957  48958  48960  48961  48981  48991  48997  49024  49027  49044  49070  49106  49109  49124  49126  49146  49154  49168  49174  49175  49176  49199  49221  49267  49268  49361  49383  49390  49405  49409  49423  49428  49454  49479  49483  
49487  49490  49495  49498  49499  49510  49511  49525  49528  49535  49546  49550  49551  49563  49567  49581  49587  49588  49601  49604  49607  49611  49614  49616  49619  49626  49655  49657  49664  49675  49675  49683  49690  49691  49692  49714  49722  49737  49737  49762  49765  49771  49786  49804  49811  49816  49822  49830  49831  49850  49850  49851  49861  49873  49876  49878  49894  49896  49897  49909  49913  49932  49936  49955  49966  49978  49981  49981  49992  50010  50013  50017  50021  50042  50058  
50064  50068  50069  50069  50071  50075  50076  50099  50107  50107  50112  50114  50115  50118  50127  50135  50159  50176  50181  50184  50193  50195  50201  50203  50210  50219  50220  50227  50229  50239  50240  50247  50254  50265  50269  50277  50280  50281  50287  50295  50296  50342  50348  50353  50358  50360  50370  50390  50407  50414  50419  50426  50436  50458  50458  50461  50467  50477  50494  50505  50524  50534  50542  50578  50591  50598  50613  50615  50616  50616  50620  50621  50637  50645  50649  
50653  50666  50686  50688  50689  50690  50693  50701  50703  50705  50711  50736  50743  50753  50767  50786  50797  50823  50841  50858  50866  50872  50874  50904  50908  50911  50913  50914  50924  50930  50936  50947  50961  51006  51032  51036  51038  51039  51040  51064  51068  51074  51076  51077  51077  51103  51104  51112  51127  51146  51148  51165  51176  51180  51180  51182  51184  51190  51198  51204  51205  51224  51230  51235  51241  51244  51263  51266  51272  51276  51276  51277  51280  51287  51297  
51310  51318  51327  51338  51339  51342  51348  51364  51373  51377  51378  51388  51398  51404  51410  51410  51410  51415  51421  51427  51430  51432  51433  51436  51446  51450  51451  51462  51471  51474  51492  51495  51511  51514  51528  51534  51541  51549  51554  51567  51569  51570  51582  51587  51596  51599  51603  51612  51615  51620  51629  51635  51636  51637  51638  51669  51677  51703  51706  51706  51721  51734  51737  51740  51754  51755  51759  51770  51775  51785  51795  51795  51795  51822  51822  
51857  51864  51875  51881  51887  51894  51904  51928  51928  51940  51948  51969  51975  51977  51991  51994  51997  52005  52028  52032  52032  52040  52051  52066  52081  52089  52107  52112  52155  52167  52169  52197  52198  52202  52215  52220  52221  52232  52232  52243  52245  52266  52268  52271  52293  52296  52302  52308  52318  52318  52326  52331  52341  52342  52342  52358  52359  52361  52391  52398  52398  52408  52410  52411  52413  52419  52426  52439  52444  52447  52451  52451  52460  52460  52462  
52463  52465  52473  52485  52494  52494  52496  52499  52508  52521  52527  52538  52569  52589  52602  52605  52611  52628  52640  52644  52655  52664  52669  52671  52672  52682  52683  52689  52692  52694  52699  52702  52705  52714  52726  52734  52743  52745  52753  52754  52759  52760  52775  52777  52783  52797  52813  52817  52818  52821  52832  52833  52847  52864  52892  52914  52917  52933  52935  52945  52947  52955  52965  52979  52998  52998  53003  53009  53015  53020  53032  53036  53045  53052  53057  
53058  53077  53087  53104  53106  53107  53108  53117  53118  53126  53127  53130  53133  53133  53145  53150  53153  53168  53177  53188  53188  53195  53196  53197  53204  53215  53223  53225  53236  53236  53259  53278  53288  53290  53304  53307  53327  53334  53335  53338  53351  53352  53353  53364  53377  53377  53414  53422  53425  53445  53457  53459  53459  53460  53465  53488  53489  53505  53526  53527  53538  53577  53579  53587  53601  53602  53620  53630  53650  53655  53659  53662  53665  53671  53681  
53685  53689  53709  53712  53719  53719  53725  53731  53735  53753  53765  53778  53781  53784  53786  53815  53826  53840  53843  53860  53869  53890  53904  53912  53919  53921  53961  53963  53972  53973  53981  53987  53995  54011  54021  54025  54046  54049  54056  54059  54077  54089  54101  54102  54102  54115  54121  54123  54128  54142  54155  54155  54160  54187  54188  54193  54197  54209  54227  54228  54232  54237  54241  54244  54245  54254  54254  54254  54271  54272  54273  54282  54285  54304  54359  
54377  54378  54383  54385  54395  54396  54401  54405  54410  54411  54411  54421  54439  54442  54451  54459  54459  54479  54480  54482  54484  54497  54524  54533  54533  54536  54566  54581  54585  54596  54601  54612  54614  54618  54621  54625  54632  54633  54636  54637  54640  54645  54655  54655  54657  54663  54663  54672  54694  54697  54707  54715  54741  54741  54752  54767  54768  54775  54785  54797  54807  54808  54816  54820  54821  54826  54839  54843  54851  54862  54863  54872  54873  54880  54895  
54898  54904  54915  54923  54926  54941  54976  54986  54992  54992  54993  55010  55017  55028  55039  55048  55051  55053  55054  55065  55068  55075  55076  55087  55093  55101  55141  55163  55178  55178  55194  55197  55200  55212  55218  55219  55245  55282  55290  55299  55300  55303  55307  55317  55358  55361  55382  55394  55398  55404  55407  55414  55426  55436  55436  55450  55451  55452  55456  55464  55467  55494  55501  55502  55519  55522  55530  55530  55540  55543  55548  55559  55559  55560  55561  
55564  55570  55571  55573  55581  55583  55588  55590  55595  55598  55605  55625  55627  55646  55663  55705  55715  55729  55737  55751  55758  55758  55774  55790  55791  55799  55804  55818  55852  55856  55857  55871  55898  55920  55924  55936  55989  55993  56001  56003  56006  56032  56063  56070  56090  56111  56120  56140  56153  56159  56163  56165  56177  56190  56215  56219  56242  56246  56252  56269  56293  56296  56298  56304  56315  56319  56329  56334  56342  56346  56358  56359  56368  56384  56387  
56396  56399  56406  56409  56427  56430  56445  56446  56459  56474  56484  56492  56493  56499  56515  56515  56516  56524  56526  56545  56548  56567  56574  56581  56602  56612  56616  56616  56624  56629  56646  56660  56670  56674  56680  56708  56727  56761  56766  56769  56776  56785  56788  56812  56848  56851  56852  56864  56866  56871  56873  56877  56881  56901  56943  56961  56964  56971  56993  57039  57051  57053  57062  57071  57086  57117  57132  57164  57173  57180  57201  57241  57246  57248  57264  
57264  57278  57280  57282  57295  57296  57306  57312  57318  57342  57345  57358  57361  57376  57390  57394  57397  57410  57422  57423  57438  57442  57449  57455  57466  57470  57473  57474  57487  57497  57499  57504  57511  57521  57522  57526  57526  57546  57550  57561  57565  57567  57575  57591  57591  57602  57605  57608  57623  57635  57653  57682  57686  57687  57691  57693  57720  57722  57741  57751  57766  57777  57779  57780  57795  57802  57804  57804  57809  57822  57827  57829  57843  57844  57852  
57868  57869  57872  57890  57893  57918  57926  57931  57935  57936  57943  57950  57980  57982  57982  58019  58021  58043  58062  58064  58076  58080  58110  58116  58117  58124  58137  58141  58145  58145  58174  58198  58222  58244  58254  58263  58278  58281  58299  58305  58311  58319  58331  58332  58339  58347  58352  58363  58371  58379  58402  58403  58405  58419  58435  58447  58464  58473  58481  58484  58502  58521  58526  58528  58529  58555  58555  58556  58563  58572  58573  58583  58585  58588  58599  
58617  58620  58636  58640  58656  58664  58673  58685  58685  58710  58726  58729  58741  58743  58744  58751  58755  58760  58768  58773  58789  58799  58805  58817  58819  58831  58846  58866  58872  58875  58877  58881  58903  58931  58940  58944  58946  58947  58953  58985  58987  59028  59030  59030  59092  59096  59098  59103  59104  59131  59172  59176  59194  59202  59215  59216  59219  59232  59239  59247  59251  59258  59260  59264  59265  59265  59270  59272  59278  59306  59309  59319  59328  59345  59348  
59356  59360  59365  59380  59382  59398  59406  59411  59418  59425  59430  59439  59452  59460  59461  59462  59466  59480  59481  59483  59494  59499  59500  59527  59535  59548  59554  59564  59573  59593  59596  59600  59601  59603  59604  59624  59646  59667  59677  59678  59684  59721  59724  59738  59740  59743  59745  59746  59747  59748  59751  59753  59769  59780  59783  59786  59789  59797  59807  59847  59848  59849  59860  59861  59867  59877  59879  59898  59907  59914  59924  59936  59936  59943  59944  
59953  59965  59977  59990  59996  60002  60032  60064  60083  60086  60087  60087  60087  60098  60116  60144  60147  60159  60171  60182  60198  60210  60210  60216  60222  60231  60242  60242  60250  60267  60280  60284  60287  60289  60306  60308  60311  60335  60347  60360  60360  60361  60362  60383  60413  60413  60421  60425  60432  60435  60459  60466  60470  60487  60493  60501  60504  60506  60512  60514  60514  60526  60542  60549  60566  60579  60581  60600  60623  60639  60670  60680  60683  60698  60709  
60746  60750  60769  60780  60782  60786  60787  60797  60813  60820  60821  60831  60833  60833  60841  60859  60882  60886  60898  60904  60964  60967  60985  61012  61022  61026  61042  61043  61043  61052  61055  61061  61063  61066  61074  61076  61077  61079  61084  61087  61097  61106  61117  61145  61175  61186  61189  61214  61215  61225  61234  61246  61248  61283  61292  61293  61300  61315  61319  61334  61336  61342  61387  61387  61389  61402  61412  61413  61421  61422  61422  61422  61441  61485  61488  
61489  61509  61514  61517  61526  61531  61535  61540  61557  61567  61573  61588  61593  61598  61601  61614  61626  61633  61637  61647  61651  61655  61659  61668  61681  61688  61689  61695  61712  61724  61744  61745  61745  61749  61749  61763  61771  61773  61777  61782  61822  61822  61824  61838  61859  61874  61875  61881  61887  61892  61917  61918  61919  61937  61949  61957  61984  62010  62020  62031  62033  62035  62062  62087  62088  62101  62107  62112  62117  62122  62128  62135  62139  62143  62153  
62166  62179  62198  62214  62216  62219  62255  62256  62271  62279  62312  62314  62314  62323  62328  62331  62345  62347  62349  62357  62370  62374  62396  62403  62404  62406  62413  62415  62421  62435  62460  62470  62476  62495  62499  62505  62513  62515  62521  62521  62525  62538  62538  62550  62551  62560  62562  62570  62581  62584  62595  62600  62611  62611  62612  62627  62630  62640  62640  62642  62645  62647  62654  62658  62685  62701  62705  62710  62720  62726  62726  62731  62740  62744  62744  
62749  62761  62773  62775  62778  62779  62797  62804  62812  62837  62858  62861  62867  62868  62874  62875  62877  62886  62891  62891  62892  62896  62902  62908  62911  62914  62949  62957  62959  62967  62976  62982  62988  62994  62998  62999  63001  63040  63093  63096  63098  63099  63120  63124  63131  63139  63151  63155  63160  63163  63164  63167  63173  63173  63181  63206  63216  63232  63236  63239  63245  63247  63266  63267  63268  63279  63297  63327  63356  63361  63384  63410  63414  63417  63419  
63422  63425  63431  63432  63440  63442  63455  63465  63467  63495  63496  63502  63518  63542  63544  63550  63557  63566  63571  63582  63583  63589  63604  63610  63625  63633  63634  63644  63650  63653  63666  63683  63686  63693  63699  63706  63713  63714  63715  63720  63725  63729  63731  63747  63752  63755  63763  63769  63800  63804  63808  63808  63813  63824  63833  63835  63835  63853  63858  63860  63861  63874  63880  63896  63897  63898  63899  63912  63919  63952  63972  64015  64024  64033  64034  
64040  64045  64051  64078  64081  64083  64083  64087  64091  64095  64098  64101  64126  64164  64187  64194  64194  64218  64221  64226  64235  64242  64262  64277  64286  64317  64318  64328  64336  64345  64364  64386  64400  64403  64416  64421  64422  64440  64444  64450  64486  64503  64512  64515  64522  64531  64533  64535  64541  64548  64548  64573  64586  64600  64619  64626  64633  64651  64661  64667  64692  64703  64729  64739  64744  64753  64755  64774  64776  64791  64793  64810  64822  64839  64848  
64856  64876  64879  64894  64900  64907  64916  64923  64924  64930  64937  64958  64977  64987  64995  64995  65005  65005  65011  65012  65013  65014  65020  65022  65030  65037  65062  65068  65083  65094  65104  65115  65126  65136  65137  65148  65152  65152  65161  65180  65189  65189  65199  65202  65217  65219  65232  65235  65241  65242  65243  65252  65261  65262  65263  65276  65283  65310  65330  65338  65350  65351  65356  65377  65386  65387  65389  65392  65396  65397  65400  65411  65419  65420  65422  
65432  65436  65440  65444  65455  65476  65479  65488  65492  65497  65521  65526  65534  65551  65563  65574  65592  65596  65596  65602  65605  65605  65616  65618  65621  65622  65625  65625  65627  65635  65667  65679  65685  65687  65706  65719  65721  65723  65738  65740  65741  65746  65758  65766  65775  65801  65808  65809  65812  65827  65828  65860  65862  65862  65869  65878  65878  65930  65942  65943  65958  65966  65974  65978  65978  65985  65998  66000  66007  66009  66014  66017  66026  66027  66031  
66034  66037  66050  66054  66057  66058  66058  66070  66079  66081  66082  66112  66116  66119  66120  66131  66149  66152  66166  66168  66191  66192  66194  66203  66206  66212  66231  66233  66245  66248  66305  66343  66350  66366  66369  66372  66381  66385  66389  66402  66433  66434  66438  66441  66449  66455  66490  66541  66542  66544  66569  66573  66576  66582  66605  66612  66624  66629  66636  66664  66669  66681  66684  66700  66704  66729  66736  66741  66741  66742  66743  66745  66758  66790  66807  
66807  66812  66822  66831  66854  66859  66865  66866  66867  66896  66902  66910  66912  66920  66920  66939  66939  66942  66943  66943  66948  66951  66952  66952  66964  66987  66991  66991  66997  66999  67011  67012  67022  67024  67055  67057  67069  67072  67103  67105  67114  67140  67141  67144  67156  67158  67169  67171  67175  67180  67191  67200  67228  67234  67235  67240  67241  67244  67284  67290  67298  67318  67335  67346  67351  67370  67396  67411  67415  67417  67423  67423  67425  67429  67430  
67439  67451  67462  67467  67482  67484  67489  67506  67518  67531  67532  67556  67564  67577  67612  67613  67626  67634  67650  67652  67654  67663  67672  67678  67683  67695  67700  67707  67710  67711  67733  67740  67750  67751  67758  67766  67775  67777  67799  67832  67832  67840  67843  67850  67854  67857  67858  67873  67883  67883  67902  67903  67905  67907  67914  67915  67920  67924  67933  67937  67937  67939  67951  67962  67977  67981  67988  68010  68020  68025  68033  68037  68046  68053  68079  
68083  68091  68109  68109  68136  68151  68153  68157  68157  68162  68186  68195  68197  68198  68226  68230  68231  68234  68238  68280  68280  68281  68286  68289  68306  68308  68318  68319  68321  68338  68339  68344  68352  68356  68356  68365  68377  68396  68407  68412  68429  68446  68477  68488  68489  68530  68549  68567  68576  68583  68585  68600  68618  68624  68635  68642  68649  68666  68687  68711  68719  68732  68740  68741  68759  68764  68772  68807  68857  68877  68880  68885  68887  68889  68915  
68935  68938  68941  68947  68969  68970  68972  68980  69032  69033  69041  69043  69043  69052  69054  69054  69055  69068  69069  69081  69089  69090  69097  69103  69110  69116  69131  69152  69155  69161  69164  69170  69175  69178  69187  69189  69193  69198  69214  69219  69219  69249  69251  69270  69279  69284  69285  69303  69312  69313  69319  69322  69323  69329  69335  69339  69358  69379  69385  69390  69409  69412  69414  69417  69439  69439  69441  69447  69454  69454  69459  69463  69465  69489  69490  
69491  69506  69540  69541  69556  69615  69617  69639  69640  69646  69654  69657  69659  69662  69664  69670  69698  69700  69709  69713  69720  69723  69726  69737  69749  69763  69766  69771  69776  69782  69790  69800  69808  69813  69818  69845  69849  69855  69867  69876  69881  69896  69907  69908  69912  69918  69938  69943  69947  69947  69956  69974  69986  69987  69991  69994  70007  70016  70030  70032  70049  70054  70075  70075  70075  70079  70081  70100  70104  70114  70115  70121  70149  70149  70159  
70160  70182  70208  70241  70268  70272  70285  70289  70294  70314  70314  70315  70323  70330  70332  70335  70368  70395  70405  70408  70461  70479  70492  70497  70527  70530  70541  70551  70572  70580  70581  70583  70584  70615  70616  70617  70625  70626  70627  70628  70628  70628  70632  70633  70642  70665  70675  70680  70680  70684  70706  70714  70719  70726  70730  70733  70738  70774  70777  70790  70810  70812  70815  70816  70818  70818  70819  70820  70844  70871  70872  70879  70883  70885  70887  
70901  70902  70908  70913  70915  70929  70931  70941  70946  70949  70949  70950  70950  70967  70971  70976  70976  70987  70991  71004  71006  71011  71013  71017  71018  71021  71031  71044  71056  71061  71062  71075  71085  71119  71124  71138  71140  71155  71169  71183  71201  71210  71213  71221  71237  71241  71252  71255  71275  71282  71285  71287  71305  71308  71322  71337  71337  71342  71342  71348  71354  71357  71373  71401  71413  71432  71435  71439  71443  71460  71501  71509  71511  71514  71521  
71529  71537  71557  71560  71572  71584  71595  71604  71625  71626  71628  71633  71634  71636  71654  71656  71681  71691  71713  71716  71721  71732  71741  71758  71762  71793  71794  71801  71804  71806  71815  71821  71823  71833  71835  71840  71859  71878  71887  71900  71930  71949  71956  71956  71960  71987  71992  71992  72013  72018  72022  72040  72041  72047  72056  72084  72086  72103  72104  72105  72109  72124  72129  72134  72141  72142  72144  72147  72167  72180  72189  72202  72207  72207  72211  
72224  72229  72230  72240  72242  72243  72253  72261  72263  72266  72284  72289  72292  72300  72337  72346  72366  72393  72431  72436  72448  72461  72474  72477  72482  72482  72484  72489  72489  72490  72493  72508  72517  72522  72526  72528  72531  72534  72541  72552  72562  72578  72579  72580  72581  72584  72589  72607  72613  72621  72625  72644  72670  72676  72679  72682  72685  72685  72689  72693  72694  72697  72714  72727  72733  72757  72762  72766  72769  72770  72776  72780  72789  72793  72793  
72794  72807  72813  72815  72825  72829  72836  72847  72873  72874  72876  72883  72895  72915  72926  72941  72963  72964  72965  72970  72979  72990  73002  73023  73038  73054  73057  73062  73064  73066  73067  73073  73074  73093  73130  73135  73136  73145  73146  73157  73184  73228  73233  73240  73254  73257  73266  73272  73281  73287  73288  73292  73298  73304  73309  73328  73330  73333  73351  73354  73371  73387  73394  73395  73407  73413  73414  73415  73421  73432  73437  73453  73453  73468  73471  
73476  73480  73484  73485  73491  73491  73497  73527  73543  73549  73549  73550  73551  73555  73578  73601  73603  73624  73662  73666  73669  73680  73694  73695  73697  73697  73698  73701  73702  73711  73711  73720  73737  73740  73741  73748  73753  73759  73763  73777  73784  73789  73789  73791  73804  73811  73816  73818  73820  73820  73831  73849  73866  73877  73890  73892  73898  73920  73923  73931  73946  73947  73953  73955  73972  73980  74013  74018  74021  74027  74031  74044  74045  74055  74056  
74060  74062  74063  74073  74075  74076  74081  74084  74092  74102  74104  74123  74133  74133  74142  74153  74164  74182  74187  74196  74199  74200  74204  74209  74213  74221  74222  74229  74233  74254  74257  74268  74274  74274  74285  74319  74326  74328  74332  74340  74340  74365  74369  74378  74395  74401  74404  74413  74414  74414  74415  74418  74420  74421  74434  74435  74436  74451  74485  74487  74504  74545  74545  74558  74581  74587  74614  74614  74628  74634  74649  74650  74665  74669  74677  
74679  74698  74706  74709  74719  74728  74766  74768  74789  74791  74799  74800  74803  74807  74814  74827  74831  74850  74853  74853  74855  74861  74864  74870  74872  74873  74879  74889  74902  74942  74946  74955  74975  74976  74990  74995  75003  75009  75010  75013  75027  75061  75063  75064  75064  75077  75081  75092  75095  75098  75109  75110  75125  75129  75135  75145  75150  75159  75167  75174  75175  75196  75207  75217  75239  75250  75255  75257  75272  75278  75283  75297  75311  75315  75323  
75336  75341  75346  75354  75354  75360  75371  75375  75377  75384  75390  75408  75429  75429  75432  75432  75444  75453  75466  75477  75479  75482  75490  75491  75498  75502  75515  75527  75530  75532  75534  75537  75542  75543  75549  75550  75551  75552  75558  75560  75564  75583  75587  75590  75599  75606  75607  75616  75620  75622  75635  75641  75647  75655  75661  75672  75673  75680  75690  75709  75722  75729  75730  75735  75735  75753  75760  75764  75769  75772  75786  75790  75818  75820  75832  
75838  75844  75845  75864  75865  75868  75877  75881  75882  75883  75903  75905  75909  75912  75915  75930  75960  75969  75994  75996  76008  76009  76012  76027  76034  76042  76048  76065  76072  76080  76091  76103  76108  76109  76110  76120  76144  76147  76148  76154  76156  76159  76162  76173  76173  76179  76187  76210  76220  76222  76233  76234  76235  76242  76246  76264  76271  76272  76280  76288  76301  76301  76316  76317  76320  76327  76337  76358  76359  76359  76359  76360  76362  76372  76389  
76393  76400  76414  76415  76431  76444  76449  76466  76478  76484  76493  76529  76548  76549  76559  76587  76609  76613  76613  76631  76643  76646  76651  76653  76654  76693  76697  76711  76728  76733  76794  76801  76817  76820  76840  76846  76855  76878  76898  76905  76909  76910  76917  76920  76932  76948  76951  76953  76959  76961  76970  76980  76983  76986  77035  77051  77054  77068  77082  77088  77105  77108  77112  77112  77116  77120  77127  77129  77134  77146  77148  77154  77161  77162  77166  
77166  77188  77204  77216  77233  77239  77259  77260  77262  77275  77277  77279  77282  77292  77300  77314  77314  77326  77334  77336  77338  77355  77365  77378  77378  77409  77413  77417  77431  77438  77439  77446  77446  77453  77459  77460  77461  77487  77487  77496  77497  77503  77515  77538  77548  77552  77555  77559  77562  77567  77569  77573  77588  77600  77606  77609  77620  77635  77637  77652  77658  77660  77695  77706  77708  77713  77716  77719  77728  77736  77742  77754  77761  77761  77764  
77775  77777  77780  77786  77786  77787  77796  77818  77824  77833  77846  77856  77863  77872  77874  77889  77892  77903  77907  77913  77914  77922  77923  77923  77977  77978  77980  77987  77989  77990  77995  77998  78002  78006  78027  78031  78036  78037  78045  78047  78049  78050  78060  78075  78078  78085  78087  78096  78107  78113  78124  78130  78131  78158  78160  78175  78181  78195  78209  78213  78233  78236  78241  78246  78265  78268  78273  78277  78288  78312  78319  78321  78324  78326  78344  
78349  78350  78351  78354  78360  78365  78370  78388  78390  78392  78401  78401  78402  78403  78405  78408  78415  78455  78458  78464  78465  78468  78470  78475  78483  78486  78491  78505  78518  78532  78533  78542  78553  78554  78558  78559  78560  78566  78570  78606  78617  78629  78633  78643  78664  78665  78683  78686  78692  78693  78704  78730  78731  78732  78759  78768  78816  78835  78837  78838  78838  78848  78865  78870  78887  78909  78920  78923  78925  78935  78936  78938  78942  78946  78951  
78977  78982  78996  79049  79055  79058  79064  79077  79077  79080  79084  79100  79104  79115  79128  79136  79138  79145  79156  79162  79163  79179  79181  79183  79194  79195  79208  79211  79220  79229  79231  79235  79240  79248  79255  79265  79268  79277  79295  79322  79326  79347  79361  79364  79368  79395  79408  79411  79425  79425  79431  79435  79450  79479  79493  79495  79511  79524  79524  79526  79528  79530  79537  79556  79558  79565  79569  79580  79590  79617  79621  79623  79636  79637  79645  
79654  79658  79669  79676  79690  79696  79697  79704  79718  79734  79735  79739  79745  79748  79754  79765  79767  79786  79789  79799  79807  79810  79812  79823  79833  79840  79844  79854  79855  79861  79862  79863  79865  79865  79872  79890  79898  79903  79915  79935  79940  79944  79957  79970  79971  79973  79974  79994  79994  80014  80016  80017  80018  80026  80028  80047  80100  80112  80117  80130  80138  80151  80152  80173  80194  80199  80206  80209  80210  80241  80244  80251  80270  80279  80287  
80298  80317  80318  80321  80327  80330  80335  80337  80356  80356  80371  80377  80390  80391  80406  80411  80413  80426  80454  80460  80468  80484  80493  80495  80531  80532  80547  80555  80557  80570  80592  80605  80609  80613  80616  80656  80657  80676  80702  80712  80726  80734  80740  80757  80761  80774  80783  80787  80795  80809  80816  80823  80836  80863  80873  80873  80875  80894  80898  80899  80920  80924  80936  80940  80952  80953  80953  80954  80977  80987  80987  80990  80993  81009  81010  
81018  81026  81042  81076  81077  81098  81103  81109  81122  81122  81139  81158  81166  81198  81218  81218  81218  81224  81242  81262  81270  81282  81314  81324  81330  81336  81344  81346  81363  81363  81376  81381  81385  81385  81389  81396  81438  81445  81449  81451  81455  81455  81457  81460  81470  81477  81483  81510  81512  81514  81515  81531  81536  81543  81567  81575  81582  81585  81589  81592  81597  81602  81603  81607  81632  81646  81662  81668  81676  81703  81704  81705  81708  81709  81721  
81723  81724  81732  81738  81766  81772  81772  81775  81782  81790  81798  81799  81820  81821  81826  81848  81854  81871  81882  81896  81898  81901  81902  81903  81908  81911  81976  81977  81986  81990  81995  81997  82003  82012  82037  82056  82058  82058  82073  82085  82130  82134  82141  82148  82237  82242  82249  82268  82270  82284  82288  82299  82301  82329  82334  82356  82365  82366  82377  82398  82408  82415  82419  82431  82436  82437  82437  82445  82445  82445  82447  82448  82456  82466  82472  
82487  82516  82526  82537  82547  82549  82571  82586  82587  82587  82604  82612  82614  82625  82639  82650  82654  82661  82665  82666  82675  82675  82694  82727  82744  82744  82760  82769  82774  82815  82816  82836  82841  82842  82858  82878  82879  82890  82895  82903  82936  82949  82956  82956  82971  82983  82985  83001  83007  83072  83082  83095  83107  83120  83130  83132  83139  83142  83150  83152  83156  83159  83159  83168  83179  83184  83188  83194  83202  83205  83215  83219  83237  83256  83275  
83275  83288  83292  83308  83323  83327  83328  83339  83354  83384  83407  83407  83407  83408  83414  83417  83424  83429  83430  83445  83447  83448  83449  83472  83485  83493  83497  83503  83507  83508  83521  83525  83526  83555  83568  83572  83578  83605  83612  83620  83622  83634  83638  83646  83650  83655  83655  83658  83697  83699  83707  83719  83738  83750  83756  83777  83782  83783  83804  83816  83820  83825  83837  83839  83844  83861  83867  83870  83883  83885  83890  83890  83906  83916  83923  
83928  83931  83932  83944  83955  83963  83968  83976  84009  84012  84014  84019  84020  84028  84036  84051  84066  84075  84082  84086  84094  84126  84146  84150  84158  84172  84182  84185  84186  84186  84191  84197  84201  84205  84215  84219  84233  84240  84260  84263  84286  84287  84307  84321  84321  84322  84346  84350  84351  84352  84361  84368  84370  84376  84415  84420  84432  84460  84468  84473  84490  84498  84511  84513  84526  84527  84563  84563  84575  84595  84616  84617  84627  84649  84649  
84649  84651  84652  84667  84693  84701  84703  84716  84729  84730  84739  84745  84747  84752  84767  84774  84780  84782  84782  84783  84786  84800  84824  84836  84850  84854  84856  84865  84870  84873  84897  84900  84901  84916  84922  84923  84937  84941  84946  84950  84951  84951  84962  84967  84995  85007  85015  85015  85023  85034  85037  85045  85046  85051  85063  85067  85068  85099  85099  85115  85133  85133  85143  85166  85173  85183  85187  85207  85229  85230  85239  85287  85292  85306  85320  
85330  85333  85362  85366  85368  85370  85371  85374  85405  85423  85441  85442  85454  85463  85470  85473  85479  85487  85488  85498  85511  85512  85512  85530  85530  85569  85571  85593  85595  85599  85603  85608  85619  85621  85626  85628  85640  85654  85659  85684  85687  85716  85720  85727  85731  85733  85741  85770  85780  85781  85782  85811  85812  85815  85829  85837  85843  85865  85866  85909  85917  85939  85954  85959  85960  85966  85974  85983  85992  86002  86005  86008  86032  86049  86055  
86056  86062  86063  86066  86091  86096  86102  86106  86136  86150  86176  86183  86208  86217  86255  86265  86279  86283  86303  86304  86310  86310  86339  86360  86362  86390  86394  86406  86406  86412  86417  86424  86426  86428  86430  86436  86439  86443  86443  86452  86471  86485  86508  86512  86515  86527  86540  86542  86546  86549  86559  86574  86575  86591  86599  86609  86610  86621  86624  86659  86671  86671  86673  86679  86680  86691  86697  86702  86702  86710  86712  86713  86716  86738  86741  
86746  86747  86754  86766  86773  86788  86798  86805  86811  86812  86822  86876  86880  86893  86900  86902  86907  86911  86940  86949  86955  86958  86970  86988  86989  86999  87007  87012  87018  87019  87021  87035  87044  87048  87054  87071  87086  87087  87121  87122  87142  87144  87155  87156  87157  87162  87177  87185  87192  87220  87229  87232  87243  87254  87259  87261  87261  87265  87265  87266  87278  87293  87294  87296  87296  87305  87323  87330  87332  87354  87358  87378  87381  87415  87423  
87480  87481  87491  87492  87502  87505  87511  87519  87543  87544  87546  87564  87575  87578  87587  87588  87601  87606  87612  87617  87626  87630  87637  87647  87649  87653  87656  87656  87658  87663  87664  87665  87665  87666  87687  87694  87715  87732  87745  87754  87770  87772  87778  87785  87799  87802  87814  87851  87874  87877  87880  87884  87891  87917  87922  87932  87938  87939  87961  87973  87973  87975  87983  88000  88004  88008  88017  88034  88047  88048  88053  88060  88062  88068  88071  
88089  88103  88111  88126  88128  88129  88155  88163  88169  88172  88193  88208  88211  88232  88241  88245  88252  88259  88290  88298  88299  88307  88331  88338  88343  88350  88351  88352  88357  88380  88395  88398  88417  88424  88446  88449  88455  88468  88471  88471  88501  88517  88531  88533  88542  88568  88569  88590  88594  88596  88603  88603  88611  88629  88637  88640  88676  88683  88689  88697  88697  88698  88699  88701  88703  88725  88725  88745  88747  88753  88767  88778  88783  88783  88788  
88799  88801  88815  88817  88829  88852  88865  88867  88880  88900  88910  88930  88934  88936  88948  88950  88957  88963  88974  88980  89009  89009  89013  89014  89030  89038  89040  89041  89044  89057  89072  89091  89094  89098  89102  89110  89111  89124  89126  89134  89134  89138  89141  89143  89144  89153  89157  89175  89180  89203  89219  89222  89227  89251  89270  89292  89297  89297  89308  89321  89322  89324  89332  89335  89343  89351  89353  89354  89359  89368  89369  89375  89382  89384  89392  
89393  89396  89412  89427  89428  89439  89440  89443  89446  89449  89471  89485  89500  89504  89540  89547  89550  89554  89561  89563  89570  89592  89616  89620  89642  89666  89671  89671  89673  89684  89692  89721  89723  89758  89767  89774  89783  89790  89791  89808  89808  89834  89839  89863  89870  89882  89884  89897  89922  89926  89940  90003  90019  90029  90036  90039  90045  90061  90061  90064  90068  90079  90132  90172  90178  90186  90194  90203  90219  90237  90239  90241  90244  90254  90269  
90272  90276  90278  90294  90298  90298  90308  90311  90320  90322  90338  90341  90342  90357  90359  90368  90381  90381  90393  90404  90406  90413  90423  90432  90432  90439  90458  90459  90464  90468  90486  90487  90494  90499  90510  90511  90528  90536  90545  90546  90548  90553  90562  90565  90569  90575  90587  90592  90603  90606  90606  90632  90635  90659  90660  90661  90673  90691  90696  90706  90709  90726  90734  90735  90784  90793  90822  90830  90839  90843  90849  90850  90856  90858  90861  
90862  90871  90876  90885  90888  90899  90910  90919  90921  90922  90936  90941  90950  90950  90965  90966  90972  90973  90983  90984  91014  91015  91020  91026  91035  91064  91083  91093  91104  91134  91135  91136  91137  91140  91159  91172  91173  91188  91191  91192  91202  91204  91211  91222  91223  91250  91252  91253  91253  91270  91271  91279  91281  91284  91287  91306  91333  91336  91340  91349  91354  91395  91397  91409  91424  91426  91431  91435  91450  91468  91474  91479  91491  91500  91531  
91568  91569  91572  91585  91587  91596  91607  91612  91622  91635  91643  91644  91647  91648  91659  91660  91662  91663  91665  91675  91683  91698  91714  91716  91719  91723  91733  91736  91741  91747  91752  91752  91755  91765  91770  91770  91774  91781  91799  91811  91820  91821  91828  91829  91840  91872  91876  91885  91891  91893  91929  91983  91998  92001  92003  92004  92016  92017  92025  92028  92056  92076  92113  92142  92157  92165  92166  92172  92212  92214  92214  92222  92245  92249  92251  
92272  92278  92287  92293  92318  92323  92327  92340  92348  92349  92362  92373  92379  92403  92421  92427  92427  92428  92432  92436  92440  92453  92453  92461  92476  92497  92504  92515  92522  92526  92536  92541  92546  92547  92552  92553  92570  92613  92626  92632  92644  92651  92664  92666  92668  92682  92685  92691  92693  92695  92699  92699  92699  92705  92710  92712  92712  92721  92722  92736  92739  92743  92743  92745  92753  92760  92769  92786  92790  92817  92827  92833  92857  92861  92879  
92893  92896  92900  92911  92926  92930  92933  92947  92953  92959  92990  92998  93001  93014  93028  93034  93051  93064  93080  93095  93099  93103  93122  93132  93160  93160  93175  93180  93192  93193  93206  93216  93243  93257  93257  93264  93272  93285  93290  93303  93331  93337  93338  93343  93344  93351  93353  93360  93369  93372  93375  93384  93395  93399  93412  93430  93434  93458  93460  93474  93476  93492  93509  93520  93528  93535  93551  93568  93569  93574  93590  93595  93597  93603  93617  
93620  93621  93628  93633  93635  93638  93640  93659  93676  93680  93681  93682  93693  93696  93718  93721  93725  93733  93742  93749  93770  93782  93797  93798  93804  93820  93827  93833  93856  93873  93887  93889  93902  93909  93926  93930  93933  93945  93946  93949  93952  93957  93957  93962  93967  93984  93992  94006  94038  94042  94053  94056  94060  94065  94067  94077  94077  94080  94082  94083  94105  94154  94160  94173  94180  94201  94204  94212  94217  94225  94227  94229  94233  94242  94254  
94257  94264  94265  94279  94290  94299  94301  94313  94316  94319  94320  94327  94333  94338  94342  94348  94352  94361  94362  94380  94382  94384  94386  94403  94404  94420  94421  94452  94453  94466  94469  94478  94479  94483  94496  94507  94510  94511  94525  94526  94526  94538  94539  94560  94561  94577  94588  94596  94620  94638  94645  94652  94661  94662  94662  94674  94700  94700  94701  94713  94722  94751  94755  94784  94789  94792  94810  94819  94834  94845  94866  94870  94873  94908  94918  
94921  94925  94926  94928  94935  94939  94971  94971  94973  94976  95027  95045  95051  95065  95069  95077  95080  95100  95101  95135  95139  95150  95175  95181  95183  95186  95202  95227  95229  95240  95249  95265  95273  95299  95306  95311  95314  95322  95334  95339  95355  95355  95358  95359  95387  95409  95415  95430  95456  95457  95467  95470  95477  95488  95519  95521  95523  95532  95536  95570  95584  95589  95593  95632  95637  95642  95647  95671  95683  95684  95691  95694  95696  95696  95698  
95720  95721  95724  95750  95767  95770  95775  95786  95800  95813  95814  95816  95824  95831  95833  95835  95836  95853  95853  95854  95863  95876  95881  95910  95930  95946  95948  95959  95960  96007  96041  96081  96101  96117  96122  96123  96124  96134  96145  96152  96160  96180  96195  96199  96203  96221  96247  96260  96295  96297  96305  96307  96328  96338  96338  96349  96377  96382  96390  96398  96416  96440  96444  96455  96478  96497  96502  96507  96536  96540  96542  96544  96546  96554  96562  
96567  96583  96584  96589  96593  96599  96609  96626  96628  96647  96647  96667  96685  96685  96695  96698  96717  96718  96722  96726  96747  96751  96754  96762  96775  96783  96783  96788  96792  96793  96802  96818  96839  96844  96862  96883  96902  96910  96920  96924  96936  96955  96956  96959  96973  97000  97010  97024  97028  97034  97034  97045  97048  97054  97055  97066  97075  97090  97091  97098  97117  97139  97162  97166  97169  97175  97177  97182  97184  97204  97246  97253  97254  97272  97295  
97296  97297  97303  97329  97337  97342  97346  97363  97374  97379  97395  97401  97407  97416  97439  97440  97444  97485  97487  97490  97497  97510  97510  97514  97526  97538  97547  97563  97578  97619  97629  97637  97641  97647  97682  97685  97695  97703  97709  97722  97735  97736  97742  97751  97765  97772  97788  97790  97791  97793  97799  97799  97800  97801  97810  97853  97868  97871  97874  97879  97886  97898  97899  97907  97909  97920  97920  97922  97937  97937  97940  97946  97987  97998  98005  
98033  98035  98049  98072  98074  98075  98082  98089  98111  98113  98114  98116  98118  98119  98125  98126  98129  98141  98141  98142  98184  98187  98206  98215  98220  98223  98241  98249  98253  98266  98268  98281  98291  98297  98311  98331  98352  98389  98409  98435  98438  98449  98456  98460  98467  98469  98469  98473  98482  98484  98504  98505  98508  98511  98515  98531  98537  98553  98560  98568  98573  98586  98593  98594  98609  98625  98631  98643  98659  98679  98680  98692  98706  98711  98723  
98730  98741  98748  98752  98752  98760  98765  98796  98800  98809  98818  98819  98822  98837  98844  98848  98868  98869  98884  98888  98916  98921  98925  98940  98941  98947  98947  98948  98950  99002  99009  99039  99055  99059  99059  99063  99077  99087  99092  99106  99113  99113  99140  99168  99174  99183  99185  99194  99214  99222  99234  99236  99260  99266  99267  99272  99280  99291  99298  99312  99339  99359  99381  99402  99402  99403  99432  99439  99454  99462  99488  99510  99518  99518  99521  
99540  99543  99547  99558  99564  99576  99586  99602  99618  99652  99661  99662  99663  99678  99679  99692  99716  99726  99727  99745  99752  99764  99767  99776  99780  99782  99787  99798  99807  99818  99821  99830  99836  99842  99848  99853  99856  99865  99874  99884  99907  99907  99908  99909  99917  99923  99927  99933  99989  100000  