26777  98571  33286  88863  85911  29863  9541  98694  33682  99427  57988  60454  60171  96308  15115  35563  41300  22620  27779  80330  28179  66134  76025  26598  76981  48722  6951  78883  33464  5709  17540  80260  56092  63090  98987  75410  68699  67070  90486  93396  50385  8223  31747  20119  58347  63980  15519  63374  22554  35061  94241  2546  84646  83318  12018  37724  81630  53407  82146  12233  32825  1764  45085  71036  30228  53797  11788  17093  45294  16241  18833  63464  29163  15207  77790  
43462  570  43869  75568  31607  76340  78036  57505  32716  85041  83518  49931  52526  46028  76565  26606  50630  82430  62482  86778  22049  10862  92377  60672  97976  34169  38518  85134  51288  73875  43904  49657  85171  16513  19586  84536  84972  41137  12215  75028  47736  47914  58787  99804  56063  33581  97909  39707  21652  34670  99050  5786  17397  94084  54372  17279  56139  89680  2684  54884  36823  68104  34914  22813  45335  71454  49424  74927  19623  93825  2956  40596  9036  8542  92275  
43770  19312  42328  57051  34272  90070  70887  86285  26950  77971  1052  8461  18993  65587  5673  46077  37022  74927  55756  20532  57314  68754  2306  48440  80750  72485  85000  38105  8981  76990  2782  25293  43530  40257  75373  73320  94403  68720  91729  15209  191  45260  77109  28835  42827  50819  71164  30463  93384  33091  46262  8525  49769  36594  73060  86653  48234  30662  18300  80652  35021  79510  77407  29630  37422  36181  35677  10739  64792  2515  12239  70600  35656  43470  16239  
94862  60780  56238  23373  82476  16825  29779  62406  17604  11696  93283  77420  54077  55150  45342  89692  85914  82965  89700  60556  20904  68113  38297  35452  77459  84726  71437  32930  89806  3334  63625  47830  96784  74363  81474  48586  96666  68076  91688  89194  44877  47471  37171  65258  94436  47716  5698  90009  690  77458  38036  1782  48968  77316  88439  48237  87812  51219  92091  67077  91395  52011  60715  76721  87703  51160  46771  5766  65995  36282  92969  73554  92288  98052  68645  
19392  27709  16964  41196  29457  33484  59575  39483  87119  97640  58015  89708  49769  3264  35654  1176  98473  84522  43865  4592  30999  41200  45512  39067  76850  34020  49020  21104  56280  27910  80455  36753  58234  78923  34084  70965  45607  29017  81018  98732  50192  4736  67443  28192  4489  80274  20041  21765  53138  28281  78874  18645  88007  81415  32212  64694  27345  24635  81258  63646  60899  59976  52528  44332  19496  80012  28099  68587  74565  49796  27812  11947  16285  56556  15245  
66614  64096  81248  10088  7089  62752  12788  25620  60937  41817  69660  84787  82032  26964  63434  78174  32427  46069  74282  62873  29517  97785  79236  12321  65118  58408  64630  12705  64415  67098  72619  23398  34346  23023  21459  85453  46685  58168  55878  90521  7536  91120  56624  92557  37639  330  46402  74281  83476  64330  41487  22011  32737  54191  91569  3468  38876  40651  12097  40501  25046  74913  65590  52347  5659  1713  19260  13827  50923  19706  18884  50272  67798  79257  92199  
97881  16390  58302  9502  85994  87761  68862  14542  6086  23406  9011  40048  66660  89747  89861  81905  54973  55724  59077  42187  49453  24578  53883  37138  96022  88129  19014  33469  62367  50893  10556  82721  50516  74067  3423  80549  4311  36193  73805  59089  15400  67983  87668  85017  82486  78006  47503  273  47620  20528  32499  11115  93397  9337  35772  57068  36877  28382  15488  66135  73797  96577  69209  84539  15715  33335  10653  74002  11258  47249  53885  60988  75513  20605  32802  
24893  53008  2801  45754  37812  3914  97124  87099  10831  89641  76308  78452  34947  57727  62788  81725  12324  80158  41976  31532  53414  14387  11752  20002  32801  81227  70785  6442  59511  53602  8904  72377  94556  96216  72035  99206  33197  64819  12827  66227  811  67063  15997  8809  24864  31443  13947  76729  65567  56950  54636  78117  6738  89420  94095  79867  94973  380  73779  47761  55905  38144  65989  50887  89127  64341  20501  31513  52547  53998  62159  23405  95094  38955  49942  
16086  86756  57742  68960  84785  90456  78269  80190  31167  60760  65807  42395  65876  12154  39191  23371  56938  15417  97657  78987  91714  96151  1911  13756  19802  25862  37163  2175  88088  50219  89842  56036  59551  35870  19582  30644  5440  32093  43226  26226  37579  46277  92667  69010  7453  57907  46798  67532  92775  83572  49045  42117  45878  13605  99944  77633  80967  34475  14803  39889  53603  29772  50155  79941  14289  34974  71144  11107  78432  20949  73289  9899  59071  76149  18516  
48800  59782  3570  92721  89359  30430  2181  14240  13270  93956  17739  21170  22691  65000  38587  91821  58558  52608  70791  52760  48319  96331  82293  58009  20956  76416  6752  63209  38132  47695  83065  23860  64409  98139  39445  82341  38584  30168  95543  10798  44875  81069  32342  88213  67618  92552  66221  61829  95426  53788  5567  7451  71879  97854  80673  90496  96205  99260  57048  70919  3856  12429  86042  18583  36031  3267  23718  68257  88275  74228  47046  85909  91177  79831  92404  
58934  86547  44046  77924  50159  94759  94125  50474  51832  13881  13971  62302  18324  24140  6005  72928  82656  59197  62525  9747  30345  47743  8229  58851  4632  61342  5810  16982  28153  53028  21012  44178  27421  31719  27496  88251  39576  87587  33317  86340  51409  85781  13765  60959  27512  84356  62350  12029  7403  47074  47928  62109  82631  78929  80483  63332  8862  24470  57190  68959  76610  6409  14764  55652  35592  33281  66412  92908  92343  8678  79651  59425  30901  27794  49453  
38624  59890  87358  53597  53887  4539  36696  18419  75996  99513  99042  69911  40882  25918  41100  70454  41227  87613  22793  86776  79784  69692  73283  18960  10469  88029  95624  76761  92151  734  21648  10151  63334  51700  72254  82009  77392  53725  87736  35670  40961  88092  86027  84103  43033  43509  86476  70797  96056  36276  19299  19279  59280  30940  91667  65569  12273  29793  11878  33535  38444  86049  77916  56813  2771  43825  269  13308  84800  40025  99445  63951  21846  77478  95012  
13177  53031  62797  35493  57883  63736  43867  87860  38677  50621  18146  70285  33659  70791  62377  63841  51742  92464  65883  19628  958  93780  6758  79459  6316  36  85864  91602  88298  71862  82824  92645  25133  92865  16092  96503  82067  15470  97338  20595  43348  79077  87706  2797  23959  48741  14685  55894  35739  75350  6015  16685  19790  78594  28152  21770  76485  38432  25983  18827  1844  66725  80916  85527  13522  1701  49125  9671  85852  73600  21623  78031  79775  79374  54918  
64571  11373  95656  96014  63137  73175  29414  17644  53279  29307  46610  114  52864  64511  13890  53878  97468  76888  83712  72649  69086  38590  35434  11707  61619  