9  23  32  38  55  59  60  69  76  80  114  115  116  119  130  130  140  150  155  172  194  195  195  216  229  237  262  269  270  273  276  278  293  293  295  297  312  312  320  335  336  342  358  361  362  363  378  380  398  400  401  404  409  410  410  412  415  430  431  433  458  460  473  476  478  485  499  499  504  508  512  513  518  531  539  
550  554  554  558  566  575  579  590  614  616  626  627  649  655  657  658  686  727  732  735  756  758  759  759  760  782  811  827  846  866  871  879  890  914  930  931  937  958  959  962  967  981  996  1013  1017  1030  1036  1067  1075  1078  1080  1084  1090  1091  1095  1103  1106  1110  1119  1135  1143  1172  1189  1194  1244  1251  1252  1266  1283  1285  1285  1297  1298  1301  1309  
1314  1327  1331  1337  1356  1361  1372  1378  1380  1392  1407  1408  1415  1430  1438  1447  1450  1455  1460  1461  1464  1468  1477  1485  1493  1497  1508  1509  1510  1521  1549  1568  1571  1622  1633  1634  1640  1651  1664  1682  1686  1714  1718  1729  1738  1744  1752  1753  1761  1761  1786  1793  1797  1803  1807  1826  1830  1842  1868  1877  1882  1893  1894  1899  1933  1935  1937  1961  1970  1993  2010  2014  2015  2018  2030  
2033  2044  2063  2071  2088  2089  2091  2092  2104  2108  2108  2124  2127  2137  2140  2183  2187  2191  2195  2213  2215  2216  2217  2219  2230  2275  2279  2294  2299  2309  2310  2312  2315  2318  2343  2346  2352  2356  2365  2371  2373  2394  2410  2411  2415  2417  2421  2426  2439  2451  2470  2472  2472  2488  2535  2536  2551  2552  2554  2558  2583  2586  2588  2640  2642  2649  2669  2673  2678  2681  2686  2714  2719  2737  2746  
2748  2749  2760  2763  2798  2799  2820  2820  2831  2831  2874  2876  2880  2886  2896  2905  2914  2921  2932  2949  2962  2967  2969  2970  2991  3001  3001  3006  3017  3020  3026  3026  3029  3035  3052  3067  3073  3091  3096  3097  3099  3108  3117  3129  3130  3132  3135  3139  3163  3163  3169  3176  3179  3181  3183  3191  3195  3212  3214  3216  3218  3238  3247  3265  3269  3269  3284  3313  3323  3366  3373  3383  3392  3393  3394  
3400  3403  3404  3422  3424  3429  3439  3440  3440  3445  3451  3451  3452  3462  3464  3465  3476  3497  3499  3513  3516  3527  3530  3534  3534  3541  3543  3573  3578  3597  3619  3628  3631  3644  3648  3651  3653  3658  3679  3694  3707  3709  3725  3743  3758  3780  3788  3796  3797  3801  3807  3817  3838  3839  3856  3867  3880  3887  3892  3927  3930  3933  3947  3947  3975  3977  4000  4001  4008  4046  4074  4074  4076  4093  4097  
4111  4117  4131  4132  4140  4149  4157  4157  4158  4159  4169  4176  4185  4185  4210  4223  4229  4243  4254  4257  4266  4268  4269  4279  4282  4284  4289  4291  4293  4313  4315  4317  4322  4325  4333  4335  4342  4347  4356  4367  4378  4382  4383  4393  4393  4403  4408  4425  4428  4437  4445  4454  4462  4463  4474  4493  4498  4498  4501  4513  4517  4521  4526  4527  4528  4529  4537  4544  4552  4556  4559  4563  4602  4627  4630  
4637  4656  4658  4661  4695  4713  4723  4729  4729  4738  4767  4794  4799  4804  4826  4826  4834  4838  4856  4872  4876  4899  4901  4936  4939  4941  4954  4986  4987  5003  5015  5016  5021  5025  5027  5030  5034  5036  5039  5050  5050  5056  5059  5061  5062  5097  5111  5118  5151  5157  5186  5191  5233  5241  5241  5243  5256  5269  5270  5302  5309  5315  5346  5373  5380  5395  5434  5439  5444  5471  5476  5483  5492  5496  5504  
5511  5529  5532  5544  5583  5587  5593  5600  5602  5602  5612  5617  5621  5632  5635  5636  5641  5644  5679  5688  5697  5699  5707  5717  5720  5731  5737  5741  5750  5772  5776  5794  5798  5818  5837  5854  5870  5877  5878  5879  5879  5891  5892  5900  5903  5907  5930  5934  5945  5966  5967  5973  5986  6040  6059  6059  6063  6065  6075  6078  6086  6098  6134  6149  6150  6158  6172  6198  6202  6210  6213  6226  6237  6243  6248  
6262  6270  6271  6273  6280  6289  6300  6303  6310  6312  6313  6322  6329  6336  6343  6352  6353  6388  6408  6415  6426  6428  6436  6438  6463  6498  6518  6524  6532  6543  6544  6566  6570  6578  6587  6598  6602  6607  6612  6626  6641  6668  6677  6696  6721  6722  6723  6724  6738  6773  6780  6783  6786  6792  6809  6814  6817  6818  6821  6822  6822  6833  6849  6851  6865  6897  6904  6908  6909  6913  6922  6932  6935  6936  6943  
6945  6949  6964  6988  6988  6990  7005  7010  7011  7020  7058  7068  7083  7095  7125  7140  7150  7157  7175  7190  7190  7202  7205  7207  7215  7215  7228  7238  7243  7263  7264  7274  7296  7304  7312  7312  7313  7318  7323  7334  7350  7356  7363  7383  7384  7385  7387  7398  7398  7406  7441  7443  7446  7452  7469  7476  7481  7482  7502  7511  7511  7518  7522  7528  7564  7568  7576  7588  7605  7640  7651  7657  7683  7686  7686  
7692  7693  7696  7699  7703  7710  7712  7714  7724  7725  7726  7728  7729  7741  7752  7757  7774  7795  7805  7811  7823  7854  7854  7857  7864  7868  7868  7882  7886  7900  7908  7913  7918  7919  7932  7936  7943  7956  7964  7971  7984  7987  7988  7988  7990  7998  8019  8020  8023  8026  8027  8033  8043  8046  8049  8059  8063  8080  8094  8099  8104  8105  8110  8121  8126  8127  8137  8158  8163  8164  8166  8175  8181  8194  8204  
8237  8241  8244  8250  8253  8265  8287  8306  8346  8346  8349  8352  8358  8393  8395  8412  8416  8416  8419  8425  8438  8439  8445  8451  8458  8461  8475  8480  8499  8511  8519  8533  8537  8538  8544  8562  8562  8563  8564  8567  8569  8573  8614  8622  8641  8645  8649  8651  8692  8693  8700  8722  8723  8749  8751  8753  8759  8773  8779  8781  8783  8787  8790  8797  8800  8806  8811  8825  8825  8825  8832  8842  8849  8850  8857  
8878  8885  8908  8926  8942  8946  8963  8969  8970  8974  8985  9026  9028  9032  9037  9043  9044  9058  9063  9067  9083  9086  9090  9093  9098  9100  9101  9118  9122  9123  9125  9134  9160  9175  9182  9185  9187  9191  9194  9199  9200  9242  9253  9256  9259  9272  9281  9282  9316  9320  9320  9336  9337  9354  9360  9375  9375  9376  9384  9391  9402  9410  9413  9413  9453  9460  9466  9478  9486  9498  9498  9509  9522  9532  9557  
9569  9575  9577  9597  9606  9639  9658  9660  9669  9681  9693  9694  9694  9708  9711  9714  9745  9762  9768  9801  9822  9838  9840  9843  9851  9863  9866  9887  9890  9892  9903  9908  9925  9943  9949  9969  10028  10029  10039  10042  10052  10052  10063  10075  10076  10080  10097  10102  10115  10120  10131  10133  10138  10150  10170  10183  10194  10205  10208  10209  10212  10212  10213  10213  10215  10218  10219  10227  10229  10231  10245  10247  10248  10262  10272  
10277  10284  10293  10334  10344  10354  10366  10369  10385  10390  10409  10442  10445  10477  10477  10493  10503  10504  10506  10511  10518  10522  10524  10546  10552  10554  10564  10578  10616  10641  10652  10664  10671  10677  10694  10710  10740  10756  10784  10788  10794  10807  10811  10826  10838  10851  10857  10863  10882  10883  10902  10903  10909  10914  10927  10953  10962  10967  10969  10983  10984  10995  10999  11012  11036  11065  11082  11090  11090  11094  11094  11095  11126  11141  11141  
11155  11160  11188  11203  11207  11214  11218  11228  11241  11243  11260  11261  11261  11268  11272  11282  11290  11308  11313  11331  11346  11351  11356  11360  11380  11381  11388  11390  11392  11397  11404  11420  11436  11440  11454  11455  11456  11465  11472  11475  11499  11524  11530  11532  11535  11538  11544  11548  11564  11564  11568  11572  11573  11596  11610  11611  11618  11632  11634  11635  11636  11660  11662  11665  11668  11672  11672  11678  11693  11696  11700  11709  11716  11718  11734  
11735  11738  11779  11796  11797  11799  11816  11838  11848  11853  11855  11856  11865  11873  11878  11883  11895  11900  11901  11921  11965  11994  11995  11996  11996  12021  12025  12045  12054  12062  12063  12081  12094  12112  12117  12123  12155  12155  12176  12178  12188  12194  12215  12219  12226  12232  12249  12249  12250  12252  12260  12275  12282  12282  12285  12293  12294  12299  12311  12312  12316  12327  12329  12334  12339  12357  12368  12372  12384  12385  12426  12506  12513  12515  12526  
12527  12541  12550  12550  12551  12551  12560  12562  12569  12593  12594  12598  12624  12627  12637  12642  12644  12661  12666  12674  12683  12688  12693  12695  12700  12726  12736  12752  12761  12761  12784  12803  12804  12817  12832  12837  12841  12873  12875  12894  12905  12918  12946  12947  12955  12959  12985  13014  13030  13032  13033  13035  13040  13055  13066  13067  13084  13087  13087  13089  13093  13120  13121  13134  13149  13153  13157  13158  13158  13159  13216  13225  13226  13230  13247  
13255  13299  13309  13321  13342  13350  13359  13364  13367  13369  13373  13374  13389  13406  13415  13416  13428  13430  13436  13443  13446  13449  13450  13464  13471  13473  13501  13508  13531  13551  13582  13595  13598  13598  13611  13615  13632  13638  13641  13648  13661  13664  13668  13674  13677  13684  13688  13705  13706  13716  13724  13735  13750  13750  13762  13768  13813  13817  13834  13835  13841  13845  13858  13863  13866  13888  13889  13900  13914  13917  13919  13922  13926  13936  13956  
13961  13973  13979  13997  14002  14004  14006  14008  14043  14051  14052  14062  14097  14099  14113  14126  14137  14149  14188  14193  14199  14205  14206  14206  14207  14217  14218  14229  14259  14262  14268  14283  14323  14332  14335  14341  14349  14356  14363  14369  14371  14378  14389  14401  14430  14446  14450  14464  14485  14522  14539  14550  14557  14560  14563  14575  14594  14595  14607  14649  14650  14650  14652  14665  14681  14687  14689  14689  14691  14702  14704  14706  14739  14758  14773  
14782  14800  14818  14837  14838  14863  14866  14890  14914  14921  14949  14953  14957  14983  14983  14989  14990  15003  15007  15017  15024  15030  15034  15064  15066  15084  15088  15092  15096  15103  15109  15112  15127  15145  15149  15149  15153  15154  15161  15199  15201  15206  15208  15214  15216  15240  15251  15273  15283  15294  15295  15301  15302  15326  15330  15333  15339  15341  15342  15343  15347  15347  15349  15355  15359  15364  15381  15384  15385  15390  15425  15427  15430  15436  15477  
15477  15483  15487  15492  15494  15501  15518  15520  15541  15552  15560  15564  15565  15584  15585  15585  15600  15605  15605  15608  15615  15629  15645  15659  15661  15661  15667  15667  15672  15673  15680  15686  15696  15700  15700  15726  15727  15746  15749  15753  15758  15774  15779  15782  15785  15797  15799  15807  15821  15821  15828  15839  15841  15845  15849  15851  15853  15861  15872  15875  15888  15893  15899  15919  15923  15943  15949  15963  15972  15975  15982  15984  15991  15999  16002  
16018  16038  16043  16046  16050  16053  16082  16109  16140  16146  16156  16159  16173  16175  16199  16247  16252  16270  16283  16286  16300  16313  16318  16344  16358  16387  16397  16422  16433  16441  16450  16450  16461  16478  16500  16502  16502  16503  16516  16520  16521  16523  16525  16525  16529  16529  16540  16546  16548  16557  16575  16589  16590  16595  16596  16598  16599  16600  16606  16610  16613  16637  16641  16652  16658  16658  16659  16678  16681  16689  16692  16694  16700  16702  16704  
16706  16706  16711  16731  16738  16751  16752  16769  16803  16804  16826  16833  16859  16867  16877  16906  16915  16916  16917  16923  16934  16937  16946  16974  16977  16978  16983  16987  16992  17008  17014  17030  17034  17034  17034  17040  17041  17060  17070  17073  17074  17076  17082  17102  17104  17131  17141  17146  17146  17158  17170  17174  17187  17193  17196  17204  17210  17210  17218  17221  17226  17228  17229  17229  17238  17252  17254  17274  17297  17328  17333  17339  17340  17341  17347  
17353  17360  17367  17370  17379  17382  17385  17389  17397  17431  17434  17440  17441  17442  17463  17465  17474  17484  17517  17521  17522  17534  17542  17547  17568  17587  17588  17598  17602  17615  17653  17656  17662  17662  17666  17667  17667  17668  17687  17692  17706  17706  17711  17740  17742  17743  17773  17774  17775  17779  17781  17810  17827  17839  17840  17844  17856  17863  17880  17885  17892  17906  17906  17909  17915  17932  17952  17954  17963  17980  17995  18008  18024  18025  18029  
18037  18042  18046  18046  18049  18055  18060  18064  18065  18070  18101  18112  18122  18123  18125  18139  18145  18146  18157  18158  18166  18178  18190  18197  18202  18210  18216  18218  18222  18223  18254  18258  18260  18275  18314  18317  18319  18321  18341  18342  18347  18363  18365  18367  18370  18371  18382  18389  18394  18401  18403  18405  18407  18437  18465  18468  18478  18484  18494  18516  18516  18528  18528  18529  18536  18538  18542  18543  18554  18557  18558  18571  18572  18599  18610  
18628  18652  18656  18665  18671  18671  18697  18709  18737  18755  18756  18757  18771  18775  18777  18811  18828  18829  18832  18835  18838  18857  18858  18862  18872  18881  18896  18902  18921  18927  18949  18951  18956  18981  18981  18984  18990  18990  18993  18998  19011  19024  19035  19043  19049  19051  19052  19054  19056  19060  19066  19077  19093  19099  19115  19130  19143  19150  19175  19189  19192  19197  19208  19219  19221  19243  19247  19254  19265  19280  19283  19296  19300  19302  19314  
19343  19346  19352  19358  19360  19362  19363  19367  19367  19384  19397  19402  19433  19439  19465  19475  19492  19499  19513  19514  19528  19530  19542  19544  19550  19553  19558  19561  19562  19564  19576  19578  19599  19602  19613  19650  19668  19669  19680  19687  19689  19707  19714  19731  19733  19738  19747  19753  19758  19760  19766  19772  19780  19796  19803  19813  19813  19814  19817  19817  19821  19826  19837  19852  19861  19866  19866  19874  19887  19905  19932  19938  19951  19959  19961  
19961  19963  19972  19997  20016  20024  20034  20036  20048  20051  20052  20060  20061  20061  20082  20083  20093  20099  20104  20108  20109  20116  20136  20141  20144  20150  20152  20155  20161  20168  20196  20208  20212  20214  20215  20222  20231  20233  20238  20242  20245  20253  20264  20274  20290  20299  20304  20304  20307  20315  20316  20325  20325  20326  20330  20346  20351  20367  20375  20398  20423  20424  20432  20442  20444  20447  20463  20506  20527  20532  20532  20539  20560  20610  20613  
20614  20616  20618  20621  20631  20640  20649  20651  20660  20669  20681  20688  20704  20705  20712  20717  20723  20736  20746  20746  20767  20768  20769  20774  20782  20790  20796  20820  20838  20839  20841  20843  20865  20867  20875  20911  20927  20940  20942  20950  20953  20966  21001  21003  21009  21012  21040  21054  21070  21074  21080  21091  21107  21117  21137  21153  21171  21177  21196  21212  21217  21231  21242  21245  21261  21266  21281  21283  21295  21299  21306  21315  21324  21324  21333  
21336  21357  21364  21374  21374  21375  21384  21389  21400  21410  21421  21430  21446  21451  21455  21469  21495  21512  21521  21530  21539  21544  21557  21571  21576  21581  21606  21616  21624  21629  21634  21637  21644  21672  21678  21685  21686  21694  21709  21739  21739  21755  21770  21791  21817  21823  21847  21854  21886  21898  21904  21920  21921  21927  21935  21937  21945  21955  21956  21957  21964  21964  21966  21973  21999  22008  22012  22026  22029  22035  22048  22061  22066  22072  22084  
22093  22095  22099  22100  22118  22123  22150  22171  22181  22186  22207  22216  22218  22233  22235  22236  22238  22245  22246  22272  22275  22277  22285  22287  22308  22315  22317  22324  22327  22331  22338  22350  22357  22422  22438  22473  22482  22509  22518  22525  22539  22546  22548  22552  22553  22553  22579  22595  22599  22602  22605  22607  22610  22638  22649  22679  22687  22687  22693  22695  22697  22704  22707  22714  22728  22732  22733  22733  22742  22745  22747  22754  22778  22797  22797  
22799  22800  22812  22835  22842  22847  22853  22891  22892  22903  22931  22936  22939  22939  22950  22954  22956  22992  23001  23007  23015  23017  23029  23036  23048  23062  23067  23070  23097  23098  23100  23101  23118  23120  23128  23131  23137  23144  23149  23151  23155  23159  23169  23175  23182  23187  23202  23207  23217  23226  23238  23241  23241  23249  23269  23289  23291  23294  23302  23303  23330  23340  23360  23370  23378  23383  23397  23402  23402  23406  23422  23431  23440  23454  23472  
23512  23520  23520  23525  23529  23538  23547  23569  23575  23578  23584  23590  23599  23601  23606  23608  23641  23654  23667  23667  23669  23677  23709  23715  23734  23762  23784  23801  23809  23837  23846  23852  23854  23868  23873  23880  23934  23938  23941  23944  23950  23983  23986  23986  23988  23992  23996  24021  24035  24067  24068  24103  24109  24114  24120  24139  24142  24150  24152  24181  24221  24224  24225  24233  24239  24241  24249  24250  24259  24279  24283  24285  24297  24306  24338  
24340  24384  24388  24394  24400  24400  24401  24409  24416  24420  24422  24464  24465  24473  24489  24493  24499  24513  24515  24527  24530  24534  24543  24547  24558  24579  24587  24588  24594  24595  24595  24599  24604  24638  24643  24652  24653  24656  24677  24682  24699  24706  24708  24720  24720  24725  24729  24739  24749  24751  24754  24758  24774  24784  24790  24799  24801  24807  24816  24833  24834  24841  24848  24854  24862  24862  24871  24874  24887  24891  24907  24909  24916  24926  24932  
24951  24953  24972  24999  25003  25004  25006  25016  25018  25035  25054  25056  25057  25058  25100  25107  25123  25124  25132  25190  25207  25209  25242  25265  25271  25276  25300  25309  25317  25335  25340  25346  25357  25369  25370  25371  25376  25376  25385  25392  25393  25406  25425  25429  25458  25481  25505  25506  25510  25518  25522  25542  25557  25559  25576  25584  25593  25612  25618  25641  25641  25661  25665  25667  25677  25682  25683  25701  25748  25748  25750  25769  25820  25820  25829  
25832  25851  25853  25862  25881  25883  25897  25897  25904  25909  25924  25931  25932  25939  25957  25960  25969  25973  25980  25985  25988  25993  25994  25995  26009  26010  26017  26031  26037  26044  26045  26053  26061  26069  26071  26071  26072  26085  26087  26115  26139  26139  26139  26143  26152  26163  26192  26193  26203  26203  26204  26209  26219  26220  26232  26265  26269  26271  26272  26285  26293  26314  26334  26347  26348  26356  26360  26361  26386  26398  26401  26406  26416  26430  26434  
26437  26437  26458  26500  26509  26524  26533  26540  26541  26544  26548  26568  26582  26587  26600  26604  26608  26616  26617  26618  26623  26624  26634  26652  26653  26654  26659  26659  26661  26698  26716  26745  26746  26762  26770  26770  26785  26803  26814  26839  26841  26854  26858  26863  26869  26872  26874  26877  26890  26894  26902  26909  26915  26942  26953  26964  26965  26977  26978  27007  27035  27040  27043  27053  27099  27100  27102  27105  27120  27128  27128  27130  27132  27134  27138  
27143  27145  27152  27165  27171  27172  27178  27179  27182  27185  27191  27205  27206  27211  27216  27216  27230  27244  27246  27247  27277  27279  27282  27287  27295  27300  27303  27321  27360  27365  27372  27381  27390  27397  27402  27448  27452  27455  27469  27474  27480  27490  27498  27510  27511  27513  27515  27530  27530  27545  27553  27561  27563  27567  27573  27587  27591  27617  27626  27627  27634  27647  27673  27674  27677  27688  27690  27700  27705  27734  27761  27763  27777  27777  27779  
27797  27809  27834  27854  27859  27889  27890  27904  27908  27918  27923  27926  27928  27929  27942  27942  27948  27948  27959  27961  27965  27987  28006  28010  28014  28039  28055  28074  28087  28089  28090  28099  28111  28121  28125  28131  28135  28154  28155  28167  28196  28199  28208  28212  28212  28217  28246  28248  28252  28276  28321  28330  28341  28347  28349  28356  28362  28370  28373  28376  28378  28388  28407  28421  28426  28429  28434  28436  28452  28469  28471  28471  28475  28493  28498  
28510  28511  28534  28548  28556  28558  28580  28601  28617  28623  28634  28643  28646  28660  28663  28664  28667  28672  28689  28701  28717  28732  28733  28746  28757  28764  28783  28793  28820  28828  28833  28845  28848  28864  28869  28872  28878  28885  28894  28929  28930  28940  28950  28958  28959  28966  28976  28977  28989  29004  29018  29021  29028  29034  29042  29045  29047  29048  29056  29062  29064  29093  29096  29097  29105  29110  29129  29146  29157  29163  29166  29171  29174  29190  29192  
29194  29197  29201  29206  29218  29241  29257  29260  29267  29291  29301  29316  29331  29342  29342  29348  29366  29370  29380  29395  29399  29400  29404  29420  29423  29433  29443  29459  29464  29471  29485  29497  29510  29512  29515  29530  29544  29552  29554  29555  29556  29584  29601  29603  29604  29625  29633  29634  29659  29669  29673  29675  29676  29684  29686  29689  29689  29697  29711  29716  29723  29724  29731  29771  29800  29806  29812  29818  29834  29843  29846  29850  29851  29856  29875  
29882  29890  29909  29909  29911  29921  29927  29933  29940  29949  29952  29964  29983  29986  29990  30004  30004  30024  30029  30034  30070  30073  30074  30078  30086  30086  30099  30104  30113  30114  30117  30120  30126  30136  30137  30146  30155  30162  30163  30165  30178  30187  30191  30193  30194  30194  30201  30217  30221  30234  30239  30258  30271  30272  30272  30278  30284  30298  30300  30317  30328  30341  30368  30369  30370  30371  30381  30387  30400  30430  30446  30454  30455  30463  30464  
30470  30485  30487  30488  30494  30495  30506  30511  30528  30529  30546  30556  30556  30565  30588  30593  30640  30641  30642  30651  30655  30713  30714  30729  30740  30745  30748  30767  30775  30783  30788  30789  30790  30797  30806  30810  30813  30829  30837  30839  30841  30843  30843  30845  30847  30849  30851  30854  30866  30873  30886  30894  30907  30909  30916  30916  30917  30941  30957  30964  30974  30984  30999  31025  31041  31049  31071  31090  31099  31122  31134  31136  31138  31152  31176  
31177  31203  31204  31208  31219  31233  31238  31274  31288  31292  31296  31330  31340  31358  31367  31387  31387  31399  31405  31422  31427  31427  31433  31442  31446  31472  31488  31495  31499  31527  31535  31536  31536  31538  31539  31540  31542  31548  31556  31565  31570  31571  31575  31580  31589  31591  31592  31598  31612  31616  31617  31627  31635  31646  31654  31658  31662  31669  31672  31674  31680  31691  31698  31705  31708  31709  31716  31721  31737  31743  31752  31768  31785  31790  31815  
31820  31828  31828  31831  31833  31837  31843  31851  31859  31877  31878  31897  31907  31910  31934  31942  31949  31951  31976  31978  31986  31987  31989  32022  32035  32037  32065  32084  32089  32093  32098  32106  32116  32126  32131  32145  32150  32152  32157  32167  32169  32171  32184  32205  32208  32225  32226  32242  32286  32308  32321  32323  32329  32334  32339  32346  32376  32381  32383  32400  32403  32422  32441  32464  32472  32475  32477  32487  32492  32531  32531  32556  32587  32593  32604  
32608  32615  32622  32629  32635  32638  32656  32659  32660  32660  32671  32672  32688  32710  32728  32734  32749  32758  32763  32764  32787  32791  32801  32810  32844  32851  32853  32863  32870  32873  32874  32914  32916  32954  32961  32966  32984  32986  32988  32990  32992  32996  32996  32998  32999  33000  33016  33039  33045  33047  33059  33061  33089  33092  33100  33104  33108  33115  33122  33140  33144  33170  33172  33176  33199  33249  33250  33253  33258  33265  33266  33281  33283  33284  33285  
33291  33291  33293  33294  33318  33322  33328  33342  33350  33358  33361  33379  33401  33427  33429  33437  33439  33444  33449  33456  33466  33471  33472  33479  33482  33482  33483  33487  33488  33497  33501  33505  33509  33509  33511  33517  33523  33524  33540  33559  33587  33607  33607  33609  33636  33657  33672  33694  33704  33706  33708  33716  33737  33738  33741  33746  33754  33756  33788  33794  33836  33845  33877  33879  33885  33890  33894  33895  33897  33898  33901  33902  33920  33922  33925  
33945  33971  33976  33982  34010  34028  34033  34043  34043  34057  34057  34080  34081  34082  34089  34102  34104  34126  34136  34138  34174  34180  34201  34206  34233  34234  34240  34245  34256  34264  34265  34271  34272  34282  34288  34290  34291  34311  34355  34363  34368  34371  34371  34385  34404  34413  34420  34421  34429  34432  34453  34453  34481  34483  34511  34513  34553  34572  34590  34592  34609  34622  34623  34628  34631  34665  34678  34680  34685  34699  34700  34704  34716  34721  34721  
34728  34735  34747  34753  34755  34755  34761  34761  34771  34773  34778  34784  34784  34793  34798  34817  34819  34832  34837  34842  34843  34912  34926  34932  34934  34937  34945  34983  34990  35021  35022  35031  35041  35043  35047  35050  35051  35052  35053  35067  35068  35078  35081  35086  35113  35117  35120  35120  35129  35129  35138  35140  35143  35164  35166  35169  35181  35185  35193  35220  35226  35230  35243  35252  35265  35291  35294  35295  35301  35315  35322  35326  35331  35348  35361  
35361  35369  35386  35387  35411  35416  35430  35435  35438  35451  35458  35459  35459  35460  35485  35487  35493  35498  35499  35516  35517  35527  35549  35555  35558  35563  35577  35578  35581  35584  35586  35587  35589  35601  35613  35619  35629  35631  35631  35638  35642  35643  35655  35662  35666  35669  35675  35680  35682  35689  35703  35717  35738  35740  35746  35749  35756  35765  35770  35791  35799  35802  35819  35824  35827  35830  35831  35850  35885  35918  35924  35930  35940  35948  35958  
35974  35975  35980  35985  36031  36047  36052  36070  36102  36112  36115  36121  36128  36135  36148  36158  36179  36179  36185  36186  36189  36191  36205  36225  36231  36234  36236  36241  36254  36260  36309  36311  36316  36322  36325  36332  36332  36335  36359  36388  36400  36406  36442  36469  36508  36522  36534  36549  36557  36562  36562  36571  36577  36579  36582  36594  36607  36610  36625  36626  36641  36651  36653  36654  36661  36667  36673  36684  36691  36695  36703  36703  36704  36719  36729  
36736  36748  36752  36752  36768  36783  36789  36792  36802  36814  36817  36817  36817  36838  36839  36854  36858  36865  36877  36881  36896  36920  36921  36931  36958  36970  36970  36980  36981  36983  36986  36986  36991  37019  37020  37022  37031  37031  37033  37044  37055  37066  37088  37097  37110  37120  37122  37124  37128  37139  37146  37150  37151  37159  37173  37184  37185  37207  37218  37230  37275  37283  37286  37286  37288  37290  37314  37346  37372  37382  37388  37390  37398  37408  37412  
37413  37417  37421  37435  37439  37442  37458  37465  37482  37485  37486  37492  37495  37496  37496  37526  37535  37544  37557  37564  37567  37573  37575  37585  37592  37610  37622  37628  37638  37672  37682  37728  37738  37742  37747  37747  37751  37754  37773  37775  37788  37823  37823  37829  37843  37849  37850  37856  37879  37888  37897  37918  37919  37931  37941  37949  37950  37952  37958  37959  37970  37976  37979  37982  37983  37984  37997  37998  38009  38020  38026  38031  38042  38050  38058  
38094  38103  38110  38132  38140  38151  38159  38165  38180  38183  38199  38200  38207  38219  38224  38229  38229  38243  38248  38249  38261  38276  38281  38293  38298  38317  38321  38330  38354  38356  38363  38370  38371  38372  38384  38394  38415  38424  38429  38443  38449  38454  38458  38459  38461  38467  38471  38472  38478  38484  38484  38485  38498  38501  38502  38522  38548  38554  38566  38579  38585  38601  38611  38631  38635  38661  38665  38666  38680  38687  38700  38722  38736  38739  38751  
38751  38777  38778  38781  38787  38802  38803  38817  38830  38853  38863  38886  38892  38898  38903  38907  38930  38936  38957  38966  38967  38982  38989  39005  39007  39010  39018  39021  39038  39046  39048  39077  39077  39080  39098  39099  39108  39108  39109  39117  39132  39149  39155  39176  39188  39195  39195  39196  39198  39200  39201  39218  39220  39221  39249  39250  39272  39288  39288  39313  39318  39341  39352  39358  39369  39373  39376  39376  39411  39433  39437  39442  39451  39467  39473  
39474  39479  39496  39517  39529  39533  39537  39563  39573  39574  39579  39598  39601  39618  39626  39633  39644  39650  39681  39690  39691  39692  39699  39702  39723  39749  39755  39772  39774  39775  39792  39794  39812  39814  39825  39834  39835  39839  39853  39867  39871  39877  39901  39902  39906  39909  39910  39927  39930  39933  39945  39962  40043  40053  40055  40056  40061  40071  40083  40085  40093  40112  40115  40121  40125  40129  40134  40143  40144  40151  40166  40167  40177  40178  40181  
40204  40205  40207  40233  40246  40250  40264  40266  40285  40293  40302  40303  40309  40331  40341  40345  40348  40354  40356  40399  40428  40432  40456  40478  40485  40521  40524  40534  40536  40544  40555  40564  40579  40581  40581  40582  40586  40616  40630  40632  40633  40651  40662  40666  40674  40676  40681  40695  40702  40712  40714  40718  40738  40762  40763  40765  40788  40800  40801  40811  40825  40827  40835  40835  40836  40837  40843  40849  40850  40854  40855  40859  40872  40885  40894  
40911  40916  40918  40924  40930  40935  40945  40955  40958  40966  40967  40976  40977  41007  41020  41025  41042  41046  41057  41068  41073  41087  41097  41097  41105  41119  41133  41135  41141  41142  41154  41178  41197  41201  41213  41218  41220  41239  41257  41259  41265  41265  41283  41286  41304  41311  41320  41320  41322  41322  41328  41337  41339  41342  41345  41351  41353  41362  41383  41396  41418  41419  41428  41436  41443  41452  41453  41454  41455  41501  41515  41577  41581  41587  41601  
41605  41615  41643  41684  41684  41693  41696  41700  41704  41708  41740  41751  41754  41754  41784  41807  41813  41821  41823  41825  41838  41853  41858  41863  41869  41878  41879  41885  41886  41888  41912  41917  41921  41929  41930  41936  41946  41952  41978  41990  41998  42001  42019  42027  42055  42056  42057  42063  42065  42066  42075  42090  42092  42107  42115  42147  42152  42153  42174  42216  42218  42221  42236  42238  42239  42247  42248  42277  42279  42279  42291  42292  42294  42300  42313  
42315  42318  42333  42348  42349  42354  42361  42363  42371  42378  42380  42388  42391  42395  42409  42416  42417  42418  42418  42423  42435  42444  42444  42447  42458  42474  42491  42499  42500  42508  42518  42522  42527  42539  42551  42571  42577  42619  42630  42639  42646  42656  42657  42658  42683  42687  42696  42705  42712  42728  42730  42738  42739  42739  42744  42746  42746  42766  42770  42771  42774  42788  42788  42792  42809  42823  42843  42868  42880  42888  42894  42925  42926  42933  42943  
42948  42968  42970  42975  42997  42999  43020  43032  43036  43039  43055  43068  43073  43085  43087  43094  43097  43106  43129  43130  43159  43160  43166  43173  43200  43210  43232  43236  43241  43250  43259  43259  43260  43263  43267  43290  43296  43297  43310  43311  43323  43359  43373  43383  43419  43436  43440  43470  43472  43476  43486  43491  43501  43507  43512  43517  43524  43528  43530  43541  43542  43543  43546  43548  43552  43553  43554  43572  43582  43592  43594  43603  43605  43614  43630  
43632  43642  43646  43646  43647  43651  43652  43665  43669  43674  43678  43678  43681  43694  43695  43698  43705  43707  43711  43712  43717  43724  43729  43733  43743  43746  43748  43753  43754  43766  43769  43777  43780  43789  43800  43805  43806  43810  43810  43824  43826  43834  43835  43843  43849  43861  43867  43867  43892  43900  43906  43916  43917  43950  43957  43975  43992  43993  43994  44011  44011  44013  44016  44018  44034  44034  44042  44049  44065  44066  44078  44090  44093  44102  44104  
44116  44120  44125  44150  44154  44158  44161  44180  44180  44182  44191  44193  44196  44203  44206  44208  44210  44213  44214  44217  44217  44225  44227  44238  44245  44245  44253  44258  44266  44297  44303  44313  44365  44379  44399  44408  44416  44418  44468  44480  44490  44492  44494  44496  44497  44501  44505  44508  44513  44525  44527  44552  44560  44563  44572  44585  44588  44591  44596  44597  44604  44606  44642  44654  44667  44668  44680  44682  44695  44708  44722  44726  44728  44751  44754  
44755  44777  44787  44800  44811  44819  44839  44847  44868  44873  44888  44890  44901  44914  44917  44920  44921  44933  44935  44982  45000  45030  45036  45055  45064  45073  45075  45081  45084  45091  45105  45107  45117  45121  45124  45130  45135  45135  45142  45166  45166  45168  45184  45197  45213  45221  45243  45247  45249  45272  45282  45286  45291  45294  45330  45341  45352  45357  45358  45374  45375  45378  45378  45383  45388  45394  45413  45420  45423  45460  45489  45504  45521  45540  45556  
45558  45567  45581  45582  45628  45648  45683  45684  45684  45686  45689  45707  45708  45731  45731  45744  45747  45756  45760  45768  45781  45803  45811  45822  45836  45847  45861  45866  45872  45876  45876  45879  45900  45903  45925  45967  45972  45972  45975  45979  45989  45993  45996  46004  46006  46010  46025  46026  46028  46033  46033  46035  46040  46047  46050  46056  46066  46069  46088  46089  46097  46099  46130  46131  46141  46141  46149  46202  46206  46210  46219  46236  46237  46241  46249  
46250  46252  46253  46267  46273  46275  46278  46284  46290  46298  46300  46311  46311  46312  46318  46319  46322  46323  46330  46334  46341  46341  46351  46353  46373  46387  46388  46399  46436  46445  46462  46469  46482  46509  46509  46510  46516  46522  46539  46541  46545  46546  46546  46550  46554  46556  46574  46582  46585  46637  46640  46640  46658  46669  46694  46706  46710  46710  46720  46728  46733  46736  46766  46768  46775  46782  46784  46793  46813  46814  46814  46815  46826  46846  46850  
46869  46889  46917  46937  46945  46947  46957  46962  46981  46999  47017  47022  47034  47043  47081  47099  47118  47126  47130  47132  47143  47143  47146  47148  47158  47164  47180  47186  47203  47208  47219  47227  47243  47251  47252  47273  47282  47310  47315  47316  47324  47332  47334  47355  47356  47360  47366  47378  47379  47395  47399  47427  47439  47442  47450  47455  47467  47475  47475  47479  47480  47492  47495  47509  47517  47523  47525  47564  47571  47576  47603  47613  47615  47634  47650  
47650  47653  47656  47667  47673  47682  47691  47694  47698  47714  47735  47748  47749  47756  47761  47765  47768  47769  47779  47792  47793  47801  47817  47820  47821  47833  47836  47841  47844  47857  47857  47867  47890  47899  47913  47928  47931  47933  47946  47951  47963  47978  47984  48008  48045  48049  48055  48060  48068  48077  48082  48099  48113  48120  48122  48123  48133  48163  48166  48170  48171  48174  48174  48183  48190  48191  48193  48193  48194  48196  48203  48226  48251  48269  48281  
48287  48304  48318  48332  48343  48370  48370  48380  48388  48410  48411  48420  48421  48424  48446  48470  48472  48475  48476  48480  48486  48499  48555  48557  48601  48604  48615  48622  48626  48632  48637  48637  48645  48650  48654  48656  48657  48660  48661  48663  48677  48678  48689  48691  48703  48713  48716  48720  48725  48748  48754  48765  48765  48775  48784  48795  48814  48821  48821  48823  48830  48836  48849  48864  48876  48910  48911  48924  48938  48942  48948  48964  48969  48980  48988  
49033  49046  49064  49071  49096  49110  49120  49126  49132  49192  49230  49238  49260  49276  49290  49293  49307  49321  49330  49367  49375  49380  49382  49400  49406  49421  49435  49438  49442  49454  49461  49480  49481  49482  49495  49505  49506  49507  49519  49525  49526  49531  49543  49552  49561  49571  49595  49601  49611  49617  49623  49629  49630  49631  49641  49658  49665  49680  49681  49683  49684  49688  49692  49695  49701  49713  49716  49721  49738  49758  49763  49765  49769  49785  49811  
49814  49823  49829  49833  49854  49861  49870  49884  49907  49912  49913  49915  49929  49932  49941  49943  49943  49943  49980  49990  49998  50007  50039  50046  50051  50071  50081  50100  50106  50107  50107  50123  50126  50135  50142  50149  50154  50195  50196  50209  50212  50214  50268  50313  50319  50333  50337  50340  50352  50371  50397  50402  50403  50404  50427  50461  50470  50475  50491  50498  50498  50501  50512  50514  50523  50537  50569  50571  50574  50595  50599  50602  50607  50618  50623  
50641  50654  50661  50665  50669  50679  50704  50704  50716  50717  50722  50732  50736  50743  50749  50754  50759  50766  50767  50770  50792  50793  50807  50823  50825  50850  50856  50861  50863  50868  50874  50876  50877  50885  50890  50903  50931  50939  50945  50952  50955  50961  50975  50975  50979  50982  50983  50984  50989  50997  51010  51011  51017  51046  51065  51071  51080  51088  51097  51131  51161  51162  51166  51195  51215  51231  51233  51247  51262  51275  51285  51295  51309  51312  51323  
51325  51328  51329  51333  51337  51356  51361  51367  51367  51373  51379  51388  51404  51415  51429  51446  51461  51471  51479  51489  51489  51490  51500  51501  51507  51508  51512  51538  51545  51581  51592  51594  51603  51605  51618  51620  51624  51628  51628  51651  51652  51660  51668  51671  51678  51699  51703  51716  51730  51740  51757  51758  51761  51786  51791  51796  51821  51831  51844  51849  51854  51863  51873  51892  51893  51899  51927  51927  51937  51939  51948  51949  51954  51955  51956  
51980  51983  51990  51994  51997  52002  52005  52007  52014  52042  52042  52042  52049  52051  52051  52053  52060  52062  52080  52085  52094  52109  52130  52136  52149  52149  52157  52172  52176  52177  52196  52205  52216  52223  52229  52245  52270  52271  52285  52294  52309  52322  52331  52335  52336  52356  52357  52362  52369  52392  52395  52405  52419  52425  52436  52441  52442  52444  52454  52458  52468  52475  52479  52483  52484  52501  52509  52511  52523  52528  52534  52535  52541  52554  52555  
52558  52562  52569  52569  52572  52575  52577  52579  52596  52607  52611  52617  52630  52630  52634  52639  52640  52644  52644  52679  52681  52688  52688  52689  52702  52714  52720  52722  52767  52768  52772  52776  52776  52791  52798  52814  52828  52830  52843  52851  52860  52869  52878  52886  52888  52916  52922  52955  52967  52971  52972  52976  52977  52987  53027  53051  53056  53076  53081  53082  53097  53106  53108  53117  53123  53160  53161  53164  53164  53179  53224  53243  53262  53276  53279  
53282  53298  53302  53308  53312  53322  53356  53365  53365  53371  53392  53411  53411  53420  53433  53436  53443  53461  53465  53468  53481  53489  53494  53500  53510  53511  53532  53537  53547  53549  53555  53576  53581  53583  53589  53598  53608  53615  53617  53632  53643  53674  53679  53701  53703  53704  53720  53720  53727  53738  53742  53764  53766  53769  53774  53775  53777  53779  53779  53783  53786  53788  53793  53797  53801  53808  53813  53823  53832  53837  53849  53851  53854  53858  53893  
53895  53908  53911  53916  53939  53959  53959  53972  53983  53991  53995  54010  54013  54014  54050  54059  54060  54070  54091  54114  54123  54132  54162  54169  54175  54177  54190  54193  54197  54218  54231  54248  54270  54271  54288  54293  54295  54297  54304  54309  54311  54327  54347  54359  54362  54363  54366  54371  54388  54418  54421  54427  54432  54438  54439  54447  54456  54461  54475  54477  54479  54480  54485  54486  54511  54525  54533  54534  54535  54574  54584  54584  54590  54601  54605  
54609  54614  54618  54632  54640  54649  54668  54672  54692  54694  54698  54709  54736  54754  54754  54762  54763  54764  54766  54768  54780  54790  54799  54832  54835  54843  54847  54848  54852  54871  54898  54899  54912  54914  54920  54921  54928  54932  54943  54944  54945  54952  54957  54958  54975  54991  54999  55013  55020  55027  55041  55045  55049  55050  55054  55059  55066  55071  55073  55077  55091  55098  55121  55126  55129  55134  55148  55149  55158  55170  55171  55174  55179  55201  55216  
55224  55224  55231  55244  55249  55263  55264  55274  55281  55285  55287  55293  55298  55300  55301  55312  55316  55321  55328  55343  55351  55354  55354  55365  55378  55386  55394  55402  55403  55406  55408  55421  55433  55440  55444  55447  55451  55459  55461  55461  55462  55476  55491  55503  55505  55507  55523  55533  55536  55539  55567  55569  55573  55586  55593  55607  55611  55615  55619  55622  55622  55654  55657  55666  55673  55675  55676  55717  55736  55740  55752  55761  55761  55762  55772  
55790  55800  55810  55815  55819  55821  55838  55845  55846  55862  55862  55868  55869  55886  55893  55897  55904  55905  55908  55919  55931  55935  55942  55943  55953  55967  55968  55971  55972  55983  56007  56015  56025  56028  56034  56034  56062  56064  56095  56107  56139  56142  56142  56143  56143  56147  56148  56152  56157  56161  56164  56171  56201  56224  56228  56243  56247  56259  56263  56267  56270  56279  56283  56297  56316  56324  56329  56359  56375  56382  56385  56400  56411  56417  56419  
56422  56431  56442  56446  56462  56472  56483  56494  56494  56497  56497  56500  56511  56521  56555  56561  56564  56566  56570  56581  56582  56590  56592  56600  56605  56606  56637  56653  56653  56654  56664  56666  56667  56674  56680  56683  56698  56711  56714  56715  56715  56718  56728  56730  56733  56735  56786  56800  56807  56811  56816  56816  56818  56819  56832  56841  56861  56874  56878  56881  56886  56893  56894  56895  56897  56898  56900  56912  56918  56924  56929  56933  56950  56956  56986  
56988  57011  57013  57023  57033  57043  57059  57065  57067  57087  57088  57094  57096  57100  57100  57100  57106  57113  57117  57121  57128  57138  57161  57178  57191  57198  57222  57223  57228  57238  57247  57265  57275  57287  57290  57290  57305  57319  57324  57353  57354  57360  57365  57399  57419  57425  57442  57445  57447  57448  57454  57467  57468  57471  57495  57510  57524  57539  57550  57552  57564  57568  57571  57573  57574  57593  57596  57606  57611  57628  57659  57660  57664  57668  57668  
57686  57694  57704  57725  57732  57740  57769  57782  57787  57795  57813  57817  57818  57821  57823  57838  57857  57859  57861  57876  57888  57892  57897  57904  57907  57915  57917  57922  57928  57940  57942  57957  57959  58003  58005  58022  58024  58054  58074  58077  58080  58085  58090  58090  58096  58130  58132  58134  58135  58142  58145  58147  58156  58157  58158  58159  58169  58169  58171  58228  58229  58234  58248  58252  58265  58278  58319  58352  58357  58358  58359  58382  58404  58412  58422  
58472  58477  58485  58485  58486  58490  58503  58503  58506  58507  58508  58513  58514  58517  58534  58541  58542  58556  58569  58573  58578  58579  58581  58581  58585  58602  58604  58614  58619  58620  58620  58624  58629  58631  58634  58661  58665  58665  58672  58673  58682  58683  58686  58704  58711  58719  58736  58745  58750  58759  58773  58774  58775  58783  58797  58802  58815  58827  58834  58838  58839  58847  58854  58855  58880  58895  58905  58907  58920  58941  58941  58941  58963  58967  58975  
58979  58982  58984  58994  58998  59004  59021  59022  59035  59043  59043  59074  59082  59085  59108  59117  59122  59122  59125  59131  59145  59156  59156  59157  59167  59174  59193  59196  59197  59215  59221  59238  59239  59252  59267  59273  59274  59300  59305  59307  59311  59314  59314  59322  59322  59331  59346  59346  59353  59355  59375  59385  59397  59398  59418  59419  59421  59432  59437  59462  59465  59472  59474  59487  59498  59501  59502  59502  59512  59513  59550  59561  59561  59561  59572  
59576  59584  59599  59608  59617  59619  59630  59636  59639  59639  59639  59654  59670  59677  59677  59681  59683  59686  59701  59701  59712  59721  59733  59734  59766  59768  59826  59832  59852  59854  59862  59864  59898  59902  59907  59918  59919  59926  59928  59930  59943  59950  59973  59974  59989  59991  59994  60004  60031  60051  60055  60069  60070  60079  60082  60085  60086  60095  60095  60107  60112  60116  60121  60127  60149  60152  60155  60156  60175  60181  60182  60189  60232  60244  60245  
60260  60277  60285  60286  60287  60302  60318  60320  60322  60325  60333  60337  60351  60378  60387  60389  60397  60415  60417  60438  60458  60467  60481  60491  60495  60526  60534  60557  60557  60557  60560  60567  60570  60575  60577  60587  60588  60591  60632  60632  60645  60648  60650  60654  60667  60669  60672  60673  60682  60695  60699  60703  60711  60717  60755  60756  60783  60785  60787  60804  60805  60815  60820  60839  60841  60844  60849  60858  60875  60880  60906  60908  60910  60920  60938  
60950  60951  60952  60958  60958  60965  60976  60978  60979  60980  60988  60992  60997  61002  61008  61017  61022  61040  61043  61048  61051  61061  61066  61068  61071  61078  61082  61093  61095  61145  61165  61174  61188  61189  61193  61228  61253  61268  61274  61278  61281  61311  61316  61337  61349  61356  61374  61401  61402  61402  61427  61441  61458  61463  61467  61469  61475  61482  61496  61508  61520  61523  61525  61532  61533  61535  61538  61541  61550  61555  61562  61563  61566  61570  61572  
61583  61594  61600  61603  61619  61619  61633  61635  61640  61657  61661  61661  61662  61675  61680  61682  61692  61694  61709  61721  61730  61739  61741  61749  61756  61758  61772  61782  61789  61798  61821  61827  61828  61852  61853  61871  61872  61878  61888  61899  61901  61902  61908  61920  61940  61951  61960  61964  61967  61974  61979  61997  62001  62005  62013  62018  62020  62028  62033  62044  62059  62066  62069  62070  62072  62074  62076  62089  62103  62113  62124  62138  62152  62171  62172  
62174  62186  62186  62189  62195  62197  62198  62199  62213  62223  62232  62240  62252  62259  62272  62281  62282  62292  62294  62321  62335  62347  62349  62350  62351  62353  62358  62364  62378  62391  62411  62420  62426  62436  62443  62453  62455  62457  62480  62481  62484  62498  62513  62514  62517  62536  62536  62541  62543  62546  62555  62555  62561  62571  62576  62583  62589  62601  62612  62617  62631  62634  62639  62641  62652  62654  62659  62697  62709  62720  62722  62732  62749  62753  62762  
62763  62764  62771  62790  62792  62809  62809  62816  62834  62854  62855  62872  62873  62892  62908  62910  62912  62958  62974  62978  62986  62988  63010  63011  63011  63012  63018  63027  63036  63041  63043  63073  63077  63086  63102  63107  63112  63124  63129  63139  63141  63143  63169  63198  63202  63203  63203  63207  63215  63216  63225  63229  63232  63240  63251  63258  63259  63293  63294  63295  63296  63297  63303  63307  63319  63335  63352  63357  63372  63393  63428  63454  63465  63469  63480  
63485  63494  63500  63502  63509  63514  63526  63531  63532  63537  63540  63542  63551  63567  63568  63584  63591  63600  63604  63613  63618  63620  63624  63648  63677  63702  63707  63716  63723  63726  63738  63748  63755  63769  63788  63790  63797  63799  63804  63806  63810  63828  63834  63841  63841  63847  63852  63855  63856  63877  63883  63900  63906  63914  63918  63918  63928  63931  63941  63963  63964  63980  63989  63990  64011  64046  64047  64048  64051  64062  64072  64075  64087  64120  64125  
64132  64155  64168  64170  64175  64182  64187  64201  64212  64217  64219  64224  64228  64239  64249  64270  64278  64298  64318  64330  64331  64343  64348  64350  64360  64360  64373  64398  64404  64405  64414  64419  64438  64458  64461  64474  64487  64499  64540  64593  64598  64613  64633  64643  64652  64652  64658  64663  64674  64707  64715  64725  64728  64735  64739  64746  64749  64750  64757  64765  64768  64781  64782  64784  64787  64793  64795  64796  64803  64804  64805  64812  64859  64861  64914  
64922  64924  64925  64925  64929  64951  64973  64975  64978  64983  65007  65008  65023  65027  65034  65047  65050  65063  65066  65069  65096  65099  65119  65120  65129  65155  65180  65183  65185  65187  65192  65205  65207  65219  65247  65250  65254  65261  65273  65284  65288  65292  65294  65302  65307  65311  65324  65332  65334  65342  65345  65345  65354  65362  65372  65393  65396  65399  65411  65417  65426  65443  65453  65453  65461  65475  65480  65481  65509  65520  65520  65521  65530  65532  65533  
65562  65567  65594  65622  65641  65644  65659  65666  65719  65720  65725  65729  65732  65736  65741  65758  65764  65769  65778  65780  65783  65787  65797  65801  65802  65808  65809  65813  65818  65829  65830  65843  65844  65853  65887  65901  65903  65910  65911  65917  65922  65927  65930  65934  65949  65950  65997  66009  66026  66030  66031  66031  66039  66051  66054  66071  66072  66073  66077  66078  66089  66091  66091  66108  66109  66110  66113  66115  66122  66124  66131  66138  66141  66143  66160  
66172  66180  66185  66205  66210  66212  66222  66229  66232  66244  66252  66256  66257  66259  66267  66280  66280  66288  66310  66313  66321  66323  66328  66329  66331  66355  66362  66366  66367  66369  66370  66374  66381  66401  66417  66422  66444  66458  66483  66500  66505  66510  66513  66552  66558  66560  66570  66575  66600  66610  66625  66626  66634  66638  66639  66664  66665  66667  66670  66676  66685  66703  66704  66720  66727  66739  66791  66791  66794  66796  66880  66885  66895  66901  66902  
66916  66923  66925  66927  66943  66951  66957  66960  66962  66972  66978  66979  67011  67028  67038  67039  67042  67068  67072  67078  67080  67097  67106  67113  67121  67132  67133  67135  67141  67152  67157  67180  67189  67222  67231  67233  67233  67242  67248  67249  67257  67259  67289  67290  67295  67308  67320  67325  67362  67365  67374  67376  67391  67406  67411  67430  67431  67443  67459  67465  67471  67473  67476  67491  67495  67502  67509  67520  67527  67540  67541  67546  67549  67561  67561  
67578  67595  67596  67599  67604  67636  67642  67643  67658  67663  67673  67674  67677  67689  67713  67716  67716  67723  67739  67740  67742  67749  67754  67773  67779  67790  67797  67803  67806  67813  67821  67827  67835  67839  67859  67876  67878  67883  67889  67904  67909  67920  67920  67924  67935  67940  67949  67949  67954  67957  67959  67960  67995  68003  68011  68011  68018  68025  68034  68035  68035  68041  68053  68054  68055  68063  68068  68097  68099  68103  68139  68149  68166  68171  68210  
68214  68228  68230  68234  68235  68243  68244  68247  68248  68250  68251  68269  68289  68290  68365  68367  68377  68377  68398  68411  68422  68426  68440  68440  68441  68472  68482  68502  68505  68522  68536  68539  68559  68560  68592  68592  68597  68600  68607  68630  68631  68645  68651  68662  68663  68680  68697  68705  68708  68710  68726  68733  68754  68755  68769  68779  68812  68813  68817  68826  68844  68846  68852  68854  68895  68909  68911  68923  68925  68932  68934  68935  68946  68946  68946  
68978  68993  69002  69002  69003  69004  69015  69021  69064  69066  69106  69127  69127  69139  69155  69176  69201  69203  69210  69213  69218  69220  69224  69248  69252  69273  69276  69290  69292  69297  69299  69326  69341  69349  69361  69364  69382  69383  69393  69408  69409  69442  69446  69447  69448  69459  69478  69485  69487  69487  69496  69503  69517  69555  69556  69561  69619  69620  69624  69632  69642  69645  69651  69655  69656  69659  69665  69668  69676  69679  69686  69687  69689  69693  69697  
69727  69750  69762  69766  69769  69781  69794  69834  69843  69861  69869  69871  69886  69911  69915  69921  69928  69929  69935  69939  69959  69960  69963  69964  69968  69969  69979  69983  69991  69999  70021  70037  70047  70068  70071  70071  70079  70109  70117  70124  70128  70134  70135  70170  70177  70185  70205  70207  70208  70213  70214  70218  70225  70235  70247  70256  70263  70283  70298  70299  70308  70312  70341  70359  70376  70390  70393  70394  70401  70411  70414  70415  70439  70448  70455  
70457  70473  70476  70485  70509  70521  70525  70525  70566  70582  70599  70617  70623  70626  70627  70636  70643  70650  70659  70659  70668  70677  70677  70694  70695  70708  70715  70737  70740  70748  70755  70758  70763  70767  70775  70780  70805  70808  70812  70817  70818  70825  70863  70873  70892  70895  70902  70905  70909  70911  70918  70920  70938  70942  70945  70950  70951  70955  70961  70966  70969  70988  70988  70999  71004  71013  71020  71043  71051  71052  71055  71064  71077  71084  71104  
71105  71130  71132  71139  71145  71147  71161  71168  71169  71170  71172  71173  71176  71176  71182  71202  71207  71213  71215  71222  71226  71231  71257  71274  71287  71291  71292  71296  71302  71314  71323  71338  71338  71340  71340  71350  71351  71372  71374  71383  71384  71391  71392  71419  71427  71428  71432  71450  71452  71465  71471  71491  71495  71503  71523  71532  71538  71544  71548  71549  71558  71558  71602  71603  71614  71614  71614  71625  71626  71634  71663  71679  71691  71698  71699  
71719  71721  71725  71730  71749  71767  71782  71784  71793  71799  71809  71809  71814  71832  71842  71846  71855  71861  71862  71870  71893  71895  71895  71896  71925  71956  71970  71972  71976  71983  71989  71993  72002  72002  72004  72005  72013  72022  72034  72037  72043  72061  72086  72092  72093  72118  72124  72142  72147  72164  72170  72197  72214  72221  72226  72232  72242  72245  72250  72254  72257  72261  72279  72283  72313  72318  72327  72333  72336  72339  72342  72348  72365  72366  72368  
72381  72382  72402  72408  72415  72430  72442  72450  72463  72480  72484  72490  72497  72503  72505  72505  72506  72548  72568  72571  72571  72592  72598  72616  72634  72645  72650  72659  72676  72680  72697  72715  72731  72742  72745  72753  72760  72774  72782  72783  72784  72784  72816  72827  72832  72833  72844  72850  72853  72853  72865  72871  72878  72886  72889  72898  72916  72917  72926  72927  72932  72937  72938  72941  72965  72968  72970  72986  72990  73021  73027  73048  73051  73062  73069  
73070  73078  73079  73080  73082  73086  73097  73099  73100  73100  73103  73107  73123  73129  73131  73131  73147  73170  73184  73213  73215  73215  73216  73231  73233  73252  73259  73261  73267  73282  73298  73302  73308  73326  73341  73357  73361  73382  73382  73384  73384  73399  73402  73405  73412  73421  73423  73425  73428  73472  73478  73500  73516  73517  73546  73551  73552  73563  73565  73567  73577  73584  73587  73596  73627  73666  73666  73671  73685  73694  73695  73703  73727  73733  73742  
73761  73771  73781  73793  73795  73801  73803  73817  73819  73837  73851  73852  73863  73873  73874  73886  73897  73920  73924  73930  73964  74004  74009  74027  74047  74048  74063  74067  74067  74069  74075  74082  74102  74111  74128  74132  74140  74141  74148  74162  74188  74191  74194  74197  74199  74200  74203  74212  74228  74229  74234  74234  74241  74246  74249  74266  74275  74296  74307  74320  74329  74337  74352  74353  74370  74385  74386  74400  74404  74413  74425  74426  74426  74432  74436  
74442  74447  74447  74465  74475  74488  74491  74491  74492  74493  74504  74536  74548  74548  74555  74565  74567  74593  74602  74616  74617  74621  74625  74628  74675  74688  74696  74710  74719  74739  74740  74751  74758  74769  74771  74771  74778  74787  74788  74791  74802  74823  74825  74827  74836  74836  74856  74873  74887  74908  74908  74920  74921  74940  74953  74955  74968  74968  74969  74977  75011  75014  75031  75038  75042  75052  75060  75070  75085  75122  75138  75140  75140  75140  75141  
75145  75149  75156  75166  75177  75189  75191  75196  75202  75211  75236  75244  75252  75253  75261  75265  75276  75291  75298  75302  75304  75320  75324  75327  75331  75338  75338  75354  75368  75369  75370  75408  75417  75424  75433  75434  75450  75454  75467  75495  75497  75499  75504  75506  75511  75517  75525  75525  75533  75533  75536  75542  75548  75551  75562  75568  75601  75605  75631  75643  75654  75672  75684  75696  75702  75703  75704  75706  75708  75714  75723  75727  75730  75734  75741  
75749  75757  75757  75760  75770  75774  75788  75791  75792  75794  75797  75802  75803  75806  75809  75811  75815  75815  75821  75852  75856  75865  75866  75868  75873  75879  75896  75900  75903  75904  75904  75916  75918  75928  75980  75980  75996  75999  76004  76005  76011  76019  76025  76028  76039  76040  76040  76050  76063  76065  76071  76079  76081  76101  76113  76115  76117  76128  76142  76150  76151  76157  76178  76182  76186  76194  76232  76239  76248  76252  76277  76281  76283  76296  76308  
76315  76342  76357  76367  76372  76373  76375  76375  76381  76387  76419  76434  76438  76439  76465  76469  76503  76514  76530  76558  76564  76568  76570  76573  76574  76576  76580  76595  76596  76602  76602  76623  76624  76629  76630  76669  76675  76686  76693  76695  76703  76707  76709  76709  76712  76712  76716  76720  76721  76721  76726  76730  76732  76734  76740  76758  76761  76776  76779  76782  76792  76815  76816  76821  76828  76838  76839  76840  76851  76852  76853  76865  76869  76870  76876  
76877  76879  76884  76889  76889  76904  76907  76919  76936  76943  76944  76962  76985  76991  77001  77015  77017  77027  77029  77054  77075  77076  77088  77106  77106  77113  77134  77135  77138  77139  77152  77152  77152  77159  77161  77169  77181  77183  77195  77209  77211  77228  77242  77254  77258  77267  77290  77296  77308  77309  77313  77334  77348  77354  77358  77362  77389  77392  77395  77397  77401  77411  77413  77415  77417  77420  77426  77429  77436  77443  77446  77477  77484  77491  77504  
77505  77509  77510  77524  77524  77560  77570  77588  77598  77607  77613  77638  77643  77646  77649  77658  77670  77670  77674  77680  77687  77709  77710  77711  77715  77720  77734  77736  77746  77753  77763  77767  77771  77777  77790  77800  77805  77810  77822  77832  77832  77844  77849  77852  77865  77887  77901  77923  77945  77955  77964  77974  77977  77990  77995  78002  78009  78028  78028  78031  78042  78049  78070  78071  78085  78094  78103  78104  78114  78121  78129  78146  78151  78151  78151  
78164  78174  78179  78179  78194  78202  78211  78213  78247  78257  78272  78273  78282  78283  78310  78315  78318  78319  78323  78324  78325  78334  78346  78353  78356  78358  78364  78368  78368  78397  78399  78421  78426  78428  78431  78431  78434  78441  78446  78448  78448  78454  78458  78468  78470  78476  78480  78500  78519  78522  78525  78534  78535  78542  78577  78580  78582  78601  78603  78606  78616  78619  78626  78636  78639  78642  78643  78663  78676  78677  78710  78717  78721  78726  78731  
78733  78757  78760  78766  78779  78801  78802  78804  78805  78823  78840  78851  78853  78863  78873  78876  78891  78901  78912  78924  78926  78930  78931  78932  78975  78988  78989  79004  79005  79005  79014  79019  79031  79031  79034  79045  79061  79085  79100  79110  79111  79113  79113  79118  79129  79166  79168  79169  79174  79187  79222  79224  79226  79230  79231  79236  79247  79261  79265  79271  79289  79290  79338  79361  79366  79370  79373  79397  79403  79415  79416  79431  79435  79436  79448  
79452  79458  79466  79474  79490  79503  79525  79527  79528  79541  79553  79585  79585  79591  79616  79618  79631  79637  79637  79640  79647  79672  79681  79685  79686  79689  79712  79723  79731  79733  79734  79735  79737  79752  79756  79775  79795  79804  79809  79811  79813  79815  79827  79831  79833  79835  79839  79849  79864  79865  79874  79886  79907  79907  79909  79912  79922  79922  79947  79968  79972  79973  79987  79990  79994  80000  80023  80026  80066  80068  80074  80079  80094  80098  80099  
80112  80115  80122  80131  80143  80146  80153  80154  80170  80181  80185  80189  80189  80191  80206  80207  80239  80257  80263  80271  80297  80313  80321  80330  80361  80362  80362  80376  80382  80386  80392  80398  80411  80420  80421  80425  80462  80463  80466  80467  80476  80497  80503  80504  80509  80513  80518  80523  80532  80533  80536  80544  80573  80578  80581  80584  80587  80589  80601  80620  80630  80639  80639  80641  80648  80657  80675  80687  80692  80693  80693  80696  80702  80709  80711  
80719  80721  80722  80725  80732  80743  80764  80785  80786  80792  80802  80804  80812  80839  80851  80852  80861  80871  80890  80898  80900  80911  80914  80930  80934  80937  80962  80980  80995  80996  80999  81029  81036  81043  81061  81073  81077  81098  81107  81110  81123  81136  81144  81147  81171  81181  81188  81190  81193  81205  81206  81210  81216  81220  81221  81248  81281  81290  81295  81305  81312  81320  81333  81334  81344  81368  81369  81374  81385  81401  81422  81450  81457  81459  81462  
81462  81473  81475  81485  81486  81498  81500  81500  81539  81557  81562  81575  81599  81600  81601  81609  81617  81618  81620  81627  81644  81648  81653  81654  81664  81667  81681  81699  81706  81710  81711  81713  81720  81723  81728  81744  81745  81751  81759  81772  81778  81797  81798  81801  81817  81827  81827  81838  81838  81838  81845  81848  81854  81857  81861  81885  81887  81906  81913  81915  81931  81934  81943  81951  81952  81954  81976  81976  81977  81988  81989  81989  81993  81999  82001  
82030  82062  82063  82074  82085  82094  82100  82111  82121  82139  82139  82161  82162  82164  82204  82220  82227  82244  82252  82253  82258  82260  82262  82274  82275  82283  82304  82310  82316  82323  82324  82327  82329  82334  82337  82349  82349  82366  82368  82375  82383  82391  82431  82438  82466  82493  82495  82504  82517  82527  82533  82554  82568  82591  82598  82619  82621  82635  82636  82638  82654  82676  82688  82690  82690  82695  82697  82725  82731  82743  82760  82776  82779  82804  82819  
82823  82835  82840  82845  82865  82896  82906  82921  82922  82925  82934  82945  82949  82950  82956  82959  82964  82965  82966  82971  82972  82982  82998  82999  83039  83050  83060  83088  83128  83144  83149  83161  83165  83165  83186  83197  83228  83229  83262  83266  83277  83279  83287  83290  83316  83361  83364  83374  83393  83400  83409  83410  83416  83440  83441  83446  83457  83472  83481  83485  83486  83487  83492  83520  83551  83553  83569  83576  83581  83604  83608  83616  83625  83632  83635  
83637  83637  83645  83652  83661  83675  83682  83686  83693  83695  83735  83756  83766  83775  83775  83790  83799  83804  83822  83838  83845  83852  83893  83894  83900  83920  83931  83933  83934  83940  83946  83968  83974  83977  83991  83992  83993  83999  84007  84016  84024  84035  84037  84044  84049  84065  84081  84084  84105  84146  84151  84176  84177  84182  84186  84190  84218  84221  84222  84240  84280  84286  84288  84312  84323  84323  84328  84328  84367  84375  84376  84376  84397  84400  84416  
84423  84427  84464  84482  84497  84514  84534  84538  84546  84557  84561  84567  84572  84582  84583  84594  84601  84615  84626  84639  84641  84650  84657  84659  84659  84660  84676  84694  84697  84700  84700  84720  84725  84732  84751  84763  84766  84783  84792  84794  84804  84809  84815  84840  84845  84850  84860  84867  84869  84874  84876  84892  84894  84895  84911  84917  84919  84946  84950  84993  84994  84999  85024  85038  85038  85067  85079  85083  85088  85089  85094  85099  85103  85105  85132  
85146  85167  85181  85181  85187  85195  85203  85222  85227  85229  85273  85277  85286  85287  85289  85296  85298  85300  85302  85312  85324  85340  85361  85369  85370  85376  85376  85419  85423  85429  85461  85465  85469  85480  85482  85489  85493  85496  85496  85498  85514  85518  85540  85548  85571  85575  85582  85584  85584  85588  85611  85613  85613  85621  85622  85627  85646  85656  85660  85664  85664  85666  85682  85697  85705  85711  85716  85738  85746  85748  85752  85754  85754  85757  85768  
85784  85795  85803  85815  85819  85822  85846  85847  85852  85853  85875  85893  85894  85898  85920  85930  85946  85960  85965  85965  85986  85987  85987  85988  85993  85999  86003  86016  86017  86043  86045  86062  86104  86118  86124  86127  86128  86132  86139  86139  86143  86149  86149  86160  86178  86220  86226  86255  86259  86262  86264  86270  86297  86305  86306  86308  86313  86317  86324  86336  86339  86389  86396  86412  86413  86425  86425  86451  86453  86454  86461  86470  86471  86489  86494  
86501  86506  86506  86507  86511  86535  86555  86558  86560  86563  86578  86580  86623  86631  86633  86642  86644  86648  86651  86653  86661  86676  86683  86687  86694  86704  86729  86737  86744  86749  86753  86823  86833  86838  86843  86859  86863  86865  86874  86885  86896  86915  86922  86939  86947  86971  86973  86974  86979  86988  87002  87005  87011  87022  87061  87070  87070  87075  87075  87085  87111  87134  87138  87140  87142  87142  87146  87151  87158  87187  87190  87205  87211  87223  87228  
87230  87237  87244  87266  87266  87272  87286  87292  87292  87305  87342  87353  87377  87379  87392  87412  87417  87424  87432  87436  87453  87462  87480  87489  87512  87532  87564  87573  87582  87591  87591  87602  87614  87619  87620  87633  87638  87644  87656  87659  87671  87671  87675  87678  87686  87692  87700  87705  87706  87707  87712  87724  87725  87732  87733  87742  87769  87779  87780  87784  87787  87789  87794  87801  87821  87823  87839  87846  87861  87862  87872  87882  87883  87888  87893  
87896  87899  87901  87903  87905  87906  87907  87919  87919  87926  87930  87934  87937  87941  87942  87943  87949  87955  87962  87982  87994  87997  88012  88015  88015  88028  88032  88052  88053  88063  88065  88089  88095  88104  88111  88119  88126  88127  88132  88134  88149  88151  88151  88182  88193  88196  88198  88211  88216  88226  88235  88239  88241  88246  88247  88259  88260  88280  88322  88327  88330  88344  88349  88350  88360  88363  88393  88423  88424  88444  88452  88453  88460  88468  88489  
88497  88501  88501  88506  88515  88521  88532  88537  88541  88543  88556  88557  88569  88569  88572  88582  88589  88606  88613  88616  88625  88629  88665  88674  88676  88689  88704  88729  88735  88740  88744  88746  88747  88748  88753  88767  88781  88804  88816  88820  88821  88825  88847  88850  88851  88860  88878  88879  88893  88911  88950  88965  88967  88974  88987  89006  89029  89034  89042  89081  89083  89113  89117  89121  89122  89126  89134  89145  89147  89165  89171  89180  89184  89197  89206  
89224  89226  89245  89247  89284  89298  89302  89332  89334  89341  89343  89349  89353  89388  89391  89393  89420  89421  89427  89436  89446  89453  89484  89488  89521  89525  89538  89541  89555  89560  89561  89570  89612  89615  89621  89633  89635  89638  89640  89648  89654  89659  89678  89685  89686  89689  89719  89730  89732  89737  89743  89748  89754  89755  89776  89786  89793  89807  89808  89814  89815  89820  89832  89835  89851  89861  89862  89894  89909  89911  89921  89932  89956  89964  89968  
89973  89974  89979  89993  89996  89998  90001  90006  90025  90026  90033  90041  90046  90059  90067  90072  90075  90076  90089  90121  90131  90149  90151  90162  90164  90175  90178  90181  90198  90213  90236  90244  90249  90253  90261  90267  90286  90287  90303  90305  90305  90312  90316  90324  90331  90342  90351  90353  90389  90397  90400  90401  90415  90417  90430  90433  90456  90473  90483  90491  90495  90499  90503  90514  90523  90527  90554  90574  90575  90588  90594  90613  90618  90631  90634  
90636  90638  90638  90651  90653  90667  90668  90673  90680  90692  90701  90718  90718  90763  90777  90787  90788  90792  90807  90815  90834  90869  90877  90887  90903  90915  90924  90929  90939  90941  90951  90971  90972  90975  90988  90995  91004  91039  91046  91063  91068  91075  91093  91097  91103  91106  91111  91111  91123  91127  91137  91139  91143  91150  91165  91175  91181  91185  91197  91206  91209  91211  91220  91220  91230  91231  91244  91247  91248  91264  91274  91310  91317  91322  91328  
91342  91347  91348  91353  91401  91409  91416  91428  91430  91444  91448  91461  91470  91472  91481  91484  91487  91492  91492  91497  91505  91509  91512  91513  91517  91541  91553  91566  91570  91574  91575  91575  91582  91587  91614  91657  91668  91680  91681  91693  91695  91705  91724  91731  91732  91745  91765  91779  91786  91789  91789  91796  91800  91814  91817  91819  91830  91834  91849  91856  91867  91870  91875  91895  91908  91914  91925  91927  91938  91946  91951  91953  91961  91965  91984  
91993  92007  92012  92024  92037  92071  92074  92088  92090  92115  92127  92137  92145  92153  92156  92166  92167  92173  92196  92197  92201  92237  92246  92248  92253  92268  92303  92309  92342  92345  92347  92350  92363  92368  92385  92388  92395  92405  92411  92422  92425  92439  92440  92440  92442  92442  92449  92454  92461  92463  92481  92497  92498  92499  92503  92513  92516  92538  92538  92569  92574  92581  92600  92635  92658  92658  92668  92669  92674  92695  92710  92716  92729  92730  92730  
92737  92745  92757  92761  92767  92775  92777  92781  92792  92798  92806  92829  92833  92843  92865  92907  92916  92922  92930  92954  92977  92979  93002  93012  93018  93048  93049  93058  93058  93067  93070  93074  93074  93078  93084  93085  93091  93091  93094  93098  93119  93120  93122  93122  93123  93127  93127  93128  93136  93145  93149  93171  93177  93198  93210  93218  93220  93231  93237  93247  93252  93253  93260  93271  93276  93287  93290  93293  93316  93329  93350  93360  93361  93368  93373  
93374  93378  93378  93378  93384  93395  93403  93410  93415  93443  93450  93461  93463  93469  93471  93472  93472  93500  93516  93516  93531  93538  93538  93539  93542  93544  93545  93572  93581  93586  93599  93608  93618  93628  93629  93646  93662  93685  93691  93710  93721  93725  93730  93731  93732  93747  93750  93766  93780  93787  93811  93811  93837  93848  93853  93857  93868  93870  93879  93899  93900  93904  93904  93922  93936  93945  93956  93956  93975  93992  93999  94000  94012  94044  94051  
94069  94071  94083  94089  94097  94108  94109  94113  94113  94127  94140  94144  94158  94159  94160  94163  94164  94198  94206  94217  94227  94269  94285  94288  94292  94304  94307  94315  94336  94343  94346  94350  94362  94368  94371  94379  94398  94411  94425  94428  94449  94449  94451  94480  94481  94490  94525  94534  94545  94552  94565  94567  94623  94623  94635  94666  94685  94695  94702  94718  94723  94741  94772  94774  94780  94849  94852  94856  94859  94882  94884  94888  94902  94918  94924  
94928  94928  94943  94946  94954  94977  94984  94985  94986  95012  95012  95016  95018  95028  95044  95058  95065  95066  95072  95074  95101  95104  95110  95111  95113  95137  95161  95176  95179  95207  95208  95221  95224  95228  95231  95241  95247  95248  95257  95260  95261  95273  95278  95292  95294  95324  95326  95340  95345  95356  95366  95373  95377  95379  95390  95396  95401  95406  95409  95411  95417  95426  95437  95438  95451  95451  95457  95497  95502  95505  95523  95535  95543  95545  95555  
95557  95576  95585  95588  95597  95599  95608  95612  95613  95619  95621  95622  95633  95659  95669  95674  95688  95695  95704  95715  95722  95733  95746  95768  95776  95785  95788  95788  95793  95796  95800  95800  95815  95837  95838  95880  95899  95901  95911  95917  95955  95961  95962  95975  95976  95978  96004  96014  96033  96059  96067  96091  96096  96104  96112  96125  96129  96135  96148  96150  96153  96164  96178  96186  96187  96200  96210  96239  96248  96257  96270  96275  96282  96287  96300  
96302  96319  96328  96332  96335  96340  96341  96347  96357  96367  96375  96399  96417  96418  96418  96434  96435  96438  96449  96458  96473  96475  96490  96505  96521  96522  96534  96536  96547  96552  96583  96592  96637  96646  96669  96679  96695  96698  96700  96708  96719  96723  96727  96729  96731  96741  96750  96767  96775  96779  96788  96806  96822  96825  96839  96869  96873  96884  96886  96894  96901  96904  96905  96909  96943  96952  96960  96960  96971  96973  96987  96991  96999  97002  97004  
97004  97016  97024  97043  97045  97054  97058  97076  97096  97100  97102  97112  97124  97143  97143  97146  97182  97206  97218  97234  97257  97260  97267  97270  97283  97283  97293  97312  97317  97328  97330  97335  97343  97346  97346  97349  97356  97362  97376  97376  97400  97406  97417  97419  97420  97422  97426  97466  97469  97469  97476  97507  97510  97531  97540  97541  97541  97548  97548  97549  97560  97566  97584  97586  97598  97602  97610  97624  97631  97635  97637  97637  97652  97659  97661  
97669  97669  97676  97678  97680  97681  97717  97719  97721  97733  97751  97782  97792  97803  97808  97812  97818  97821  97834  97842  97854  97855  97866  97883  97894  97894  97902  97906  97909  97909  97910  97947  97965  97970  97990  98002  98007  98011  98016  98020  98021  98021  98026  98030  98042  98045  98059  98059  98065  98076  98077  98081  98088  98093  98094  98098  98102  98108  98112  98121  98127  98133  98138  98154  98158  98167  98174  98207  98222  98239  98245  98258  98268  98271  98274  
98287  98299  98306  98308  98310  98336  98337  98360  98371  98372  98374  98385  98386  98393  98406  98417  98418  98438  98464  98464  98475  98483  98489  98491  98499  98507  98519  98536  98543  98545  98545  98581  98584  98604  98605  98613  98618  98622  98622  98627  98628  98630  98630  98631  98636  98650  98653  98659  98671  98672  98673  98681  98688  98696  98697  98705  98706  98708  98710  98710  98711  98712  98712  98715  98728  98740  98764  98777  98778  98781  98785  98787  98789  98809  98811  
98818  98824  98829  98832  98835  98837  98877  98890  98897  98912  98923  98935  98941  98953  98958  98960  98975  98976  98976  98990  98996  99034  99035  99047  99053  99059  99059  99060  99074  99087  99092  99097  99104  99118  99126  99136  99138  99144  99196  99215  99216  99250  99254  99259  99271  99294  99297  99298  99302  99305  99319  99329  99342  99364  99373  99394  99403  99406  99435  99437  99442  99449  99459  99479  99508  99530  99532  99536  99551  99553  99557  99574  99577  99586  99605  
99608  99609  99616  99625  99626  99631  99638  99641  99655  99655  99690  99709  99711  99712  99713  99731  99731  99733  99734  99744  99748  99777  99782  99791  99793  99809  99820  99829  99832  99840  99841  99843  99851  99871  99878  99885  99902  99905  99917  99933  99938  99939  99941  99945  99945  99946  99962  99962  99964  99979  