27983  33840  42278  80051  62335  96209  9169  43083  48093  71550  58893  92061  53963  73184  292  60570  66779  30251  77195  27820  42974  70043  28706  43557  52804  82691  37242  3357  29207  44895  30726  95849  62407  98776  71868  71777  56825  14455  86383  80335  69171  79918  99960  18936  62403  41230  36063  90114  25242  1373  42348  87808  22085  13787  29684  72484  59021  72894  98927  58169  24065  73524  65815  20393  83149  15628  72024  645  50051  2556  10515  4660  55846  9134  34703  
71812  45350  13744  29155  55122  82997  76689  65651  93918  556  81842  58814  54128  45574  63655  83837  62334  44924  20545  76984  72763  96600  15554  63654  24413  31003  35715  63329  11124  79232  90308  5719  9173  40091  14592  57669  9189  30078  767  98437  99525  26071  6190  41668  91494  62845  56812  45903  16435  36686  37037  5589  67627  51180  40737  69957  79318  47655  5124  30780  28967  42014  99754  51523  80814  82170  86527  59794  91115  1955  45445  10267  98762  61520  90102  
86030  18850  12574  87127  50977  42981  23079  52922  37942  60156  31705  23333  20419  39069  21919  75576  62451  54424  21275  17908  3546  85892  31546  12422  75659  31434  94215  79494  26872  6575  22519  20735  22379  39923  70948  82246  48924  12341  90602  54111  39433  41576  4095  18003  24465  79420  9829  42995  31804  2468  61875  28764  4926  67786  41058  66278  22413  70832  63524  19480  49853  95782  40450  60286  61723  87029  20145  58216  57490  26433  62661  52347  65495  92073  88687  
32058  76887  5269  94429  9318  55736  73115  44966  9907  54137  42749  50249  39881  23539  27247  28982  98605  83414  51660  82495  94477  66213  39703  94436  73448  2283  23539  90405  62720  2569  4051  26998  44796  98359  53413  47881  78025  4034  71515  88126  22514  9159  79377  14137  67488  74979  95981  11170  56819  83468  71160  63  70977  85718  77388  68643  75036  6640  51562  43939  56299  28664  47530  63735  38358  88657  3493  48239  65550  70795  12670  48549  55989  94486  21554  
96539  88965  26547  80504  86843  49522  36258  97230  16864  12389  55846  45485  83359  25974  3651  39955  3054  19839  1876  14515  55946  15045  4383  47218  99887  96303  9016  38019  68177  69566  1886  10196  61098  17024  44076  86649  45864  93700  97838  40798  65064  3562  52378  58959  19779  79955  9838  58365  9413  36966  11636  42374  39321  61746  16042  80061  78190  51894  90272  88001  17973  1816  73602  24859  90168  67134  74892  65381  96538  31796  1905  85808  54223  58176  32087  
51874  2709  36691  31240  25936  8775  66462  17670  46788  17353  41376  91003  68002  62676  84806  28904  2200  49079  66929  13639  91567  35423  56527  52991  82302  70596  11656  87515  18546  49574  63527  18022  27934  81785  52357  91504  60427  46808  97521  50730  39010  71149  8719  18810  67081  46297  64123  18377  93720  67891  40119  44846  56359  87560  85140  86536  53752  57498  79928  12625  19040  51711  71217  87885  38039  2940  74569  71034  94093  15798  46573  23350  78342  29628  42586  
94222  71496  13706  17596  4556  16579  48052  50836  94495  41694  20337  35736  39553  79401  73299  83011  94651  49770  26359  65546  27547  64188  97198  64714  7574  43262  99351  22773  45838  35376  2842  22497  271  75072  38417  59806  60264  64235  9474  56550  52426  5403  67927  51756  30143  69344  18611  93927  19607  97673  97399  62772  76170  58990  61578  61791  40508  24856  57730  35319  38304  18725  64284  35890  69332  39203  12964  26247  94111  2668  75645  92875  87567  50856  63135  
15264  98358  51478  29790  59325  61956  47799  53283  63057  71874  23239  1731  18162  74440  80490  83388  12536  2181  76791  41199  28489  25405  95718  40266  51265  36353  69587  26681  25816  6815  65639  37742  69705  46527  48133  42302  88277  49489  8649  75398  67610  30273  26401  80697  45513  1169  2584  3702  79904  1760  13600  55208  87156  12683  14061  70384  90362  8750  75358  50441  12247  69421  98619  45668  39665  58910  45234  85167  25623  93662  45837  71526  54430  84195  42896  
14073  45005  27729  58561  86465  48404  3048  27163  64732  86393  37824  16697  4102  64483  24245  49020  99126  90737  94958  80351  31955  15051  48261  32867  17665  5793  74298  34476  18633  42935  18166  25584  93181  85458  31881  12224  97247  20074  75104  82863  1406  31144  5665  7438  71866  93851  25354  58851  3105  5092  5263  91062  89942  81035  6339  62776  14056  54887  43178  44854  18699  39077  14965  94282  39688  30619  70601  33737  63012  31991  49816  4704  29801  79109  56866  
13232  92011  9168  11681  46049  89723  9760  86108  80266  37006  8583  76158  58454  34401  13610  42849  3693  11347  1292  62464  50651  46863  28359  50796  11718  37817  22071  37451  54499  65038  69317  14464  52278  1916  51422  80868  10543  14044  12702  46411  33136  80149  56514  40989  93791  42160  20493  2680  16127  4786  79872  46189  96688  86184  27776  10817  58507  78497  12077  20625  7825  66034  98912  63387  19346  60920  41271  75644  63780  95588  97952  42904  81895  1970  35580  
36756  85851  63768  81099  61208  65646  30999  41330  88678  71023  25301  55969  17503  33357  24178  45921  61290  36208  1795  43596  74192  81269  20736  80257  63965  21053  67409  6972  49553  97143  65923  92256  12779  89649  34067  9203  86627  19169  81309  65102  46498  66786  32855  79053  41015  40681  9124  4267  8788  25842  59190  72469  76488  52449  45087  90377  74325  56263  2633  49010  23453  68835  50925  34914  82487  2447  67361  22493  30370  51717  63998  65165  62882  89402  69044  
85543  84013  89672  32811  60979  43480  65311  66430  32157  62221  25221  47778  98225  21422  74840  7727  2961  10356  15024  14810  54001  74079  19278  24870  47465  1778  88574  48919  25053  18321  29530  66108  84708  26004  46251  68162  1503  46096  69742  33093  76830  38849  29463  52352  38100  21258  64761  80795  21953  22987  2816  28207  46575  70925  53677  96349  51222  32611  66900  68476  50255  3482  57698  93164  3340  21373  47870  61033  19036  28435  56309  22727  86674  18771  71234  
88301  33717  66979  99524  72165  45381  66495  6140  17114  78468  27991  70483  49555  17620  36910  10570  26759  20017  14627  73038  53336  49424  72943  11653  82155  39349  48183  64009  69787  79226  93088  76840  48282  40020  5239  11812  28130  771  65233  46714  7934  29978  82240  98100  95463  71041  43438  85449  74694  89171  61247  71910  3580  1928  51586  20380  13013  77018  85863  68951  70068  65102  15144  98966  68529  64332  3746  28154  84758  24897  21301  30059  8632  97610  65494  
26500  8202  7412  13474  59437  54359  22390  48159  9486  81483  17725  92923  59  54456  45894  37568  80511  85085  84069  52861  19085  67363  89071  69741  80926  