41322  20330  32984  11544  24114  95837  31635  13415  76469  80513  26031  88259  39109  61721  34057  22936  24225  44873  12293  85548  32916  33657  66072  7190  32487  76962  9890  98622  49854  78042  97610  90618  76465  31986  23169  9453  7481  49629  46252  48622  32093  26533  79541  76877  24515  56800  77313  40885  65155  15585  57659  29201  83410  73742  56028  7264  64757  3476  12081  96719  61008  68230  3527  39046  66073  85094  5907  58077  32851  91220  34368  16450  87075  48876  61051  
17775  32037  52972  18190  61657  4939  35740  71055  61852  61694  82316  15425  91895  20061  97733  2183  96067  67308  4268  16529  95961  93360  74955  13255  40632  61068  21644  18029  20052  90089  38394  89755  71383  39467  22287  15154  13551  94567  11678  49623  67520  60787  33294  86744  28436  96367  21956  33322  59608  12593  99878  87794  38031  71419  76707  33497  10183  14097  75542  23431  10851  43975  47251  66979  93516  56375  29171  34665  99905  54694  58556  81801  94108  62411  5233  
19254  85999  20463  28511  38787  42999  62455  30137  33281  6908  82139  29552  9375  75140  77309  17070  9843  42292  95576  33199  13449  42683  40788  28475  3464  43800  12700  75605  72086  3323  39699  46267  28940  43472  58982  63618  33488  7205  92781  63296  56297  36752  13373  47243  29400  58682  59502  30713  52369  72022  16252  80722  10039  69561  19714  58905  20865  24401  52714  41154  27530  32749  8043  91938  55351  96869  16706  99782  44787  23015  69693  8063  42491  33737  43440  
12299  93231  79672  63918  37638  15149  16877  76919  26977  41419  7274  72965  94884  63726  55378  32400  4856  98133  55953  76142  60976  24249  216  47667  50903  4176  37408  48784  76564  35738  49192  81728  98127  84641  53738  85846  74825  26869  11260  24142  95597  79685  48557  1309  61730  15112  55772  98088  30854  42248  73771  87686  47316  86753  57907  46793  75202  68769  93237  95231  53392  42277  69155  2673  89427  94902  34371  39077  74048  24224  50654  20841  16658  7724  3269  
55810  62198  11572  75568  76283  39812  79005  99479  91175  54763  39927  42619  69213  91137  19043  3130  28580  48380  41345  1030  33885  35584  47455  41886  79528  97469  53494  8569  77290  84911  49907  87436  20351  72853  15145  195  20150  17906  55622  93922  21336  22518  88744  84950  40837  67599  45972  62391  11065  16502  37151  52791  2088  3796  30729  54601  68923  60085  90303  35052  84867  93870  53911  42152  24297  96341  5688  29166  91111  32988  1477  47576  4131  52392  63124  
54847  78643  88851  18275  7296  30146  48486  47656  25271  81976  98108  76580  5750  90175  42444  89349  21571  40662  2719  91575  87801  67723  116  8908  23512  65520  63215  5544  69911  17041  58573  2669  50931  68592  72784  16702  43861  46026  17210  42444  18216  91075  90181  35315  63225  90178  11618  36031  91231  23422  53082  13430  18610  78931  67222  55967  8700  70695  66925  2310  68247  11816  44213  29806  20253  37979  7900  28155  32764  21091  38207  30984  53420  76629  33253  
24400  23941  23599  55569  17742  33877  41936  69002  79886  53701  4501  6303  36254  88149  82310  50661  60645  89754  8244  33115  59419  99508  20911  93531  54952  85988  14062  14002  63702  86651  56382  88965  10369  31716  37150  99840  31565  97586  10042  19866  40085  63723  7943  5157  55790  25522  93685  93128  65342  9187  84840  26071  30907  24594  4157  6436  9337  65461  82327  28757  77395  7795  10740  28321  82619  56564  21530  28732  52828  82835  83228  97317  26745  69555  30317  
24109  47475  93732  40930  39749  80871  15700  16175  41320  2426  83893  86915  75252  93384  51786  2799  83290  7511  93403  25559  49833  61692  64046  47749  94269  97267  13914  21634  65284  13638  47180  14990  99641  1327  37567  81498  88860  88182  54439  54231  76239  4279  95899  67803  1729  80934  97669  77354  98706  60417  37412  64051  93848  55905  20966  4986  73567  34271  31828  94635  54218  32286  86560  69064  95137  67295  61572  24513  48754  66009  26854  36135  33472  58907  51983  
78710  10131  23  616  69201  44513  51325  90574  53461  69341  17568  36335  7823  36442  85289  80657  58169  52335  37159  71130  45420  31580  38863  87266  42247  10029  77138  60591  15492  37788  40285  15520  49238  14560  62001  88753  35493  62174  45130  33694  32334  88453  15295  40331  29927  69446  49461  81334  9822  82517  35918  85419  17980  47841  10213  36508  34233  21324  37997  19961  49519  87480  12817  84007  69991  49561  41097  44217  93002  40166  33140  52357  42880  35717  67689  
81562  94849  68367  89894  29689  15727  92156  5966  75031  28977  30446  9375  66031  69963  19553  16450  82274  23241  19753  89042  3817  92635  74968  90286  29366  8033  64795  5717  98990  40674  28498  29291  40181  98789  4243  47650  18516  65813  57067  24588  18218  69781  58352  69750  84850  38666  92930  48068  33517  10063  10788  21001  31204  93837  60557  59322  31442  66071  61594  17779  90236  72634  87532  42646  46999  1301  33505  18775  39901  51758  69448  20940  361  48318  46300  
36983  24409  66978  39772  86687  71749  25995  82244  37485  91111  66902  18543  77183  45872  79968  2649  4257  65917  98581  28196  18407  99938  46298  47769  66510  86947  2352  85298  7714  68248  32477  2905  67476  86631  28558  6172  56142  52523  95241  44214  62631  16283  68680  6273  82934  67135  59305  78179  70214  62873  26087  65288  35827  98386  2586  50214  16692  99577  16053  33444  80693  33976  60397  64652  91908  43646  44560  17146  99713  30191  6063  11155  48191  39048  27277  
44093  40536  96282  67889  72774  60149  61532  62436  96999  26839  78114  25376  82819  29342  55491  67949  80143  20669  72092  74856  71972  1172  31672  53674  87659  91800  7482  32441  11356  22695  4093  15923  29909  30806  72339  26654  18049  6532  21410  52130  44180  30829  55919  76695  47143  10194  58472  29846  79815  64765  77181  88767  92538  75140  81989  2191  66039  55244  41178  21137  86623  73252  35643  63855  61709  3440  19099  66703  33607  68779  79827  95074  22482  5679  26617  
44527  50717  3163  66113  39195  657  79874  35411  17210  80131  19035  57275  34990  45383  57861  43106  84146  3191  90527  58975  27634  72402  5697  20304  62152  95621  91582  80937  99059  5967  42739  33788  81710  65129  46388  35885  65758  67157  22687  73080  77680  89560  16731  63335  88521  18709  54304  87942  86043  29731  85575  18571  24638  44914  73517  72480  15381  56064  41142  73423  15972  37020  89862  57138  87926  50876  99851  58090  54709  97531  93252  37585  12527  60127  65294  
8974  35485  17909  65808  48099  8722  59314  58683  95659  56025  43470  31176  85361  6098  27627  5380  31878  35331  16659  1036  14218  78346  49382  23837  29940  49454  46694  88879  49738  49482  32475  71427  90430  30841  89964  69218  36789  80094  22605  92345  97902  93544  39358  17104  92385  39692  37031  61550  4627  61508  41952  69619  59973  74836  92979  32615  70758  46334  77242  54190  56933  42639  33501  87919  88015  35459  6897  13364  57287  71896  72093  34932  63914  2874  91745  
57628  60458  80764  37738  10442  79585  75499  35924  39601  1084  23538  46509  53617  84894  85621  41353  27390  51233  58074  2451  23289  5315  86896  81913  65273  69361  75809  31691  15673  57596  6773  16358  37495  81915  44408  53547  74791  79474  29724  55533  30745  409  69642  15127  46351  60320  53704  56606  70951  60095  43594  65007  1194  8023  66927  59950  67876  62199  53371  99631  39352  62854  94227  98308  50607  37184  81216  42417  93586  45521  74234  91814  50106  51097  7323  
39149  91867  79166  82999  25510  90588  49571  56698  57290  17615  26524  45768  18572  16521  54764  18862  35265  80693  41218  99406  13889  29812  33266  90834  80839  78876  61662  42027  71213  19959  84766  61482  3977  1464  16300  43553  20843  76602  18145  88541  23187  10115  85079  60654  61782  54632  43160  64793  34837  4729  39201  43236  61356  76815  76852  62790  91353  58485  30873  45861  75244  2949  73027  37482  39018  21886  36684  70299  52617  87377  45117  52702  53279  29021  87823  
40630  82466  34912  56139  35143  75304  74197  30455  54271  79734  88063  58665  7757  22546  46387  21966  44563  22357  30790  87919  43835  48691  10390  26209  77446  78454  36406  15861  46323  55148  2346  10231  73472  62240  33794  20444  27530  30640  59826  54327  48077  5021  25300  42221  60858  5776  3445  5034  47779  531  30369  10150  48775  81723  67495  10227  8645  16502  73863  87591  8885  53106  92767  10477  4378  96125  77417  56494  68597  45352  7988  67604  74141  84376  10215  
69687  41257  34699  56881  76050  44597  70677  77211  20621  41283  62281  48663  77334  82383  22697  69794  14262  63797  76758  95396  99744  96909  64861  85469  88501  81976  78368  16974  67797  23868  73516  94000  54010  68103  5191  96729  53742  52569  44751  70643  1468  90554  15017  83756  38281  41197  67527  41342  26814  7864  22422  9026  97420  78823  32084  11995  43867  58359  96822  46462  84024  12627  17431  25851  75467  56832  38132  20506  26044  58750  43603  14818  42926  12250  25058  
76503  35387  22950  82161  72680  10133  10219  38751  3135  85613  48171  78334  71548  2030  70109  72827  13706  56654  18558  81061  92342  55459  86979  99841  41057  70892  18046  7657  89648  29464  10334  42300  70905  87075  26232  94346  80112  3679  94379  1455  7984  4713  58252  13121  97548  44365  4111  54438  98065  2472  2137  50874  11779  17653  96335  20116  75506  37382  54614  53282  87882  38261  27777  73086  15872  46640  87787  42238  36121  58579  5241  10212  1106  19367  20299  
73184  99917  98519  72782  76574  3108  46025  88506  42348  40053  41436  93618  50569  50071  70235  68034  34721  35549  72214  44154  70818  30810  86511  1392  62908  91856  20325  11530  25557  95788  92166  19796  82695  48910  70376  93085  59122  17146  14522  53433  91481  78458  52309  95911  50537  69656  4074  3176  7228  17547  80504  48475  21117  47186  99933  65096  33971  45378  14378  67960  28006  362  3366  73231  68018  7932  99945  4317  55752  44695  44225  57442  3020  23370  4936  
34700  54921  31099  24139  12837  31025  72503  98764  70263  65930  67068  22473  40836  96695  17196  46010  62443  87671  72365  88444  99126  55045  58134  2970  54297  27448  84416  48446  65354  404  15849  63480  10694  40811  90680  91681  84697  4695  65453  15199  22602  3269  24394  74400  23383  78071  81845  70767  86633  93766  32954  32422  13247  84240  79839  87432  68630  41813  46097  87230  86749  75811  61872  75408  61002  49435  59576  68826  55171  77509  92569  293  30163  44847  53500  
60031  33482  84659  90594  4474  37019  11524  2640  50523  45581  59085  3451  83197  80930  94852  98499  50975  46241  76573  86297  11610  42239  55846  68063  22552  1664  14207  80589  69983  45967  4076  46202  58759  22118  59686  15899  25897  52223  90673  98258  35078  4315  21324  26269  60086  48183  76721  37952  41501  54768  10554  52362  20796  38424  64219  60055  64278  87941  94928  67132  81681  59928  93091  72753  85088  19358  24972  77643  93378  64973  15893  45689  56878  54914  35435  
37959  54618  15615  72382  67920  33716  46539  74067  35589  52541  64925  47442  55862  18112  22745  64787  85222  27561  23155  44552  86339  80786  54311  36661  43572  87644  4528  26894  39288  74836  70298  49096  96960  1640  70047  80509  53465  72333  58503  27928  78421  44078  64674  4000  30941  66791  17252  42792  2760  27480  29673  36931  20560  59238  79222  92012  92865  18382  26434  48836  30165  82334  65802  18671  51471  43746  33509  79987  65530  86425  16461  30642  88327  80382  47793  
97143  91732  75654  83608  30565  41452  9044  2681  85489  18037  56148  9086  56228  6280  98121  63469  35930  66331  10518  58278  47694  25393  23137  18389  20144  41259  58920  56247  90075  53783  75815  36610  48661  43748  11228  62020  13158  21770  9557  19352  38371  11272  97293  45781  72037  51512  26037  86270  16599  4527  36736  20736  75236  4428  60920  63393  48480  44667  59639  88501  22509  98093  74771  58673  21678  38026  97719  51161  72147  59670  9194  2820  97751  25829  54050  
58604  92115  38478  25003  65345  76252  90788  19302  34934  98239  39755  66369  4658  24250  85302  59472  86132  89298  58156  75504  87140  20274  66794  74442  18401  40872  26604  75741  78733  70128  73819  21375  36311  88349  43632  29530  70117  65302  29890  28878  18828  52971  65562  9391  91127  53117  28373  63129  64782  71064  89659  9185  91123  54932  18468  80573  50770  57593  60648  46869  51956  34590  25980  75672  66634  90198  66091  49120  99394  45184  25132  94368  78446  74758  16916  
18317  3947  40345  10248  9887  46482  41265  63810  31843  59766  98829  69665  35517  46066  14371  85227  19780  52888  8461  71161  93730  31897  68710  21576  39318  41684  24120  99254  82925  60588  52060  1877  52767  89685  879  36241  67411  52688  1786  98489  55593  98021  96708  20423  93276  36839  23007  80000  23182  23734  93361  5930  18055  72783  69326  41046  78930  13436  57568  40348  410  33361  67773  29875  19283  78368  54871  27246  89302  96014  87266  4254  45166  17229  88616  
61274  81473  60587  87784  16018  12327  269  62272  32961  49688  57817  30073  17347  9498  62480  73051  90397  32992  19011  68755  40143  67742  45135  35169  88134  62321  63018  2748  33902  72261  24848  25340  75122  79973  69248  84917  86922  75149  28471  13225  27809  69393  30234  23983  84367  29097  29843  4901  83416  38219  91834  82431  52830  72327  67663  5059  5878  76792  68035  8265  81401  88704  21854  68844  34089  55274  94946  66328  53555  83440  27102  19837  83374  83472  25209  
70393  22747  99731  74203  50599  93811  28930  36667  57454  77348  12918  54848  98002  50792  49658  79553  7020  47650  35120  46545  87158  8651  64373  37314  95543  38803  26163  73361  12560  8649  22800  96357  92248  48251  40115  33456  47315  41990  2876  26634  53537  37372  44588  64803  33523  93904  79458  33708  39537  5892  89793  63112  76514  19514  62641  71004  18046  51927  18158  38722  17360  26009  27700  66791  92829  20346  75038  57922  39188  2108  98976  95722  3451  67540  94985  
23070  50807  55312  27040  52419  47356  79811  20927  24754  57354  63834  55121  6300  5741  24774  46130  38243  56924  84694  55762  31662  90046  4282  56592  47480  59630  19077  23226  33483  65411  93074  97637  90869  19669  58085  37773  84280  43805  88239  2365  68099  15700  46541  71614  10794  97346  35459  98912  97466  937  89835  5036  82337  61541  499  11012  54447  38459  58736  32339  98543  22892  87146  86306  52572  14689  67949  83894  42416  50975  40579  97669  19115  40924  87705  
54533  60232  79795  75815  72742  80  90631  48969  12955  52689  47158  76889  1807  41754  86653  44161  23801  23149  38317  41587  49132  30974  98935  23120  17397  72505  92481  5737  61082  12294  48196  90213  78151  8825  82258  31219  66160  18157  47146  67883  75797  34622  32383  87903  53549  53632  55041  2018  54014  58542  71274  52679  45747  18122  67909  22099  11465  90006  66026  10477  20083  51796  56674  68097  75760  84427  12752  96438  47022  23590  35831  96727  30221  11360  26085  
56894  71895  85711  4210  31833  77746  95438  13216  74940  39021  74475  94164  86973  96750  88330  41581  78802  27130  17667  47836  40303  47399  66570  84182  73781  31705  75189  96973  32116  71043  17040  17226  23520  57904  69003  26770  26072  88665  95111  94480  96960  25748  25357  60557  5111  57859  93787  8850  2831  28634  38585  88569  65725  84895  67779  83686  47817  17229  56895  1067  30193  69487  71679  5772  96434  70909  9134  57100  29554  13471  78804  72490  96987  67042  460  
37829  93899  31737  78988  20061  79004  89909  41696  89341  54197  76712  79990  72505  38982  78975  58745  16043  24416  60908  13684  49630  60756  82275  42527  85660  78426  68607  76005  40651  1408  13299  76019  19766  18494  74802  40178  8787  69939  70825  33982  24916  64796  32169  54799  43548  98941  60182  69766  46945  15208  91668  76595  8511  98021  29301  93500  83060  94774  53813  44258  28252  72853  27179  75354  70124  74491  38159  44642  6078  4556  89226  65641  4987  22610  61997  
98631  48615  77753  65830  26361  91492  58998  29018  46917  96449  14464  9402  2488  6814  64859  46546  52454  62749  75900  32171  26416  92843  78840  34453  64540  79616  35166  27567  98832  79416  62792  24951  37275  56143  33170  1143  95257  66280  7334  83520  50754  62335  60244  95390  55868  82840  27100  9478  85518  23238  39814  67259  12188  47378  90877  23547  52007  2091  47984  4954  21451  88151  34290  15821  77670  85582  60467  8346  25612  24384  18536  90941  92439  33291  72731  
92461  23992  31877  19433  79431  9597  13374  88820  91819  36896  37984  44496  33350  32604  97661  53959  6738  15084  93956  37823  91230  78031  10927  54511  37033  59832  37288  72833  1372  74493  23934  61188  80098  7398  83852  57686  98016  78179  2820  96741  51285  51046  93058  93171  38471  27498  13973  45876  67995  88821  67835  72197  36582  26661  62481  62612  57857  42218  4637  91487  76419  23118  66962  56786  53583  81711  4132  75903  40112  90351  86139  98696  1682  89484  47509  
56680  89776  21469  35746  44819  82906  98613  17221  39910  36854  3216  49823  40083  26746  61281  68054  51671  86470  47801  19208  85853  35587  10229  78912  36179  62763  42147  8121  48281  12117  50877  72568  33897  93472  18949  53161  91248  63769  11855  46947  73107  91946  40854  55447  54754  62353  54421  25769  16199  37110  1285  85946  70071  69679  57290  66329  77649  56886  25957  56164  58003  56819  37751  8878  10671  45686  78606  15851  81857  96059  59167  38461  75774  65997  97540  
73079  99437  47219  19528  42363  42075  276  71215  90903  2140  37526  74352  92916  78534  13230  37575  43810  34010  44065  50371  13416  9714  554  71842  3856  75276  68705  41740  93127  22084  91484  80890  54692  19066  51899  38249  36691  96332  12021  48332  20838  98958  43263  61960  26653  6040  88424  66313  71989  60815  60958  55462  73671  34413  34429  39839  62576  98818  30529  62252  31387  88816  35586  49442  83838  29443  87292  89820  1078  3578  29423  63454  3648  31598  86729  
75291  34983  35601  39702  12695  49375  43892  89391  27942  17856  5476  52216  44399  12736  37592  80068  67924  80023  28090  55461  55174  74739  12155  5854  55800  39933  86737  38248  114  23880  80711  71340  64212  29420  70650  16557  76281  50498  78151  44868  20424  64072  1251  44492  41328  13040  72844  47820  97510  34747  15758  88543  99731  47208  5632  21217  24799  82438  93628  35386  4826  1450  68935  53322  84700  43296  89245  10503  46720  72745  84081  32  57013  59353  93074  
78924  6988  59117  55676  68003  94723  87888  35581  37390  931  25904  45000  40958  57823  62872  91409  58619  9259  90244  32329  3541  24871  85993  82349  41879  93999  80898  80263  18757  62005  25682  36865  17810  30239  74047  75980  15753  40521  82323  62347  54852  59022  59989  46318  71257  10284  43166  20705  3880  26785  38415  23098  55968  42658  2472  25883  28672  96187  30556  14539  11420  90807  71730  57467  50997  19758  26587  13632  88053  60245  36981  38151  91517  65219  75424  
58880  93218  85965  18993  25993  85803  61093  73147  65393  24181  92729  65778  32990  79290  24579  48626  69459  20109  30278  19150  56582  60095  77805  60938  18599  79415  26858  93539  75904  35975  84572  7964  52987  20242  9037  45166  96091  3247  63259  68895  13688  69127  92442  2737  53608  17341  1622  34082  99373  77308  51955  18125  78194  75643  95901  11456  44196  17333  92153  35558  76028  66172  62186  59355  39038  11564  98785  92196  61078  48343  81977  63500  4393  44501  85705  
10969  89453  65533  45330  60841  62855  70521  58506  82375  91430  75996  83581  30916  52458  77113  54609  96669  10293  68536  9281  6329  59004  36703  27128  93049  26271  99364  518  23175  195  8194  68560  43073  6428  60785  37120  33284  96536  8985  67231  88625  7441  98393  78676  47890  20082  15560  58827  13863  74162  30843  74710  40293  71719  81193  76840  73402  66505  12506  49980  78319  36469  8533  31820  3499  67431  57821  34234  63537  12803  38566  86062  76438  31910  30588  
33487  51699  44935  59035  72832  10245  32089  1460  28089  57096  26544  87142  38020  93731  7854  78500  72232  37290  30546  93581  91541  78202  99586  2010  25665  88804  26770  16992  26334  61523  64922  94780  4521  61633  41068  46957  77358  14113  30120  69655  81600  62892  2216  13917  70582  70415  55365  77709  55027  26401  19060  49293  54535  98154  49665  3212  83279  76081  47282  71495  59512  23608  60070  28976  380  29921  68934  59156  70439  63485  37496  76  48410  62358  72889  
50890  27206  48411  86143  16520  8166  2536  25376  18178  18202  3117  89737  19814  17840  23144  69139  31427  49400  40134  74617  59122  98953  57117  30999  64925  99342  58984  86471  70509  96033  46353  94695  76434  24259  95345  7476  15349  59550  65307  46322  2230  46962  88515  9949  50982  16247  89421  51195  627  77397  5030  27490  97362  59734  3183  27674  54762  91274  1091  76178  44313  65594  98778  83128  48637  62555  75821  20610  97112  36653  77810  34080  84999  61979  45731  
30298  92145  6783  10277  91566  28950  74067  67038  54944  25276  58941  22035  42968  93122  95523  55293  46278  65185  44049  26458  82950  66229  91953  8306  80900  6904  12232  75803  10552  59156  54477  15064  55619  40456  38110  64598  24862  21384  24338  6935  30494  86124  72061  24749  69349  32167  74447  58661  59196  27216  8439  57552  53056  12515  35243  39479  57704  90692  34174  74075  32376  64929  23578  13428  19049  8475  16937  13508  38687  44090  67754  12219  73930  1830  55231  
96458  22704  85898  47951  91063  60711  43259  35791  98310  95555  68600  69409  36703  89538  86642  20839  18671  97659  31387  80581  65843  4289  75495  48060  36571  1447  85496  98628  37173  51954  3788  79618  74465  84464  17204  73103  98627  10962  2551  44525  74426  45996  38058  69004  42388  19558  70677  91693  64398  88735  97541  15301  48765  73874  29633  59501  87573  76686  3462  42728  86555  5837  8622  77491  22599  59193  2215  24241  1135  55654  47467  32225  47867  13661  43993  
75433  2686  72124  26616  25425  11921  48133  3725  36325  57782  66257  9768  39853  60285  51388  20024  64487  85083  10863  18314  19300  63856  23667  42409  18771  22048  95545  69273  3439  25924  88825  79397  312  46089  53837  41998  54418  63372  88489  79994  17667  33920  91680  1803  17706  71634  79031  5587  62561  42174  39108  21817  64978  29850  20527  75060  64951  18197  59572  58022  5061  99793  50123  335  11900  63357  15103  91705  76151  99435  67954  25584  11440  61427  30370  
89686  70037  87937  68539  49870  65480  5269  93177  42361  80996  56316  65934  8797  1899  39411  30328  74492  61048  53308  12357  54835  82896  29218  46219  40399  16678  69935  11994  3284  50623  63990  77990  69556  97218  55761  53769  58412  43957  84994  61974  46669  80181  70218  82368  87228  94350  90951  8027  87862  10756  4333  33089  79236  70411  78399  93067  27295  74386  38498  16977  20640  98483  5617  70755  10616  52644  51333  30113  29093  55573  4284  5600  18829  42153  33258  
24420  3394  57892  80421  5395  14739  95028  20875  66704  51247  6677  10564  45567  11094  20036  15564  79019  76851  1744  99442  34793  55149  15359  15333  41751  2318  5025  92167  9282  76726  10578  58507  18260  94158  7741  23520  53312  93463  32659  93350  80392  50512  42746  5309  93853  16344  23406  52014  30470  46249  31859  34420  61469  42705  39272  75533  33922  79723  98897  84497  32996  51404  47899  82253  77001  12562  69015  90131  68243  66143  66664  61228  16478  73852  52475  
83186  33756  44728  31592  60979  75852  65644  32346  66575  12249  79972  45707  89814  62292  29625  93395  30300  60495  47821  6210  37439  66600  43130  47564  27591  83625  45091  96547  32672  37283  40354  3933  59221  95800  44102  43311  84037  82568  43743  33342  26203  60069  3400  66321  17692  74329  18756  81459  98271  65801  23101  36970  70473  55819  19760  57664  35460  29194  13735  5798  67716  10218  38165  38180  88193  29331  15477  69408  21266  8969  20704  79831  62172  61520  50704  
88748  66110  45993  10272  56270  34481  62816  65729  6932  12637  96200  50571  58147  71302  44182  36231  20326  2714  48948  27688  70895  79527  34842  29157  31978  18835  92922  20108  79849  69364  7725  52080  58248  94217  92268  45925  22638  70775  90613  49601  91657  21074  96901  98491  31709  77995  43647  37843  47395  83361  5056  7774  30284  68708  93287  68522  53851  336  10641  84286  64812  28217  43733  2746  80533  79585  90483  590  71725  67011  63568  50046  62195  22903  79813  
37185  27647  11090  18554  3181  8538  91789  19362  50961  83569  42371  25429  44191  38817  54427  83682  97476  74823  75794  76732  94718  27053  27360  69624  1970  98728  8250  43200  7157  77800  16906  77075  49692  50154  1415  64613  77169  82760  30845  2394  63755  15984  45084  7998  54945  96522  74873  21455  90887  8352  88740  8832  92716  42774  46706  23606  14953  83266  51791  11735  59397  49526  41428  32157  95796  61682  7175  53179  14137  76879  94449  96637  56807  67257  87412  
82697  94928  95715  79113  66210  29986  40945  74491  6415  97906  73215  8181  58024  14838  38661  42057  7452  65426  87462  79031  80639  35703  86118  99532  24677  85423  63043  50856  96135  63531  36654  48163  4656  47748  73215  46815  42997  36191  67509  26347  31488  17474  59498  61964  67471  32844  2213  45168  99551  62513  43087  20942  4325  28833  70599  40485  73341  8692  10546  18528  16946  58132  9903  71051  44490  50461  9093  42380  96112  21012  52534  81848  80911  25641  66558  
55983  98417  55908  4266  9681  22649  75980  54193  82493  29716  43867  27211  56422  98158  88246  41087  74200  76985  1633  81778  27889  45460  21904  85132  75548  27948  90988  2410  36719  42115  37897  99809  46141  91817  72760  88629  86128  74593  12541  30371  95426  90433  1868  99843  89730  72990  40071  72004  10120  16752  29028  95260  67859  43712  87724  47017  78323  50850  9669  59274  62809  24790  77027  10170  21709  95800  18857  31495  24834  34240  89621  60980  71809  22338  78677  
27287  58994  52042  23360  91512  92833  88674  67549  78070  77415  16516  16600  66138  50135  31698  63207  76357  29042  54175  9101  52157  46141  17187  32660  9032  31721  2421  66610  91264  71338  56500  42518  71861  92127  82654  77106  32758  83409  56400  31399  6949  7469  32403  94097  14691  89633  70359  53615  9336  15552  55049  81885  98877  27128  35680  35850  23784  64217  95261  20245  55440  6388  61253  90473  22008  90331  84583  79804  82324  16002  15347  23207  83920  579  64331  
21446  64125  89998  74266  78519  28894  85746  24340  55815  68365  67289  30368  84177  25035  98418  27282  54843  54013  76716  97549  46069  9242  66366  80398  22150  13858  51446  68854  49814  23472  9943  49543  71699  22939  32531  95613  96270  8749  91614  78213  78164  70737  9892  74751  21374  66089  44591  12025  71698  29192  71176  78989  49998  11397  79224  13087  86149  50574  93747  11873  16159  38501  27132  49631  77504  27777  48632  97584  21964  41912  47714  99136  12598  90787  96375  
11709  6158  1568  73170  85376  14681  13919  52772  78358  42333  67189  88012  78283  92710  94206  15828  65829  8158  5986  98697  48193  19738  30126  38751  70708  56683  45558  21823  15339  66109  73308  87732  30086  53854  92737  43810  10028  97602  47118  3099  23529  9866  40555  76838  47913  75918  54898  485  67596  4463  58941  62709  50319  31208  75196  38635  52005  66401  36359  11036  76186  39792  77613  46319  88950  13226  34043  91416  66670  35051  35662  73886  24035  91779  18024  
13067  92516  82998  60  40056  80191  41337  8573  55505  84594  93122  87614  13093  31296  1080  83039  17014  98711  23067  52768  53775  13450  35765  40976  86104  6598  43665  72941  11796  49330  56893  22553  31616  3644  41577  28783  51010  12661  72342  15364  75723  18484  14687  55386  67362  37918  73793  71392  52639  59421  15821  61496  53276  58774  11472  46775  28121  96825  15839  32556  9098  24543  15149  16082  47928  60079  23340  80297  51275  16156  19961  70208  90041  15659  31427  
39834  78211  83050  46640  8349  51262  58534  9708  69632  54295  52611  87379  25370  83675  72313  55451  98809  27372  62076  15109  79631  90575  62420  83481  57725  73384  37919  78525  40616  7913  69651  21672  30506  11082  79436  54485  29064  70170  78873  13159  47366  2535  29485  32205  77771  38229  95207  62033  5731  2678  959  54649  99885  81500  57178  12282  57668  35021  67740  14006  40246  14446  86501  78577  79034  64474  15667  48656  94089  70457  84376  5644  35638  81817  30117  
16706  45979  89993  78028  52776  87706  40093  22728  48849  26953  20717  43552  35438  4408  67739  6578  81653  23873  42092  98287  871  24547  81952  85965  66444  98712  9272  31122  49763  85273  44125  99690  28452  17668  3653  56431  46028  5050  98167  85376  65027  48864  77477  8458  85286  16867  47833  77923  57539  83487  55931  87237  79735  85757  97469  99733  72616  4462  49531  30957  17711  82220  14866  96178  38298  47332  57897  31837  91927  77209  21080  38611  11160  82349  12311  
56095  77715  93868  56666  84546  71287  56034  34937  25667  47310  63542  8393  31934  54605  63294  62349  36958  82063  89284  89689  65372  89420  23641  99216  51429  11838  20238  15088  18371  52294  25881  39644  43698  19668  73099  82688  32022  79637  50427  41311  59677  40129  21898  74128  37417  34138  40843  97821  83992  75320  99097  89808  53443  3129  68559  33285  40800  98710  72283  99035  61040  92347  94882  18998  26500  15982  64461  73727  67595  71809  25820  31589  15341  19826  8445  
36626  89974  63980  39906  35577  35527  15347  18858  60004  81462  39200  32608  69292  25371  18832  29433  61758  51831  30714  32873  30488  77955  72571  35301  930  47653  27469  93811  71374  60155  72257  43259  41020  83790  66895  68171  56497  69021  72932  40855  4738  96723  46311  61853  55971  74320  81745  82030  21421  76065  43310  84650  87896  81599  63620  3543  46846  17602  24682  28135  65736  85754  6909  77852  20051  92538  5027  45121  3707  40205  16422  56730  12569  16598  53489  
57795  11331  33045  74111  46088  45291  27690  19562  52322  1761  47615  32638  88127  75562  78603  94362  64804  10209  56900  3001  56494  71625  42090  21557  3163  54270  21400  85370  95016  82635  10914  10784  47698  71145  17370  35666  26265  27099  25618  76101  33509  97004  20325  81374  61268  57876  14782  98712  35563  64132  32098  52634  63010  43542  89147  62601  34843  12252  55328  42435  431  17238  27279  46311  67391  15696  23762  30464  4046  77029  19513  28617  97970  66560  78103  
51937  54943  43678  81073  16769  12946  53576  25458  4356  8419  56263  29129  1753  19247  29686  57425  90668  7313  86305  25994  71799  31152  13582  74778  62809  12062  68011  34180  46040  74069  67459  53356  19550  81644  63297  88260  59398  97406  99059  91039  61316  55507  36817  86389  42236  73021  59311  14650  6426  18652  58797  91925  92775  58581  16590  80861  68011  70617  27402  65069  36102  59683  43769  30201  44606  82329  36332  8970  19052  70525  17340  8946  92463  98705  51948  
69066  88065  87190  57732  473  78129  67839  80692  95066  87085  55408  73078  87011  58719  63139  81759  54114  61619  29174  30843  92440  61878  63883  4941  55300  20660  55263  87620  72318  7568  29834  17367  85099  68290  2127  17706  40432  44811  56590  69960  13888  41362  27965  90718  62124  18465  58620  89184  80206  65809  89171  22733  33746  3035  65332  91165  65741  1331  81485  81557  65008  60783  70068  44508  33449  3780  98372  91961  6922  97721  59619  6822  51545  99832  50498  
85571  1993  65334  10052  59131  39626  15608  93461  36838  76907  40681  89122  92173  77790  73552  34483  82690  38903  16923  91724  11865  64047  43994  846  23302  63428  67290  86863  89165  96698  83799  22679  29497  14229  50736  98112  363  56718  79733  24473  2294  84288  1356  68234  83492  19367  43652  7956  19602  95377  31136  80099  20304  82527  76375  65099  68852  81699  95976  94127  13446  64087  27303  67878  88032  54590  85324  15785  87982  85089  15477  96839  9693  80321  55622  
94924  94666  6822  37573  34363  97257  51980  28820  38739  15605  97422  61525  61827  96894  50196  96257  53108  57065  75525  50404  95917  67491  7202  84514  98081  57838  94083  79689  40302  50514  64360  35294  96417  46253  91470  69496  76248  57088  25392  84783  58490  31367  6817  73584  63707  77401  56015  3927  8759  39005  93084  20790  14099  86661  54169  74977  16711  59862  24604  45294  89353  11700  46710  295  8723  67249  36607  81210  7263  52630  43068  72784  38458  27172  54132  
54362  87602  13321  8562  51703  958  26386  42823  43419  84400  41443  83486  92071  35138  53365  5050  19051  9639  58686  82204  60107  93936  4097  88850  61899  50595  73761  5471  74488  62350  23938  40043  63804  12693  29395  43651  67233  6322  25683  70205  19564  41754  45760  78151  61043  11996  73213  94071  77054  59385  84323  46637  27152  7868  75369  22317  58358  83400  7502  74132  24595  88967  92499  69382  13900  64201  86885  54780  10677  51538  87656  26874  46099  75450  75253  
14335  64360  87392  32801  81136  8519  84328  42019  10409  71432  27510  95058  75879  35117  98011  99530  95221  35799  40695  32728  44034  43373  51309  35974  49943  50863  17906  99298  50679  20614  58581  28208  5016  46047  77524  48420  77865  82164  37754  63514  55539  94160  98605  8104  63604  98020  87417  35361  98094  33672  60632  19817  62232  78601  4498  31571  7868  45282  41418  8137  51479  14863  22778  96775  35499  52577  96490  83149  21544  63240  27926  18478  3383  54293  77560  
53720  14575  22525  59432  41946  21295  36986  52776  25016  46250  54347  46546  56714  30070  8126  6243  98545  8163  68911  31815  61022  67072  71832  52575  75156  55285  3440  5270  83999  88569  69928  50501  70763  93662  32656  80185  64048  60287  70485  34755  14126  22327  22100  71350  3930  99655  55444  97894  68214  47571  99939  27705  78863  81627  86644  81500  15565  26890  93710  11261  47081  50195  51017  84151  68592  16046  5707  6587  91093  80425  77524  47844  85664  5434  4185  
71020  45489  56735  58158  58834  81123  31536  3743  20616  16987  6149  91796  9694  39221  77135  95880  90151  58054  89861  62659  15427  458  48942  87138  13922  49811  71603  81744  91209  79737  78891  50039  81797  19492  52444  1013  92442  23294  69442  20048  19689  28534  35631  53720  48911  32308  49276  63307  99609  40581  65532  82922  66665  79289  69921  75265  17353  64725  85195  59462  12624  16595  81206  9498  57524  63073  45731  25931  18166  37442  19439  34282  39437  49260  58569  
21629  90514  13501  35613  98835  84084  51844  96153  22331  20746  16641  75042  44604  38778  24891  64419  75302  49932  76194  44011  56171  90763  53777  37958  31851  14430  91472  49721  84860  87943  96505  11596  94623  6202  44668  56715  57471  89343  45286  5870  95373  1793  50337  92513  16109  52149  75708  38140  19343  72917  84892  75497  97910  88111  92954  36186  7318  47130  26803  47691  63203  15999  19938  1549  27216  94918  18321  6792  56664  83632  10909  55607  19360  83695  70950  
43826  30381  36236  16546  52562  17932  74628  42056  22233  28434  48645  97426  5241  70401  87070  91731  13664  20539  59926  95176  96287  53532  22847  96767  71602  95356  56201  19346  51295  86308  76869  34028  53832  58602  79865  1285  996  97812  67152  64404  51461  57660  43766  57888  29949  36179  62074  21999  32106  50081  49290  12726  88015  4008  23131  82001  15003  51652  61635  8287  45357  81457  73666  72871  1110  6248  70455  13936  96150  87353  49230  37486  13817  97417  41322  
70938  48703  50107  77763  74229  88247  60965  30748  99259  90718  74908  23709  51328  78028  54920  262  36729  28828  72676  61563  80170  57191  92792  39902  99302  75141  47765  96886  3424  84732  52720  17385  9851  66244  93123  66054  10205  28989  71105  79752  70134  76730  93857  46284  19599  85738  76387  71452  84423  65050  42551  56147  22238  93316  72250  92309  86838  78121  36858  68925  6943  21357  30217  89921  73873  95733  17328  74887  88089  54999  25820  41286  62732  8241  52878  
19192  52630  83229  45756  19384  70390  30271  38050  64239  33439  23809  66367  7058  74719  49695  38224  759  13834  65922  40712  13979  55066  7356  9191  66667  62484  27397  44917  48174  77258  1521  48082  64746  58624  53808  45504  35164  15797  16833  9118  1493  4529  96148  35516  71222  64593  79731  72970  73298  50669  49438  54584  46574  6570  21694  79833  55394  46768  87244  20688  77429  55406  89832  57571  97855  87907  53703  49769  74228  63613  93091  74385  98688  30114  44206  
10983  20746  27854  49380  27244  16173  28646  48045  38  32184  80376  89570  41396  20432  2108  782  5256  87151  75770  89180  77015  11455  95793  6945  41885  5621  23950  43849  90929  90653  54479  92695  52479  55059  96328  4602  25593  5097  87638  29342  15585  57128  58486  29851  58578  4838  73261  22236  58485  42943  33559  86988  91347  4335  52843  61661  25506  18528  72878  74616  13611  6723  78434  26978  60632  2071  65187  68139  45744  52607  78801  44680  59599  89388  51500  
58096  9083  95340  63584  24558  35181  64749  7398  87142  80696  62834  82690  83637  47603  8416  11895  72170  65622  57611  67790  12644  12526  82094  68932  81098  61533  35756  89488  72002  46273  45423  92907  95815  48555  2969  61174  78324  3422  40582  51740  732  99946  77777  59239  59346  27145  51337  29048  18365  24152  45803  70213  36881  58142  81221  7095  44016  29380  99902  3404  21430  75517  10493  7140  1283  56874  42279  62213  75714  76779  89612  18064  52955  98787  60156  
95044  73795  33144  63102  80066  27247  57740  5593  61538  73924  55316  63806  85754  57113  98336  33836  48194  28869  11380  99271  34288  71626  76182  56417  41917  59561  78779  90638  80257  3179  45582  66091  90026  16934  70566  22754  93018  32152  48049  72279  74027  49943  43729  34773  90261  39376  5186  94343  45142  70873  20447  40859  19731  91322  11351  78325  28356  76025  80518  25207  7010  12112  83635  49595  16525  52285  19813  58319  47495  43290  93378  8253  69487  35749  811  
49071  65023  85768  10366  9028  88987  92037  12959  40534  16606  12666  95975  46554  3975  30487  48170  50861  64458  10967  68978  63738  26600  29146  23378  81999  4342  48713  32853  46373  72571  19221  1651  34265  37888  62171  36070  92388  11672  26071  6809  17441  89851  34136  75706  37122  35053  59919  27761  97076  24887  51329  18921  12426  75014  73478  86506  15342  87779  69002  4454  21847  55020  19687  61017  42216  33524  67658  80743  58614  2962  86704  14921  55904  60575  91211  
96534  75916  41339  98837  87111  49421  36148  55073  75792  64715  50766  12385  32321  85588  58629  88606  86178  29711  40762  77426  26915  47963  66124  33901  89748  6498  33328  54640  15991  54366  37949  29004  42391  60839  63198  93904  29800  10354  7083  40738  18542  1714  46766  25385  62103  75704  66923  51231  28248  80999  41239  92197  31539  25190  20104  30187  45540  96788  69915  49307  79045  29909  4382  8963  78760  2044  10102  89732  2104  91849  91461  36562  27191  8094  51312  
51373  7528  22350  21927  65910  15096  26437  24874  65396  69224  32131  14450  35985  80532  95228  77844  90253  54309  61951  59145  13055  29206  18951  93374  35669  98604  39496  40835  16589  1497  79907  89224  18065  7312  1961  11634  77767  9569  91103  44682  46813  9320  48964  46782  61741  39288  45556  70308  76232  91492  57818  342  2063  72348  60286  36814  55838  13813  18405  81931  19197  88589  14607  71558  75734  69969  34680  19499  91444  15030  43674  41863  19650  49915  5818  
68813  76128  84582  270  46033  67957  52509  16804  61402  61920  86461  15494  82964  80411  16610  6724  62517  11996  73425  78619  51011  26285  2967  5699  72484  81954  49611  91695  73565  79113  65764  13149  83993  29604  30194  99608  7710  25054  94285  89436  84482  32531  28212  37435  2588  93629  45876  35226  20016  20712  89678  68398  31340  56161  81838  78642  11475  83551  86694  41853  89615  12875  45036  4513  30886  93572  69834  1095  56841  44180  88537  43297  17218  14259  81043  
48748  88350  40264  99104  293  12784  88028  52916  58802  92253  9413  74688  11883  30964  37055  10052  3801  8773  9100  43524  66417  64348  5879  16826  81620  11241  28701  6851  60322  46149  3497  59082  80466  48637  10902  8026  87934  89034  98630  30078  3238  42107  55301  48122  24909  5720  55077  26010  86317  42499  40151  85181  17521  33511  78626  44890  80330  77638  77413  99964  79261  10344  52967  79647  68440  63258  8425  97894  63027  78428  95962  9058  15975  83144  58855  
95018  97234  68733  82304  79247  45107  96399  60978  87821  45388  90033  6722  42447  75261  39775  18319  66252  64182  79271  72937  47857  62364  26356  65903  80189  80361  60992  74621  69762  96300  58228  69968  47857  42738  48424  4517  98923  15629  69999  20222  88572  67904  60695  760  95101  71523  15943  94163  60997  82845  77420  1119  59639  90495  59314  81036  9316  75684  65853  82966  71172  27474  42788  73302  59502  44416  23291  40478  66355  87725  65901  80523  34832  97717  68068  
13598  29096  17170  26659  90651  56511  63011  93048  74212  56267  48830  29584  5444  43097  47525  2991  33249  69871  17228  93538  99060  43554  61475  85498  38936  53411  54668  33061  30074  3052  50340  4383  23269  34256  77887  95502  66483  8857  48472  43916  2343  97681  77267  37088  74404  85815  76816  63551  87899  40916  51507  38363  64499  5532  30528  28212  38502  49505  62583  297  99945  51605  23330  88613  81934  14595  35113  74194  28039  81369  38443  539  38930  66131  71077  
15214  27455  50107  88452  31540  98659  9360  80620  55298  24067  398  83822  35220  4347  4563  7387  94144  90316  98102  12329  46436  53164  29510  35689  73851  14649  85369  91574  60277  33047  10811  4437  58979  82100  79466  37544  53411  94772  73267  72816  16859  1508  85716  55071  48660  75868  95599  93210  6313  83991  54388  61311  82111  58585  23100  21153  52558  27452  51489  73129  14341  35129  85480  87005  59300  24953  72002  2642  54456  32710  18956  99196  83637  38467  90342  
60491  73551  34817  56950  87512  41823  63828  9577  37066  55615  39573  27890  34206  77734  24599  50333  76558  19130  63036  73382  17297  53481  55942  42065  70805  19542  58080  29512  41201  97400  34311  57121  24534  8019  2279  67673  25641  83900  38631  83576  37976  69769  89635  94490  3658  72408  95695  79370  94411  35140  56605  9384  3797  60189  84919  98464  20093  28689  51927  18222  45822  13473  19905  91197  40581  56637  58234  70185  21003  99626  78174  40714  87070  33265  74148  
78146  27918  72886  33609  19363  35252  32492  8825  89006  15541  26909  73546  72142  12761  93443  78468  52336  72242  16387  54248  73897  5903  67443  9160  69645  84557  70694  61661  35068  32999  19951  92761  81988  46210  32323  44042  74787  26293  1510  55249  68909  35619  4185  80687  80578  88460  25242  61739  78932  84751  3096  26509  72548  2554  35487  3465  19219  23128  49716  96275  80584  75703  92806  64168  9969  34404  20769  16978  4140  46050  19772  88729  41515  48287  78901  
88216  4445  94044  71895  26193  21637  28848  77945  6696  40309  69447  7350  59322  28199  65521  25369  15774  94315  63465  77362  23402  11392  39681  94113  82121  47523  63677  63788  40827  87742  76720  54790  12194  56816  71231  78315  71925  80641  40428  20398  84397  25932  19054  3403  51873  60875  6075  1826  9122  57668  87994  4269  29260  4526  91875  17863  56861  46330  40061  3513  56581  57238  58773  59108  88119  89561  43806  30258  33925  31422  1103  85784  58422  43517  29404  
81295  94977  82085  37682  98007  74234  16270  88468  21581  55281  15430  71340  55158  75702  90634  8693  22693  91965  8753  98464  41320  85822  14008  24720  83940  95409  81290  59474  31177  55321  94304  97560  21333  39690  60351  39579  82636  66205  42577  9658  89807  30194  43906  61789  13359  18363  78731  36047  36115  91328  93271  52051  29856  37286  43476  70863  63841  44104  67546  21686  48166  26272  15216  3026  47132  44203  22539  92405  34081  75434  20034  7729  18538  37124  39369  
24932  56143  85461  53774  6352  95379  29459  6543  67827  74004  72592  97678  44585  27230  22235  37823  29163  22797  90401  33039  53076  93119  92581  22548  61600  2092  18665  41869  84725  14356  89541  14652  2831  47143  9522  65453  83604  77195  49681  58503  94685  28510  62541  37622  68441  18656  57011  90149  52109  71956  19314  54754  68041  88878  42315  7446  3001  68502  52977  68250  61798  75140  55536  44494  70966  48716  15807  8800  98059  91342  71721  4393  43039  15680  74953  
87733  73357  87211  13668  95688  62986  86149  98740  57940  15845  21964  86939  30775  78104  7190  96679  16441  70448  7919  92503  43681  33704  94159  5062  16738  21281  52869  65719  31238  28362  50749  94702  86017  89555  76375  17382  24465  2312  84221  53786  60302  27178  95557  56462  86823  33429  82731  76342  86507  87223  10710  17102  39517  7243  69979  92007  25335  10524  20307  18101  50641  78926  41097  19024  20613  73048  87292  9410  18403  74602  3097  69106  99777  15726  58783  
15919  88151  47379  1894  50952  39574  93378  94371  13443  19733  97598  9200  35230  27300  56385  433  87582  92454  31049  98975  90076  90792  73703  18070  58631  17034  7215  12384  74565  91505  55845  8438  36920  86425  38384  20208  24489  45272  76943  97808  86558  13134  92363  64175  71983  39108  98672  71614  15436  78582  18042  23303  30641  13956  41141  63352  9694  67713  96340  56653  75525  42766  96129  48476  33895  79168  16613  22707  76740  49525  42395  97990  60699  72926  26045  
30034  23601  34371  89332  86833  25406  56107  82554  21512  20168  86453  11390  90121  99294  83457  53766  11665  75070  95411  63011  60378  30029  6289  87342  79174  57957  41888  71532  43630  83775  508  84049  58541  11454  76576  99941  53302  70283  71784  21920  48821  5891  55675  75338  30917  85038  49990  72118  70225  35629  66957  97376  78431  80719  64350  59513  95585  91570  62546  74921  70808  827  58854  52331  56007  54363  52172  29603  914  29544  59864  42279  25006  91150  82504  
35081  42868  62457  62958  60717  8926  55523  98438  41119  52554  54766  99748  53908  87883  81601  32996  89393  43678  25832  48370  90025  62978  81385  33471  95535  97676  38548  86506  66267  44497  28872  36986  42291  54432  37747  96319  29990  61888  43210  98650  14650  70942  27515  27105  23202  13389  7443  44755  74740  85465  4537  35430  98076  42809  67242  76709  5483  82982  59681  76373  37564  415  1361  26541  4493  73070  13677  66122  91786  24699  43032  44238  38094  22095  8395  
93415  82638  54991  65205  52176  95619  46710  22181  39433  72013  56157  65732  28959  87955  25701  76675  26406  41704  97624  87187  74548  96473  8537  78717  62697  1461  87846  13120  46522  53365  14890  1252  24833  26143  80709  6936  550  39930  26360  10883  15605  69686  27959  34592  35361  81827  36260  63086  16700  34201  93646  29241  3218  21054  90059  26437  47761  44158  90523  80630  37421  77832  61940  43512  83262  59125  51592  50722  24422  73421  48765  33437  53679  54957  98584  
72986  80462  42744  90312  98138  34784  5003  97182  88226  35326  13598  42508  54736  18838  68472  30155  33754  17082  16146  8779  26618  88322  62974  70414  96475  46814  96302  13641  98174  38781  23440  6849  11268  47034  1314  21935  67113  47492  65520  58145  78009  28074  95065  71338  22012  82865  71976  65324  22835  37983  55586  2219  98360  47450  21196  94623  61061  41133  81617  28660  22954  31292  51215  86578  57319  13997  71391  31538  27573  22245  76712  53589  75856  97548  44217  
57222  99144  23097  85960  61071  86016  79265  66108  30837  94449  32791  44921  7882  36817  4723  20953  55354  48720  50885  21242  31680  30511  21521  38370  150  6780  86220  12905  53511  84323  41929  60820  27677  39376  74199  43546  97143  26548  59733  75791  63509  28246  87272  84065  3619  86003  2558  41265  48174  98059  16637  75368  88847  649  34945  27834  31627  17839  40250  70911  31831  86648  43501  28793  98671  79014  66720  7692  89197  85024  53051  51651  63216  12260  62351  
1752  62753  50313  66638  49480  40204  99557  36112  17034  92574  66739  33108  76669  79435  273  39195  55869  77159  90777  43694  57023  5583  85038  19747  55403  31499  44468  28746  30162  98306  43834  15283  32622  4826  41784  66115  26841  52356  91143  10504  49367  4799  16523  94534  39618  23397  25309  34553  53510  88360  43992  22553  56224  58090  60667  63928  96186  80852  68697  38472  71471  48421  17440  45135  75370  33706  72968  85697  88052  58514  32914  50475  24725  55216  34685  
13089  22742  8614  51620  4834  59994  35830  62912  71182  63319  75331  57448  24493  83485  99074  29964  5302  81344  72226  47792  61675  32966  56988  53788  94954  14773  51065  49033  8451  20631  45866  16917  37850  3838  71170  94336  81190  13033  37672  6086  98406  48604  1509  18697  85584  65481  77411  59991  47148  65362  34716  24150  11261  48795  52798  17465  53801  28845  77687  27942  49758  52501  18896  32381  29348  62070  69689  24527  90939  31134  33894  45989  90067  34572  52484  
32065  22853  78580  65417  37031  58357  89638  19530  21245  42571  29316  31654  15326  12674  87712  75999  60880  12176  17542  91401  78257  9460  96104  68228  32593  80536  51501  25107  63567  21283  15888  32226  43085  89334  29952  47978  20950  3214  33738  5794  76011  93247  79373  11716  67365  76315  9123  97909  46056  15385  64781  65887  84794  1935  47164  75730  60557  59918  45073  33379  6668  58130  34245  32870  44245  87678  29370  71147  70135  71814  65949  94943  11548  81827  61193  
1378  40918  46237  56142  23525  61570  80207  15645  42788  26762  26942  97146  6913  78721  91206  43436  70627  36594  56243  57247  70626  48657  55050  75865  4552  20136  57419  48113  95072  93721  82965  86313  80725  27987  30341  71558  71491  76904  58513  99553  626  71173  52002  64768  90389  4367  11207  18981  55461  88104  35050  76157  16652  19932  42313  41007  97346  85300  866  13531  23677  6198  14043  36158  8751  50352  87906  7576  78356  47475  33890  62378  67940  83364  50051  
27381  63203  97631  49481  59721  46035  41454  43528  10097  17174  28966  72430  4322  61401  44933  59930  96435  78397  62059  19465  71351  16397  57399  9840  89134  90415  91765  16503  98890  2014  95104  41105  72697  59487  6721  83277  89446  3867  7238  12550  65345  71855  69668  84375  28010  87305  81861  73666  57447  75085  42066  78726  24068  21539  34126  28407  81943  14800  68662  63918  31358  53959  66626  18139  51131  84035  48823  93545  15206  70659  58963  56259  71176  95588  80503  
735  8412  40125  43582  33741  80153  43491  85105  81989  83661  19803  48120  74082  52062  57468  5504  3628  17773  54060  658  13309  22277  58775  4498  55013  8842  78318  31330  2356  16694  65183  79525  49110  61145  10075  66880  11718  7990  39220  68482  77658  62720  78247  80313  4872  81993  8562  60318  55717  21973  8544  28493  18755  94428  76113  67376  76865  4403  28330  22061  79448  20212  32635  42656  61967  39099  22308  39341  72645  31617  76115  10882  18210  56062  28663  
47634  29515  9175  66256  53081  36052  20231  73964  19397  81450  97045  7207  48499  57573  86971  95608  96952  17389  61189  92237  87930  39877  77139  35193  62044  1244  44210  98681  25969  67813  60958  28055  49785  27545  11573  76150  11094  1718  31556  55736  85847  73412  61349  90701  88280  30086  94198  90072  30178  12045  23669  80189  62013  81107  92498  28426  74827  85986  61821  97024  37044  60950  92425  73282  39825  18341  98777  16313  32629  76367  36316  58634  99962  1430  87134  
75696  62988  81147  40765  30593  45378  11636  47126  52640  18060  92088  11282  57265  54177  62722  63502  1090  19402  99625  24706  29818  50983  51356  4661  83316  30024  278  74920  72221  96873  36332  60673  10080  16540  54288  85146  34609  35047  22207  98098  75145  11188  39563  99092  38454  86859  52196  40564  46550  71291  91575  28667  44726  87789  81320  86255  79490  91139  49941  7988  11090  19972  95161  37998  81248  6544  77134  45394  14283  38293  23852  95768  34432  83845  93538  
35458  82366  22799  33427  73596  88974  75011  84044  82676  21739  57059  84815  85664  69620  37950  88196  30789  83441  44116  34926  23217  73399  39196  81181  97260  14957  90324  42630  15330  58135  33466  81609  50402  20768  25265  15667  82621  62514  57198  4544  13866  83766  33540  51071  49912  15584  47946  94859  88893  56152  59346  87564  62634  56497  3839  94012  33092  77720  3006  46445  41708  85930  67028  90915  42500  44303  97854  51730  19821  71168  71465  81798  90287  27797  86676  
59768  38989  65120  35675  15034  46510  21364  88198  27185  46728  87022  41615  6990  24729  43717  6518  68440  84869  35086  72927  66513  50126  3313  26139  91220  82162  92757  1893  61165  44193  75533  8781  92440  52051  27205  84639  77392  4291  22931  66185  172  39633  76596  66972  1297  82949  26652  19874  43754  74249  51490  65769  77710  9090  66259  38103  50209  72366  13350  36225  79640  39945  28421  86451  70079  90491  80812  39442  84190  98653  71202  43530  12761  33479  40544  
89206  42294  84809  87489  35291  98708  77510  29047  68726  97349  94140  63295  96991  64438  63624  81887  98268  41700  71139  70668  66500  97283  54912  34735  41693  92090  88344  43707  76734  90815  34291  53468  79503  8110  52511  82533  57787  12339  80639  31768  37097  81854  15501  81951  44418  81838  60906  66051  56897  74413  66727  94069  130  9043  31071  44034  17339  97947  36522  57574  59331  61402  23402  90305  24854  42975  86412  18146  33879  8563  64975  90924  98274  51088  74337  
92074  79366  30104  9253  88241  74769  55943  40718  82598  68645  90995  76936  85514  85819  62910  16689  62536  17131  48370  20782  3887  2932  79452  4313  55567  25985  50823  4899  43486  59677  92368  76040  52085  67233  62028  23151  9063  79085  19561  5973  41042  54461  69  62654  11141  13926  37849  98710  66078  13750  51668  85229  31472  9908  35120  76776  21374  17662  78273  63989  65509  48190  77152  12316  22272  76944  60121  57917  95326  71893  87861  26204  16318  61680  981  
39176  8641  48980  53972  61828  17880  48677  11126  554  77152  81029  83931  60181  14268  98077  21306  58967  81772  10076  85646  17534  76761  72850  54480  36534  17743  96731  80122  62018  91513  14704  53893  74675  18394  20532  48938  81475  8105  59561  18025  60438  32810  49943  54928  55054  61901  17274  15963  61555  78431  26540  95278  84534  45413  99087  56442  14217  20820  79947  48055  42771  57445  17656  51508  20233  27929  3195  95704  85987  35041  14563  92350  60534  12215  8806  
66458  34057  11243  90001  34623  62197  11564  83088  37970  55761  11538  44266  91993  22216  727  15390  16548  59701  45055  7518  77088  12226  53097  42843  63232  19475  43695  62764  63532  28099  52405  5243  66141  51379  1571  98042  77443  7686  38830  33176  44066  99616  93012  80362  1937  46399  24499  62072  37146  6059  39723  41838  52177  88676  26053  38321  84792  17587  36991  79118  38777  77106  93992  26069  26965  6988  4117  70623  74696  82972  59418  19887  51678  27171  46341  
37610  87839  46850  62282  88211  97043  51628  95324  21040  77161  97335  75211  77977  37931  36549  16038  99034  91587  12094  5877  87675  51863  95406  40977  87619  72898  39010  95451  97834  31949  2763  93472  93450  89145  15949  67677  64728  70476  39650  61756  14188  13030  28014  41978  20099  83804  57161  499  50979  28556  81667  50268  52049  74555  99871  67406  26017  70021  52136  33291  79681  97635  52229  32787  85496  77674  17254  43605  73627  60682  76630  94545  43646  90162  1337  
74548  14332  24306  59943  31669  75536  40835  79922  61772  16050  68025  15600  26623  63931  37458  47324  66280  53797  92730  39598  84874  13153  43323  97842  14550  93290  18927  78441  81171  20215  8416  67636  66374  58665  70999  64062  92777  23667  63169  49701  24739  14914  15355  24656  74353  53243  51990  9745  95401  96552  59701  35802  52681  91951  27908  71767  80420  38736  71296  78085  42894  51994  75052  46312  35578  54958  82945  52425  37465  72254  7811  27673  81654  58704  59021  
53027  95366  43917  27553  42063  19852  97883  40586  9925  46889  67325  20774  98622  53995  4559  19189  82956  93198  91553  85584  86865  59267  39529  3393  55673  5373  69478  1842  17963  14702  97312  24751  7908  6964  40763  17892  21495  87671  75802  6641  63648  46469  34043  82779  85920  81333  55287  63964  94984  66031  55170  29034  9660  5879  58517  7605  57100  46275  29882  92422  61467  28717  76039  36557  140  56728  78448  4804  16525  99250  756  98207  22714  60481  3530  
13406  25018  65261  80497  30430  72005  92600  31233  12123  79231  99734  115  28471  76004  70945  86580  3807  35031  87962  21791  82227  21921  10903  17687  13768  59043  51162  378  23654  759  84659  22324  3392  56329  99820  85429  44208  15746  92201  80648  52053  4158  20532  31536  67643  412  96583  97100  17598  94398  86413  40144  82495  85181  10213  96884  61441  31433  20723  14594  93293  20867  84567  49929  40850  78522  6262  27763  26716  75298  1738  71314  74504  84312  63841  
24926  45030  48203  57510  2033  54698  93725  68035  42378  95457  79922  25576  18529  14983  87780  85067  83735  14004  6237  53779  229  23986  99574  78448  3709  34033  36577  22123  30847  34628  13158  1407  11734  60951  11611  43950  97818  59157  88781  3597  56411  56667  90971  68426  63229  6226  67561  90305  28885  59636  17158  96521  58171  22186  82283  59584  70312  84615  20316  5641  15875  41455  27007  77505  80271  34798  35555  53727  49861  99319  56898  3429  77670  64414  24279  
83974  53160  59639  59252  47768  22246  39313  76870  87901  39794  96418  83693  72043  35067  72650  29689  80079  30783  7693  95179  53598  63941  28864  99449  194  64075  39077  31828  35451  8783  83934  12249  65207  8059  15201  64155  46516  14389  15024  6408  15487  53983  63494  63077  2896  69964  79712  25004  38579  51660  80721  32986  97002  20681  24862  45847  66212  44505  30004  74567  31951  61278  67080  23986  35631  92674  61908  84626  20141  7125  21389  10208  57305  12947  42712  
4149  52205  41930  12063  22992  41220  37856  97803  64228  22733  7522  9125  17463  93253  6271  78757  478  73382  59215  5900  97356  11738  36980  6310  49913  90267  99711  74771  21955  43669  93879  59852  9801  70918  52436  57564  37775  27961  86262  79809  13835  81220  56816  98781  34721  86127  77484  97328  76821  3534  18981  25677  43543  47099  48193  99053  17074  2749  81205  22285  50470  93260  95208  2470  89973  51594  66232  3067  51628  67642  13762  30894  17522  66676  68149  
31989  7384  85312  11346  54975  44013  38183  29697  93516  62089  99962  67180  77076  95110  50142  91068  56446  358  15384  75749  30916  67078  67541  94288  40356  3758  97058  85622  91830  71614  72715  94292  55098  18777  97376  15799  44150  91046  39080  24807  38907  14206  37557  50945  41605  34272  21937  86974  63963  20367  7150  77901  34778  76568  5492  75417  5346  62771  30866  9413  49321  94481  12178  30004  43642  71132  34355  54574  65659  36128  6524  10138  42349  13841  83645  
99655  95674  83165  71292  73695  70902  61095  65567  84328  44480  31646  38449  7640  86045  45358  47933  77017  28764  53764  17885  6626  34819  21624  60526  68817  60988  60389  73694  2552  42418  15853  67920  76991  87872  65911  61619  46736  52596  17034  28601  79835  47756  41304  65311  84222  34631  4159  8046  61603  84720  93956  79686  44777  52579  18258  55421  19544  72659  6213  21957  13032  36748  49765  92449  82262  237  7005  1686  39007  76828  49507  25750  56986  48988  25960  
51415  78535  9838  49713  31987  82062  36783  32587  97637  90400  70247  79111  37286  29062  57942  60260  36817  87692  54899  6150  85682  34513  23249  60849  70969  8825  42539  58711  75866  48470  16803  30556  40849  89996  54359  82776  28378  91497  85627  85277  42888  82921  6566  65844  33250  53643  962  85987  12642  58229  60333  79005  74063  21171  49683  56912  33898  15782  81648  96004  53823  43036  11214  38229  26152  99329  39867  33293  35322  30485  93469  48650  86683  7385  32242  
98045  95273  75327  37413  7936  8811  53224  7712  18370  60703  72865  61749  51939  80115  27587  88747  13648  73233  35043  45247  68269  78002  119  95669  26398  49641  71970  61535  72415  27365  94565  38700  83933  73428  1634  18347  51618  21107  56715  55886  14149  77254  1189  89121  17442  97206  45975  29267  47273  34453  13595  15686  98299  1438  78476  43724  12372  87997  3026  98824  82252  58941  68251  73405  54123  41684  39098  18123  67821  45375  55476  96347  23988  79100  33172  
47673  39835  45684  75551  35980  80476  48388  31976  62639  50984  99791  22956  28167  22579  59974  66222  9320  53436  16596  37139  88095  73069  36704  38009  24801  80802  74969  95612  44654  30463  99047  56929  96418  2275  31708  14665  46033  39451  57365  40967  36400  79361  89911  43094  49495  18516  84946  13087  74788  6336  95838  77974  81706  91789  26877  46004  59465  33000  91984  55821  56279  39962  57100  45683  55893  85875  35770  69252  73097  85203  49406  55666  74968  26314  12985  
97652  59273  79912  90417  12054  57223  10995  65066  25909  16983  8849  73801  64330  80154  74536  85187  25518  47682  40825  90503  98385  83446  66288  56733  37128  13157  79756  95978  73920  6607  59437  96210  66916  42696  8175  35958  7068  39155  67133  64270  95113  70525  19997  79909  56711  28388  5151  93599  35369  2798  32660  86139  8358  3017  22797  78663  73131  81575  13342  97782  43383  90249  71052  85167  4630  29933  38485  42730  57813  25123  91870  14837  17740  91914  1266  
9466  17193  2195  55224  47227  76853  26608  21755  57495  45708  95955  47517  31446  10826  37941  24285  35948  68946  45064  72497  3694  558  27165  27035  18342  41025  33587  40055  18990  75757  57694  58895  69517  71549  23048  320  34753  37346  19866  81720  91097  45903  2373  58847  89956  40935  57094  73577  54162  76079  85666  11853  26568  1797  13674  97909  13615  96971  24784  14989  12334  56419  47439  51361  33318  70955  64249  67465  17952  18628  30851  77822  68663  93078  66960  
74370  69203  52468  60415  9  14052  401  11404  35129  10807  46784  56359  2411  40167  17844  34385  64405  10953  58508  27321  75324  79129  6134  2217  1298  40966  29105  46006  13750  17781  91106  89979  18437  93058  98475  80074  37388  28347  94888  24464  37628  31090  71544  45213  97096  48123  476  75511  99536  71428  43020  52245  39373  64011  36388  52528  23062  87905  18557  2921  50939  48821  5015  84657  38484  51603  47334  46937  11693  42746  58169  38484  69843  4876  18367  
44245  26115  13035  61902  4001  81312  29676  3534  88556  42739  91448  31274  58157  65780  50602  42318  36205  31790  78542  30454  81281  3091  17073  37207  45197  48269  86396  60082  95012  21739  40233  79338  94552  14706  54584  23241  49126  19265  81539  53916  63540  27182  66362  28643  7383  39249  52976  64318  49684  51166  73131  27134  45249  97124  430  1017  10838  46585  22732  60804  12282  38354  25973  31405  9354  15779  686  57228  11901  24221  38966  68754  62294  43507  34104  
98976  3373  94525  36695  97054  26964  18990  58838  37879  31743  72368  20196  28929  86874  3573  62762  69861  81368  41643  2417  31542  7312  20651  52042  20315  25317  46131  62652  68377  2315  88532  80587  2299  14349  41073  52442  42925  15273  72442  63799  74241  66310  97102  27734  51893  62113  80239  94051  21685  34755  94451  7971  4767  80362  90972  69959  62069  16433  61583  6602  68946  4223  55935  87769  80544  71323  63900  63847  70394  16140  46509  33283  86264  45341  9509  
31041  29197  96164  33636  7699  95224  18008  78353  11218  36921  1761  21212  1485  69299  85613  98636  24239  61640  97680  58382  81751  22438  36792  6343  59074  24233  33607  17379  64784  86454  95785  55354  63591  8499  93780  7752  30788  36802  43159  40633  26872  83946  71084  25481  60570  60325  46236  58672  43843  89029  11313  4157  51849  14051  84176  24530  93368  40702  84676  92669  86494  29723  55611  9575  39198  89081  37747  6821  13464  8480  85103  85340  82823  75454  12804  
26863  80995  87002  76372  4169  38042  55402  89786  41821  85893  68505  64298  88911  50743  21945  25853  35295  43232  36651  11095  73733  2187  70659  75727  68289  64983  45628  69220  52271  74908  98026  50989  96904  73803  43250  12551  42474  11381  7686  7304  76381  67674  5439  64914  11848  29771  57550  74102  54371  60051  83968  27859  34421  40121  74625  99605  7703  967  66685  98374  32998  76703  78470  73500  51997  11535  73259  76570  23854  8020  44011  39473  66901  74246  32688  
91428  78616  70341  9376  56818  71870  6059  19707  15153  73216  10522  54832  48654  99638  18737  69176  43267  78805  41383  26902  62555  82591  15841  89521  64805  84700  60560  8346  9863  62589  22066  80851  26139  65192  36309  68244  43900  50403  19576  62536  63041  85656  3651  19243  28958  44839  45221  38522  98222  32126  49506  155  3452  34761  34511  23159  31548  52270  95622  55129  42522  91317  87707  55201  14206  87453  76889  76277  65119  97270  77588  36185  16751  45243  95012  
7696  77436  56653  60669  26203  8237  31612  87633  93220  3139  98507  45081  28376  35819  86324  89932  81422  46582  91247  36579  9762  42354  8164  11436  2015  312  46341  95451  98337  65720  75631  30740  91310  28154  73123  87286  66030  12155  22607  77849  15066  50618  69659  96806  3947  17666  95417  92024  7726  84601  80601  68422  27923  22026  95633  68946  3892  13084  512  59174  44708  37398  55126  30099  58839  12275  43541  39533  43173  10506  20214  39474  43592  88582  99138  
23715  30839  50759  79169  15161  68812  73685  19861  13961  42001  62426  44982  42458  87061  97507  74188  76602  60175  92246  76439  60112  11797  75138  40911  56324  13367  68053  67749  54486  88363  15343  51757  60805  84186  77152  74426  18223  95437  73384  11965  77607  68993  12841  34761  4074  84876  94856  66796  28469  31674  410  19817  57353  2439  32763  93329  40894  29045  33945  97016  23029  93471  4729  7215  45105  61562  46290  10212  28087  41921  33104  70748  31752  74275  67561  
55179  23584  38853  79187  62453  11203  78272  79230  98673  400  23036  36189  2371  85540  85894  99709  34704  76884  84016  74296  33059  98371  80962  66370  34728  11635  91244  72463  37535  18902  64343  90638  88132  10984  52535  35348  39909  78094  28370  73587  64924  67320  54672  96700  60650  60910  21231  15294  71013  51854  72381  70177  92668  56283  17517  67097  22218  87591  44120  37728  7857  75896  97792  64658  23001  41878  71384  33401  4229  71169  89743  25748  7011  14758  7564  
30813  28125  45684  30495  5945  81713  41351  70812  29399  70988  74307  60116  18872  14485  44572  52922  23944  76693  16500  11532  28623  75601  19813  67121  21261  70071  76624  36768  6270  42418  24653  88689  25346  63748  26582  95776  35022  57043  80026  39132  93750  60577  84561  48924  54525  11632  24841  42948  97330  79591  57769  59902  70988  65399  62543  52569  43359  65797  5602  35940  12688  22093  94109  97004  71104  25505  20152  17060  57606  49680  10247  81077  80463  58620  63303  
99118  29257  64739  12312  66625  53298  7886  38276  67430  59197  86843  91509  52395  41453  14363  94307  90975  77570  82725  90667  31942  25057  44722  96646  95248  88235  7588  73563  13724  65787  52814  7854  48689  76839  11141  58477  52555  93149  55972  6786  44227  43789  75191  40177  70817  11499  98811  9486  57033  11668  68377  93410  44920  12368  27779  18811  71503  50149  53991  70207  48226  17662  3265  47931  71782  15672  30387  86336  21606  46981  29684  52644  70740  655  16529  
38199  67248  52688  28131  504  17915  6353  65034  86226  70636  44297  47735  69297  17588  43055  78636  42055  87205  81110  7987  5635  21315  92658  82074  7651  56555  54091  23575  23569  19963  70780  64735  26348  50665  28429  99829  758  97343  30136  56034  31535  40676  67959  40955  42423  29471  77646  50732  26220  38957  11878  5496  13369  67502  52722  96592  79226  99297  68846  81462  84105  59654  29911  1075  27563  62066  98960  60755  64750  20264  50716  84660  55740  25897  52441  
53939  26624  29110  38967  36752  49884  36641  11799  32464  37230  53262  61566  10445  71846  65927  39218  61066  21299  39117  64120  89719  20161  93127  81305  84538  88557  75166  65443  99305  50704  46814  33016  44754  76782  16915  20618  51367  35498  45900  63600  22812  69886  82743  56472  84763  29669  55657  5602  53793  43711  11568  31288  1882  19296  20767  13066  75177  31527  6312  2089  94986  38554  15302  14323  48725  63716  17954  72938  24652  30272  47355  97283  43129  31785  24103  
31907  22842  82139  99215  73100  12894  76071  97965  74191  92395  66077  17141  63877  95497  47427  84845  55343  95247  95292  73326  53858  17995  50793  8942  30767  50868  57915  4794  78853  52094  57959  38356  60567  68055  50491  65180  74447  85482  53895  29555  83553  17484  38429  95505  59043  58404  99403  85795  86160  78851  86535  27626  98536  16681  15518  62259  3169  82260  43614  80980  31570  81486  13716  15092  50825  90456  50397  47252  51489  69676  41858  60672  52149  64663  79637  
68235  90636  67141  41213  40801  30400  11290  7728  87893  93136  26698  20375  17774  91004  31591  81664  51080  16704  8099  15240  45879  58159  51581  14401  15483  575  59617  54059  58815  27511  40666  56956  5636  11696  8564  5118  5612  2880  85852  37218  50212  6065  72164  51892  25862  60952  38200  62189  73082  55503  28664  45075  31658  26659  93120  30797  55224  65254  53581  15661  25124  85748  130  20442  58265  83393  13014  33482  47613  59  22939  75873  49552  39774  17030  
59307  28733  83616  35682  61337  38898  66951  5511  29634  57106  27617  69503  55134  69929  59854  68631  89525  75338  35185  15007  38372  49617  50767  66639  32472  1380  55264  93975  52886  99979  44596  35416  80914  19175  3516  60152  46206  93691  74009  8049  16286  9199  34102  5529  61463  63107  64170  35824  80146  44901  67716  76063  56566  99712  61871  6612  75928  79907  17076  62498  66552  80702  93542  72245  12873  40341  52483  72450  98630  53123  59907  11308  71691  69869  63251  
18984  12683  69210  27143  6865  43753  87424  24400  42770  62138  31575  60387  94113  61458  75788  17434  19143  45972  11660  51716  96943  22315  3029  61374  6818  71862  92798  77296  93070  24907  22171  92977  19093  69697  513  80467  64633  65063  69276  93098  76040  14369  41825  62571  75757  89640  86489  76308  14199  27513  2886  68651  4425  94425  78364  90164  29659  47043  9067  94741  93608  67039  8567  24758  32671  22891  9256  93373  12285  44800  69290  9182  32863  81188  59375  
90353  88497  34264  89654  65250  43777  20155  52860  39691  65950  8127  19680  67106  63790  33358  36562  65292  71993  65783  27043  15251  63012  14205  22275  8204  43705  2583  890  96779  52851  67806  36234  7406  78639  53164  85287  24283  62186  29983  16658  71793  9711  3073  22687  83652  78766  54070  37022  74436  83161  78480  78310  7363  24720  24595  57928  17827  79110  14557  68166  6463  92730  14983  66323  96905  24708  51761  76876  28349  49064  44379  62617  30849  71663  38330  
68411  80675  47203  38680  75904  51323  45124  21070  63852  46658  14689  24816  27120  87949  26219  56811  78282  89117  97566  75806  87700  48678  66180  89247  56483  59712  80732  77964  38665  14949  89126  76709  90499  20649  69485  70920  73817  69727  2124  68210  46733  70961  10652  54534  30655  12551  31203  2415  92137  26430  71226  80804  67374  55  11856  64643  32035  34771  38886  47479  81618  566  49829  50007  2309  71372  55091  89083  24021  96096  76296  76117  63293  7683  96239  
91348  29556  64707  97541  76721  7511  93145  53849  45648  57360  54475  67473  23846  65047  44018  41601  88393  30909  39871  40207  6833  83977  72598  82971  97866  26139  79403  19578  9532  98030  73837  83775  38601  92745  25939  76530  67578  89815  32145  10511  18881  34678  30272  55433  85752  71538  81144  43824  98715  45374  25056  12832  15661  11388  82804  48814  77711  24587  36673  23996  77228  78049  20060  80792  60844  11672  85296  85611  27948  55862  8080  48304  81906  26192  92497  
24999  85493  71450  32150  63906  77389  7918  76623  63141  40524  28548  69127  27138  74432  63526  22072  26061  77832  83287  43260  41807  93945  42657  15749  7805  12513  45836  74425  66381  92303  77736  44253  82391  29675  35655  51367  29056  8790  29190  24643  11662  44888  64187  86563  10262  9606  92658  32734  66422  51821  32874  72336  6438  18254  28276  53779  79061  25100  27904  86259  63202  43780  56570  12594  23017  50955  70256  72916  37742  21009  84993  65666  3132  98545  80386  
25542  12550  42970  80785  38802  64224  24388  93094  30651  25988  88423  21177  37496  55897  57324  69383  95746  23454  16575  2914  38892  59898  45811  56918  60337  10999  51949  56561  98245  40266  36322  66943  21616  22595  67935  19280  91185  88126  83165  65818  34784  10385  59561  73062  70715  33845  36877  66885  47360  79864  614  46556  17008  49046  96248  33100  65475  10664  56521  98996  93900  1933  74140  84218  13845  58005  37982  79775  51624  10857  19613  63143  95294  28111  35642  
48008  71207  36970  52042  39250  91181  14193  98618  19056  81838  72506  62223  73100  20290  4293  56600  5039  33122  37492  22029  82959  92411  25661  48601  77598  89968  36625  13705  89113  57087  95788  46826  65247  28341  3631  43241  42687  64652  5934  42933  88746  72034  29601  41135  84804  99459  31138  97419  50100  32208  