90446  85432  44535  51500  39137  12409  79743  72700  69208  5319  72693  47177  51026  1767  86124  76682  23005  98306  25404  16567  13129  97757  32881  51783  92074  76532  94294  1982  75632  88670  23194  49215  66804  81946  92229  64897  47819  135  93589  51568  42006  73669  41679  16954  33726  36376  96842  17005  97312  56860  73096  61639  67998  94945  51120  99985  5517  43554  58715  2128  30820  82107  38719  34750  16980  10386  43093  23670  84772  29951  36006  74660  12012  87407  58173  
74027  74468  63044  80999  45614  54169  74342  51828  25062  55211  58477  19028  71090  60862  29162  51708  32886  94638  69413  20616  74473  24214  95005  28329  91813  15725  56674  94719  91792  92302  23189  35648  66705  14152  8855  34778  21600  23505  33781  33055  12722  46002  69551  44682  51207  54924  85704  75842  38535  54303  39019  25309  72537  42325  74857  54909  36769  29627  43194  79873  13764  8222  60875  31770  44904  74923  74938  67294  35576  88478  3701  70914  1437  36024  99727  
14482  39286  92951  14812  98575  45836  21498  68402  86363  76221  43152  18578  58127  85223  430  46263  53378  76196  60992  91904  51387  60936  19571  54968  96381  58283  73140  99030  40154  76157  26362  25141  31739  45570  6449  22859  20702  39640  95576  51988  6104  89307  30798  88698  71705  78413  98457  53986  46042  29795  40446  74435  87248  77760  13929  32004  71607  21831  93042  78728  68794  15863  72739  89272  31349  15581  47434  56400  99717  41350  34361  85571  9290  98890  15846  
33240  88859  93107  33604  30919  43114  41831  3377  62968  25739  89604  22388  13282  52641  64746  90812  77765  18817  40227  39716  74338  21287  10253  66484  6272  590  94771  60848  41222  21194  35591  7977  85604  11046  41154  26801  93150  72573  47737  60163  47670  44517  48697  61696  30952  21978  3802  42407  58299  9798  1369  33253  18368  98218  30805  30550  19301  23288  14999  52479  99904  61573  8793  93353  4472  27842  58321  84869  55969  93323  2526  59962  21199  55327  64579  
33250  20554  83651  83906  96372  26213  76179  68602  20282  51563  13713  66665  5887  38570  21440  24653  4637  92408  95359  70611  93813  98779  82072  49536  34469  70909  80463  9687  79529  93324  32007  4364  54986  81142  29812  71328  74129  76958  19241  91612  14357  14465  80188  76016  86419  37065  97440  64794  52988  48097  53915  63155  58520  50755  82362  80840  16262  81687  48491  96441  98376  98704  88825  82532  94328  11384  13466  81582  32637  96183  24495  47540  84697  17424  67587  
59713  79359  73415  7934  12902  58412  18052  99739  14967  72232  87236  86202  67128  78010  19161  5690  87192  48483  20721  70896  75754  64706  93850  52201  55012  1803  30923  67608  22202  17303  25499  3950  73603  87206  60315  56552  72694  64188  9764  71032  76915  16191  73528  19534  42380  6943  69178  61183  10672  1327  95798  73377  97952  98672  62572  12962  39928  14272  95697  53529  70641  55462  71157  70095  74780  87166  25648  1008  28107  15425  15298  93198  7017  76182  87913  
9294  72440  69911  24300  31657  54662  18200  31798  87272  66889  78055  30767  98967  44609  75718  2301  8657  37470  88324  91065  70694  1045  5657  70180  61631  89293  28140  2083  39698  62985  99184  90849  29293  93630  11386  44837  99779  17366  20373  80137  87217  24042  17695  92753  94175  54372  32953  59429  41217  12236  35528  21496  77841  18678  26779  63578  3389  77359  91984  21564  44551  67752  73534  77539  7434  64493  24053  42967  38310  16567  34493  49748  18076  37758  79761  
52103  88798  85679  50763  40737  10408  30974  18779  22884  75600  61346  51557  84651  87415  23437  13295  73138  73259  67769  76610  41296  15473  51434  90040  47073  61784  637  63939  91194  75727  55752  330  6491  15735  57134  17693  43732  99922  24482  71226  93443  78661  70423  66723  95755  15938  95296  17163  46439  72474  41884  18393  29912  4676  17101  97412  73426  26477  43559  33115  35591  33523  5003  65826  97936  5667  34849  27850  90857  47288  45657  85598  33646  53276  18309  
36375  66246  23773  94816  19367  29286  95344  71545  47622  78130  83574  50553  75666  49054  95287  85906  38285  19448  90600  58911  98154  6981  54493  2117  44880  46266  62223  82841  99378  44294  25494  57089  19267  83606  86958  37786  96337  60529  94057  59073  63408  19810  10892  2748  78606  46891  5541  21267  21348  20902  41954  52686  12331  71808  10326  46543  86114  88627  53602  54470  89207  12552  81759  50154  21606  69962  53236  57098  78420  14578  92498  93619  58164  88773  23911  
43361  3435  32012  11017  21190  54623  1138  93106  67860  7931  78296  93120  52736  79769  85921  40143  33603  81971  67540  7220  53278  92990  55226  36271  89160  85208  51632  36224  9023  66250  88324  75156  60088  35399  84115  81436  65019  6384  73834  93827  79042  79160  16978  35230  77403  26217  24239  76639  77565  41261  84400  9239  85932  35384  52045  38234  97782  3448  6967  78548  64706  99333  65918  88529  44275  82269  20077  48960  78916  98841  65361  94522  10613  85223  22024  
43857  38366  97295  54567  7364  37555  37847  31878  143  24775  71110  15968  24383  48531  81192  11658  81449  6922  16304  29194  43276  20823  82582  87524  88217  19008  26612  28217  33102  57762  48236  70123  43926  55317  35548  91322  42780  11677  83815  5995  92272  23452  39701  92504  6394  86875  26943  59619  28686  36193  60071  83248  59684  62448  9868  11079  17041  72557  87446  19164  21260  91448  1260  86321  98633  98613  39780  8602  84806  56496  77925  21373  98738  74040  41509  
23576  42170  62068  2562  12571  49134  33802  66038  40679  78328  4046  82744  88967  28595  57478  78319  81116  22003  4583  45882  78387  74132  3749  43688  93570  30791  12796  46182  47479  26587  81223  21331  73228  3435  73571  27583  50219  60644  50891  21920  65416  5363  31591  66940  63382  6258  84408  68326  36683  50070  69209  49699  53032  37218  67480  45742  67929  93195  39876  92376  64530  10006  21281  24063  7795  23577  34845  88885  34006  55223  88749  59599  60904  94952  68017  
77239  1065  95178  4869  24599  89160  56359  10555  31014  73368  18219  59404  5193  60310  4083  47962  44787  60874  8789  8704  2651  66266  88039  22509  3529  31213  63583  96338  7683  45848  66453  28262  66974  34061  19713  2957  2053  52024  99450  15551  14705  15874  65920  4974  96289  75578  50615  11956  12122  6980  3650  45339  27117  25414  889  75680  62487  77693  14809  78752  27240  72161  7372  95349  85265  92036  29365  31055  64779  98061  82206  87747  14957  10612  81738  
24761  50880  73977  65049  47887  35432  54454  44261  16097  42312  40550  51323  11213  51367  97055  71821  50999  25521  28314  81636  64594  29869  14426  76699  71858  37262  14887  53737  2441  12586  60239  84288  72420  27445  58981  87282  23495  99761  80256  74352  75705  37484  75400  53346  49006  7591  48462  15010  95453  33491  4098  85611  23220  32897  79678  2781  63088  64531  41915  61672  54655  54912  72964  64894  53756  70726  32667  27078  13310  29365  86969  79702  18288  57327  26292  
97446  11228  136  69261  36835  41866  10442  76546  21595  72318  97267  5014  67582  45977  86363  5639  19130  91413  42572  753  91690  77082  77140  4862  41945  80826  58859  30366  4883  7360  35976  93772  61081  57069  35339  45178  1456  65428  12710  61620  88802  50183  46541  17127  37124  74255  94312  5978  80168  45070  26598  39833  2547  8804  42147  49362  90163  53434  89745  49122  81500  40821  35082  93523  6041  46397  43399  9403  89548  10644  4279  28063  43205  24301  90710  
73518  83226  5017  1435  89404  75831  94100  99728  37938  66217  8080  15926  93911  36879  74494  17050  62686  19310  49934  79483  2093  61354  90830  39273  78283  25739  11113  97829  38508  11344  47244  39247  22200  47455  82658  83121  55708  44906  56686  62380  63872  37751  73145  22725  61676  37976  73595  37860  15928  15086  91462  25330  51236  6936  561  71348  26390  19441  24170  85599  57735  24318  52567  39294  95070  27094  58972  97924  97448  94690  26055  84130  88322  77826  92814  
14009  54710  69210  36595  49800  84087  83012  32305  73012  8279  89403  4148  70911  56845  65877  20743  39825  24171  44189  91855  39904  60584  86444  64594  19514  97490  53335  19177  91057  66842  13408  62896  22578  95480  35335  81816  64974  39360  45544  21226  74547  52004  71316  23145  80977  92887  71854  45804  18060  52837  85264  22913  76286  38272  61653  59510  42502  50993  13806  13937  92509  50170  86623  78647  29195  99806  28405  59327  69610  33018  8639  76924  93956  7697  63075  
56960  70954  80442  16286  21265  22013  52171  92909  70914  42729  22662  36041  89110  5333  14815  91420  50695  24863  9962  40856  48074  39464  44016  53393  14630  74064  41196  829  94886  64999  69497  21478  73680  911  44517  53563  57846  4053  92549  54640  90695  84684  21552  64196  17866  89305  38735  12716  22547  91569  21020  55706  98394  83843  31187  38054  19232  65345  75923  56954  14208  68824  59698  97927  37901  84847  87665  32829  40672  58188  17598  9566  10473  75832  15912  
25506  1921  71515  9763  43468  26372  63154  26020  12199  81260  92318  19392  9379  89546  40451  52585  33421  97300  84017  41434  89571  54990  99453  28049  87942  46714  55502  37650  31132  46126  16587  27285  99437  50187  7190  83748  74754  35354  61640  29871  67239  19724  13779  9073  9931  52916  66828  23637  69216  79078  82036  30686  86024  39713  80870  12775  90123  28897  84881  26652  55629  18918  14103  53164  85915  78139  23877  86293  9876  92949  60325  36033  231  51335  23207  
24955  68632  66599  12957  45588  62200  4030  52672  88620  72324  41776  19135  48567  13249  2551  59893  33535  31715  34289  29998  72037  85003  96425  68012  11290  15737  38976  18910  24301  50790  40542  35111  13984  39589  7078  66652  92009  4234  68165  39079  36224  8154  44197  92304  47694  86130  47151  38399  84292  77095  29130  46940  78667  3924  28907  59952  19383  21503  680  51359  12420  42633  44628  97804  45603  68393  19837  49111  4599  78999  22412  92401  87866  84159  85291  
32560  56264  62508  97687  19878  7335  13117  11131  70712  54662  46186  75806  13826  76814  49275  52434  99999  15960  21056  51364  88555  4393  89211  1987  64659  67473  75160  30614  7278  60933  58908  85291  65443  28967  28932  41267  81803  83829  95986  91389  32884  59872  96693  16540  23851  98917  36493  59463  63049  44753  55867  75689  50312  46928  97866  79101  92866  53496  67472  32537  64249  48960  80916  92207  15100  58773  73365  47078  38857  79053  24046  2130  5927  62385  30509  
73940  25720  92697  140  45173  41906  54817  23308  93251  15880  8206  67310  80478  23441  52498  84119  87172  51558  83326  32873  12911  80237  1079  33930  74012  86172  42537  78585  83557  92937  10929  91234  44798  97047  36949  37556  85721  88796  36777  24856  5910  36542  84462  89295  34213  23294  32805  96281  60875  52895  33940  92454  2823  99508  22256  54760  72339  44475  29893  64941  49367  38389  24934  33382  75625  12895  55998  32126  45255  56401  7960  43216  16528  2511  4949  
22286  84997  35444  56091  47714  41026  51398  51735  66252  83125  65471  4583  47853  63396  40886  67777  67794  4387  51309  76958  14900  67344  92495  93653  71257  89988  24471  6260  55510  84308  7781  99862  26983  7462  13839  62411  48347  10069  1418  69875  75223  4496  78165  96090  49049  40733  7975  29546  61779  47030  77242  19796  23004  59586  38442  68335  16091  95927  55615  33434  89617  42667  7060  54452  90132  43612  32366  65808  21565  59044  99332  6253  22112  1590  69897  
67528  78080  42881  81527  33382  80165  23406  53866  48206  79993  60140  1997  81145  71852  29447  77711  70422  5768  48965  24195  9515  87635  18714  82050  47881  91553  59245  60451  92662  16152  42018  33372  26092  61181  67320  73666  35879  28030  50729  76112  47255  53048  58003  30400  24036  48317  28380  59781  95774  35737  77722  49012  40090  33204  7565  72048  32520  87145  90156  29446  65257  3879  39873  70756  41069  6911  61248  75222  58848  6842  28384  10761  81521  50612  53820  
46951  84584  12655  51622  14574  80888  53371  56759  79489  19206  97238  22008  68644  34169  47130  86282  83975  37287  63816  18513  40903  50472  26669  42703  85155  63137  31051  13580  69569  87871  76992  95012  99340  44878  14004  5304  66597  26914  20956  88190  89368  16175  24429  5327  15020  28237  22690  18346  57509  93835  90913  87021  99573  89863  13659  40811  13696  52586  47678  5741  54073  97416  17078  4785  90431  91016  58591  81982  18968  76738  40195  57134  83861  74663  3164  
96823  76478  63586  53794  55818  37418  88519  64111  73836  52090  29611  4770  50551  68478  11427  25969  76775  52866  89431  16920  74936  54077  49684  75659  53259  35038  78635  71009  45750  19801  7150  80278  45952  58416  80953  26658  19947  98258  90636  11084  96197  89272  97542  46776  93185  57884  80931  74937  37350  25096  26035  62333  18228  96508  75299  64376  23298  54105  78707  22345  23535  97879  54240  20898  12792  43519  35636  61826  19215  43130  87053  3010  50481  94731  59653  
72261  87515  37199  74874  92606  47882  27535  75233  95332  75928  71845  98417  57239  44436  79120  18622  6179  23436  96933  33051  7460  21504  14321  21168  51272  80560  80116  84879  93324  59053  44339  35634  82887  19865  17951  9043  76871  19003  11236  79388  18550  43816  1741  42833  48685  67219  62492  47169  13304  95774  23205  52274  46339  63902  72786  94985  58231  80435  35568  49648  81487  75399  3203  45636  8528  13875  74206  11173  72048  44842  9909  15977  43006  19644  30339  
75503  54271  13368  29295  26334  43437  70727  84500  1031  30439  90968  33082  17219  24096  42935  29008  34526  59035  33765  65271  54829  47303  37735  29479  2113  70973  8542  3551  71367  92348  41261  55756  99288  67019  76261  2295  72989  83493  5747  86344  26436  32082  75677  73412  91933  46362  8337  40129  1273  72887  8607  32731  99789  36333  70028  92526  80932  50552  61282  14034  84478  62026  23872  66425  21091  19135  92541  95390  86200  27635  54919  85074  8112  27596  38679  
92913  89037  20800  64671  41030  48341  13415  10818  3564  68907  33237  83223  81117  18958  49096  41231  44083  29810  76207  38486  23287  96180  51860  79482  34386  68058  78039  6551  33183  43768  89860  51247  23354  36339  47396  99412  40644  48157  24394  54315  19035  84911  9036  52684  65233  11588  73050  13426  81342  7538  73939  57687  14544  41628  73690  49521  2182  74786  94084  53370  80409  41997  59270  20548  49831  79652  5116  30668  25642  68275  92411  14238  94516  48274  12590  
83404  44698  58779  84084  47134  96057  65752  53562  67967  45403  26710  32540  21133  69067  66706  88411  83696  21437  86898  6409  29749  15380  95617  41158  86076  29504  38540  17008  14830  45259  19708  2634  80538  56015  94464  10112  80245  76249  2279  32162  28385  362  64323  42542  67605  9807  50465  70797  97113  45783  67817  90337  66445  22468  87123  17150  14385  60309  65371  71239  48994  91424  99232  7119  60143  20320  20571  27960  61305  29757  57898  88844  20254  78392  68909  
6542  28587  81349  79782  74708  1399  43390  92986  53796  19567  58774  80255  34559  72958  80743  66674  39760  2317  65146  38529  87786  85406  36457  69260  98266  32573  58525  65358  17372  19601  87192  13906  44223  86572  88492  10373  9672  86207  58575  59119  11025  45216  22168  17423  8210  2537  97176  76478  62723  24675  43610  76017  45815  7372  77835  27521  78845  54908  3885  16408  18648  8877  16218  6064  56107  29764  97513  92345  69135  74761  58865  82390  35597  72470  685  
32128  96428  44883  66064  49697  13983  6156  52925  79297  19702  71580  78935  99892  69916  41540  14908  91099  71380  5396  78635  11392  22762  86057  25342  73524  52972  81787  33452  81871  94671  28879  75896  48137  73319  35338  35667  14731  41989  28115  67109  58804  44250  96418  32487  99821  74175  96297  76422  6526  34614  67588  64629  74192  44410  21161  5340  73981  25714  90248  10077  31052  22497  77378  39879  91949  97628  20849  80915  91941  38326  14528  50492  62745  33905  67842  
68809  52626  38961  70385  76319  49115  56733  55127  20384  8003  35651  51433  20776  89461  38370  88846  40591  27002  77758  3366  97607  35442  74628  71465  70037  17129  47344  41016  41987  27183  23360  63583  17695  80063  2251  15796  17897  71146  36020  55897  80523  73050  85358  49984  17488  91164  21729  18697  73312  96273  53896  30856  38981  16987  81970  36523  25051  8530  48498  11587  58684  93854  88911  91778  83585  61753  93777  84885  1382  25292  52726  63914  2027  29355  19885  
28902  94054  8064  66594  55591  79610  79106  38879  54849  76372  64930  91804  97622  3332  58707  20666  88426  77355  35701  27421  43648  22531  97122  57113  2680  91559  50763  15561  37918  70801  45584  50488  60527  83501  80225  32914  91804  34757  85768  91437  97478  26115  79893  53186  21248  81665  47833  15997  26704  33599  35171  15531  34148  23280  84948  75425  46951  40039  75929  9197  75316  41140  38546  46229  89948  22007  71925  87679  82862  74767  2735  94655  45156  437  40345  
66815  40561  90963  24604  52543  86048  85714  52937  14324  97978  89930  82039  21956  68119  48050  31572  72365  51914  58340  25099  93471  9133  65232  72296  9071  14158  93905  34337  91232  658  13141  39998  52030  65974  90513  9325  37925  53679  59909  91623  5932  46320  57028  49538  1658  12373  52880  72024  20538  96773  64802  5629  85211  20504  76778  11382  30629  72633  22833  51677  14212  13022  75943  58411  83142  3826  64313  60534  20161  51932  87245  94395  14245  64846  84476  
19448  12651  36872  53373  1821  59892  69027  22903  69447  13620  93080  52552  67862  2956  26482  32108  64139  68324  59741  60638  81641  20374  74248  36268  35814  88323  47151  9435  74024  43457  46759  86191  60625  274  43823  80243  92644  63792  61697  77119  20679  79941  45418  2444  95028  72494  21255  28961  58705  67131  18400  86781  47130  89701  16708  30069  19849  43461  64075  26357  3561  91041  64736  77425  83103  38934  97713  23157  59988  49676  673  67430  89449  82230  44947  
90154  96754  36524  77756  37807  40944  77318  98753  77858  9834  24583  6174  77915  50890  83653  90948  83348  92048  76388  24718  12711  63564  16566  52016  58070  15005  13380  68022  6014  46114  66577  467  18616  51182  63196  56639  97146  76439  60386  1899  73304  25768  32520  6487  38159  3972  68709  93329  12531  93487  37835  58949  36080  36635  63757  18701  37041  23252  80416  54761  67234  21088  11268  69240  70849  52891  10514  68494  88835  76505  19696  50368  66734  6273  13001  
6295  58892  12709  1175  98679  74448  79710  12630  64304  99136  40249  34568  55536  81979  27986  43013  82819  60734  71894  94006  10572  13199  72782  63451  76861  75035  90479  11485  56578  89172  36590  52717  61669  34910  34784  45799  64180  28112  98435  57431  59693  49214  43400  60139  39802  91847  66088  85700  60622  29059  86404  71229  55106  94061  6547  83008  76281  10708  61283  19526  57488  42974  48645  52698  63042  51947  53591  85473  75791  26100  95472  17472  48563  15000  69114  
57665  95091  21245  82552  17599  54726  55984  48937  22833  58328  92736  91892  58169  6416  29607  50591  73033  62252  23187  75389  5512  87439  82757  49968  47029  38175  41647  5891  76395  88351  60496  17975  69572  55269  47480  56361  4149  6608  9398  60211  65440  15916  28447  23570  85043  83033  1852  70206  60383  68141  31999  1953  80216  39048  47396  14207  85717  73602  28994  53960  53179  48023  50186  8312  87198  94286  13045  77499  27690  86345  41119  14050  12334  74692  53411  
48211  640  98750  43526  9026  6048  63545  27003  89185  80713  95929  49100  33959  16579  85561  56689  53309  94199  97036  21468  30033  39876  28880  40660  22918  91404  4841  41251  86606  83847  15855  1204  10390  26011  55717  38215  2858  45227  71581  78112  50175  19065  62646  8262  20315  43473  28721  89223  50159  37756  26624  94093  96206  53812  84974  51517  59779  45401  17353  39417  3397  3668  40697  63869  55054  42749  49485  50608  38866  81049  35228  13207  87621  45427  53502  
67399  32892  97476  43297  90997  82700  43565  58093  23577  74476  47316  36094  46096  14210  79586  6775  84466  48812  21049  89161  35739  74004  17156  98013  41842  31416  5384  43428  47378  74619  56476  63798  47519  26587  72511  32006  41823  26665  7397  71944  73729  61030  36372  83389  7402  33912  54809  98525  14817  11220  84112  60889  26236  34958  6008  79063  94796  49918  81486  54071  68038  62342  92620  8014  18370  37495  50446  40367  60338  36698  34070  87094  88341  86576  85694  
93798  26257  22740  85781  73834  58988  39428  99507  88837  34111  22447  7784  2318  6035  27365  2557  92258  73845  58993  67924  84441  96145  55782  7057  66088  68130  39038  85098  69803  74616  81359  4144  41036  57605  55417  36825  33148  72699  33156  49264  73963  8283  24898  26908  95659  49811  93622  69308  59377  90518  46442  13787  38746  66483  39255  4004  41365  99587  97489  29432  35316  22678  67840  34053  22993  18916  79681  11387  94667  23371  80225  64729  72627  34945  51646  
38950  6172  54563  56359  76731  70174  70677  67495  59045  22325  57470  6247  94349  23790  78755  94324  89158  65215  63099  39985  21672  89653  48818  65178  19388  56608  35354  89670  14461  50401  49732  71001  53483  21531  90439  59782  3308  74945  19288  20620  48456  95631  62419  68769  29686  94329  32867  68094  50702  85374  57912  69661  63613  3394  46006  44038  5789  33801  44234  24479  35611  11016  59498  11984  67302  17500  16101  35632  23259  93634  69522  53653  12735  34689  54913  
27067  31832  7226  9742  59066  57815  90069  82957  77266  71724  75787  25467  50110  70006  46944  80089  28272  61607  19340  76837  25231  95352  94024  2157  9422  14311  27309  66055  42267  11768  6692  50242  97727  81177  48370  50349  16537  43476  89148  70127  82942  51235  94918  86964  8839  83070  90409  48194  21483  77488  63791  77068  26965  63374  48243  73787  21756  79570  41519  25138  31865  40957  47648  35710  65406  94168  19267  70886  46671  40869  91070  51651  79311  62988  51461  
95837  75913  38394  32028  19512  69084  75876  33333  1213  38344  53206  9661  2453  30063  23259  209  55821  29781  20852  71763  14739  27708  99499  26316  23655  51416  84529  33505  97229  11032  93480  72582  78288  25483  39456  98812  42859  7628  37975  17170  43705  69514  88928  5236  26579  77922  11136  10761  38170  67465  31126  61897  22820  12302  70330  91978  58949  82834  90701  65395  23736  49985  72864  63682  36651  54239  43183  73155  92522  47048  22254  38346  32620  37259  41765  
33688  27292  74659  63131  97433  94955  93438  4751  88428  81011  90369  73163  24082  21270  27309  22444  54790  801  91734  29848  54383  70956  37442  46190  11466  56144  22017  20100  98487  40111  19695  8920  86053  94198  94861  89219  52393  13775  40843  3591  7257  14081  78781  38738  80150  36392  67371  14393  40675  97175  157  25611  54253  21736  24560  5407  71911  60856  93475  40062  27161  9841  90600  74920  38690  16174  55726  92698  45676  5126  26221  92625  34225  12379  64092  
30984  40260  10934  17352  51408  25495  79844  50198  62033  47601  25649  40257  84211  98556  61493  35710  52835  50374  94794  28661  93864  94512  33411  21475  28214  90050  41046  75115  60101  22489  1294  39349  26827  20740  69440  91213  26532  40420  69775  65072  58319  50024  40247  36404  80693  54264  42188  60906  52862  38836  57301  25990  15334  76724  45166  58804  93946  61703  73606  10700  36752  62251  72639  58560  16207  70743  11903  13433  48461  87104  77879  54261  54477  77199  41997  
53403  10188  21598  59055  95597  79701  67720  36914  36145  43510  58055  9193  52050  61695  17390  29663  33079  15413  83713  36553  24063  14120  50311  76505  27840  84407  9708  50010  80455  99418  68639  58055  33578  37480  48033  3720  82221  10565  23576  99557  87741  99796  60140  18680  92082  47550  49488  72901  71845  44695  68739  92839  81662  8340  48376  64249  88484  11259  58933  20837  85040  82023  20193  26667  86822  27107  66423  39089  69423  64914  86232  70993  45349  36195  61429  
17764  17898  60079  71587  90473  49226  25611  10126  20887  16630  33966  72093  69958  25099  26780  99935  95813  51179  96236  39796  65707  28457  70741  33862  99549  92946  3533  42703  42702  59584  97003  10747  34961  72372  10392  41993  15456  17943  1252  10995  62883  87954  34032  65349  89011  25787  47659  21612  23384  80888  93906  72147  19316  10753  21963  69802  79354  12873  95881  71346  15419  75284  47560  41999  88809  15431  32773  65618  96912  15101  82589  87834  24833  91458  12352  
538  24863  95446  40295  54844  33041  56475  2827  7489  29344  790  51756  76722  31017  24462  58835  34420  98508  80084  7253  33460  94835  67108  69522  14272  17823  95082  55507  3035  15288  65660  29008  78606  69306  56964  97957  99039  17077  93487  93435  22850  19115  61176  35091  49984  18002  29156  57868  76547  33697  36007  81914  61805  79082  66991  90416  55161  22588  27526  37724  24100  72740  96730  11463  94955  6003  20252  53182  61456  83766  18818  92618  56892  29453  5103  
58889  67976  97237  18339  66524  34804  99105  37956  99928  30876  93051  80641  95075  78406  11451  36981  75068  71421  13249  52220  78967  63542  43394  66836  36159  73171  29424  69945  11022  35648  45740  23722  22146  93808  46250  15800  57767  39258  50291  72447  62051  76977  71142  82883  57911  10862  88928  69682  95472  41465  19839  92566  74314  87046  76047  52670  67126  72893  18733  83640  93384  67238  42692  62808  25782  99620  96436  48534  65905  88691  91890  93795  57627  30590  87323  
89564  42109  19440  86761  93424  91053  25171  29907  32166  44611  82541  88780  82852  95621  67422  28064  56451  87911  92238  90715  39391  29038  78130  85148  55724  23680  90703  8971  81068  31116  3286  91551  76369  82004  36045  52951  21329  42421  68898  35588  90002  10346  94779  75930  15716  66383  79862  14877  59916  77754  73955  58775  30625  37285  33152  60065  68408  22007  43267  48989  42941  70652  75087  68420  78717  69526  70983  66459  73565  35606  71676  77975  88011  59606  35495  
48965  17367  54560  30512  44679  86359  23381  79732  43727  50562  12405  41837  26769  73671  29089  43531  76220  86120  60770  67631  57221  98914  91919  7015  98521  37041  4461  77716  28603  49806  55021  14946  7381  69176  36992  37413  64037  27427  67442  42750  66409  48169  1647  71488  62104  40199  76082  80991  10555  39947  32244  63211  37524  66189  31411  51315  1905  80535  11880  18975  97675  11330  31429  46120  86592  32460  12512  41070  62822  22368  77221  43462  89391  43940  24524  
90103  42093  74056  32587  13701  61372  28533  19510  30409  23607  19846  37194  38117  78781  39877  96548  33285  41380  41024  83973  92042  27628  88892  86226  20512  20338  38433  4207  65554  90827  2004  480  83418  1316  94731  63650  2104  1094  62975  58650  97466  13514  83482  37426  19655  65152  19121  88154  15142  90987  24036  28896  17057  36310  98008  71310  72568  36324  4894  61494  86640  96939  78306  80369  14222  72747  21166  66868  70060  45354  68237  65764  54217  40310  78099  
24534  53829  18363  19917  44913  32425  48791  34335  63890  10720  33915  9878  8315  30262  40164  34103  4228  38225  21208  83586  76043  87732  19177  38191  57678  99903  52885  74034  7289  18595  68937  21024  70051  47192  56245  11532  81815  22101  30884  19000  33361  26619  65308  78904  47886  76994  3453  91338  76051  46406  51036  26800  47807  68661  40582  14633  97297  18231  37797  3051  56493  52663  26405  79737  80750  21271  30393  59344  44506  53804  61712  8262  66055  59350  54746  
2565  20161  12374  90314  27664  78034  24609  11369  87915  87339  66992  10310  79959  13671  59095  67248  24311  77239  93214  51829  42980  42230  73125  5364  97442  66765  35211  81528  39449  24328  45269  84293  96856  70740  34394  66886  92304  22465  35958  72075  70813  46744  46639  35810  28758  98243  85422  95277  80056  39657  83847  41530  99022  29575  99511  24095  3161  42531  9823  70572  77162  26708  89031  30245  68157  38281  46570  51780  74363  74903  77365  69983  23977  3348  27374  
11767  74730  54418  81561  58037  35059  34855  63490  59468  75942  6619  10099  87125  16709  97119  54269  61215  70508  86761  37881  16170  90929  51454  26532  6454  4452  62683  56143  82516  10168  16222  10148  16844  28557  49041  92189  65306  7197  82945  34265  68425  27623  91561  47071  21668  49467  58674  29909  60597  5804  38516  75754  49356  59057  62848  10373  67431  55455  34114  59228  49813  6638  15269  6178  22500  7520  86602  52413  47936  1831  15709  7509  49407  93912  22015  
20759  14261  34748  31201  83502  39297  18375  25419  47343  20215  96123  46799  9405  78507  98937  364  82770  89571  20358  74804  61641  56370  6171  72395  68687  87460  7956  42763  55301  27805  94970  7974  58617  76643  83553  70089  90876  78095  17353  31840  70767  74888  93137  16117  30341  44173  26747  73518  81957  20196  35511  31971  93281  69448  60522  58991  75624  30601  88354  30782  50604  41890  45295  49433  77396  25848  69651  82521  90539  18034  57285  16260  487  6654  92976  
599  66155  99162  3067  83645  59573  27246  54220  58464  53180  63711  91405  24293  92054  7034  70265  22279  98920  75773  75422  27409  40896  23898  88384  83327  77289  94808  44274  15720  61228  16694  75112  95515  50711  84809  54581  68002  92785  87478  55008  90810  72271  90518  14256  11314  28116  70581  33181  25546  95326  2999  26389  7716  83320  57181  47660  69925  80806  4093  60219  17370  95779  24773  55739  18045  35459  62557  69711  1111  23565  27373  36797  1463  7421  49604  
32614  64838  5829  18526  72280  90093  87243  68512  20217  24357  6854  75900  27277  91162  9101  27502  71985  23411  66020  59136  95922  23660  77474  26749  40409  91756  44078  71717  52283  87821  42218  80925  73072  11338  76644  70834  60353  87808  45493  67997  38083  84573  83273  62364  23938  82771  17152  43450  69130  29556  56057  66148  92917  68357  35942  24978  67841  16606  39948  30417  93770  17665  5511  80184  9758  5509  4346  88924  1891  1768  25739  55300  46337  87281  83621  
4775  47366  8698  84382  46906  91785  33031  28843  5148  28556  92498  31470  69049  5737  18792  29112  67831  32594  28913  14129  42954  58402  38201  52372  89977  51434  90575  55475  65545  44651  78179  54891  91248  25141  93471  18424  85066  99249  1039  61756  69120  45834  28643  22364  78953  82953  74519  14843  63910  85585  78432  40518  2698  31099  17721  87467  88842  42554  47881  86382  69361  95097  41939  48817  40316  93988  65899  49255  58160  6113  31240  7220  74857  21175  90195  
95361  42196  58840  57631  92020  18947  7238  96515  47034  91070  18144  67689  77204  25412  82653  83081  8305  22905  46253  21071  43149  76482  59873  7436  50167  33539  9940  97117  59365  86366  92411  22148  91231  80680  84584  27790  36523  73722  41526  76753  29771  23800  5756  67365  11813  54777  83643  41523  67839  86110  12883  22666  13155  41425  9331  34701  40262  81944  65690  26817  97620  44558  24401  70770  43743  81591  53039  35487  20472  38141  88396  97513  92220  5817  79588  
39138  14814  19102  41961  92949  22457  24130  50885  90736  30196  13583  23057  12992  22761  48208  59091  15688  45841  9934  94494  37237  19534  40861  36343  930  97050  22794  4866  80980  17538  71636  53151  34744  55934  29273  76512  30515  72104  57201  45541  76574  30866  72497  11912  37631  24212  93990  7900  44103  25384  49970  95598  40573  3549  24227  41093  55518  16552  65815  49523  72979  17101  42087  89935  86165  55600  71689  33906  77643  20683  637  24313  46204  98398  40196  
93529  76689  96405  82908  77608  65629  46031  726  15925  25385  42371  44968  74101  29546  80487  10392  96619  62996  1920  31894  50477  49373  28466  6550  51970  41851  50150  42393  48240  25239  23989  27185  62714  89486  76442  97137  28750  65579  71894  8410  94445  75366  12440  83888  8393  41289  38674  79704  66845  16647  96700  5663  8016  75895  78592  75390  61106  40649  91957  43478  67647  20223  24872  3120  50903  49372  84039  94966  86559  64414  36882  98351  75355  24124  85892  
29795  23015  46773  41286  49849  78937  55363  65361  80265  16470  23711  45109  71505  94472  89817  8321  30983  1311  20057  49947  3906  62353  62239  29118  71967  23898  91763  18120  53142  87919  94062  75651  5611  13376  83093  10199  73494  77555  85890  54982  56953  81747  38308  62306  98027  37028  47496  8344  41083  52761  94670  14281  28707  34104  34390  74655  73454  69577  5662  34445  61909  84970  18399  98295  64182  58719  37691  30234  27667  50283  79202  25822  66119  65041  72231  
40710  17003  82914  36094  62697  47230  10920  13191  65021  47636  42377  57633  42145  72260  63148  20909  77353  76921  32883  56122  9027  43612  53152  99770  33900  57860  2792  59407  52786  83411  53500  19479  52135  99305  92848  21398  97557  37519  35719  86881  66307  40861  69569  44790  16553  63603  60733  28091  61008  96028  29269  47841  27334  90066  6871  84504  40782  98584  98803  15670  73152  9220  41767  12  75715  24011  39888  61047  80272  76635  30082  38011  15636  86452  45745  
25240  19592  24425  36406  53595  28284  31778  48446  89877  99710  64878  90123  93046  22807  296  24458  12696  35092  20760  49795  90166  46073  98632  84792  17898  65975  97374  3285  850  83747  11330  1053  94126  74731  70338  28243  55808  90524  44568  72335  65405  13139  55223  35378  24159  33793  43164  95684  17512  87513  24746  53764  34239  93265  55801  80337  7205  65638  51423  96760  44868  1399  83514  12577  82635  5866  5159  29847  71719  39886  23077  45230  2898  31690  30051  
74272  59542  7962  95009  74615  95415  59401  97483  13531  14945  42237  65365  19499  84009  78970  76133  6580  35048  60134  92362  4285  51884  11790  27114  49440  47689  69544  66600  46451  69904  58409  46252  31551  57223  28936  61604  84157  62548  22309  19587  41290  79980  24385  68842  75127  86169  19213  52836  38100  19091  68621  93321  52209  48982  63787  80758  39702  25739  84543  96989  86871  4391  28647  35593  21960  26881  98186  54722  55676  63138  10794  92882  22997  16879  41262  
69984  96384  93416  36879  84537  914  16780  8099  2749  15293  10505  30591  22009  43485  99190  3585  81008  19047  12968  3127  93884  43252  51176  85031  10489  69932  8857  14137  58147  94336  11387  92758  4033  54336  31844  83170  78691  83728  88525  44737  84578  36785  21332  85852  49791  75247  99049  91850  53818  84627  56128  46620  58537  87031  63359  6681  59346  56936  90850  17946  56751  39216  33837  97388  79902  71529  73322  38731  21468  520  5979  29055  51944  57308  87432  
17321  38414  91384  93139  78754  19579  38312  50737  67615  38242  9342  72880  79287  91036  90231  12860  13030  58257  52678  15637  33348  8485  51516  44020  17807  25821  44634  7651  79556  48703  87492  58712  79085  69872  85314  52091  65562  91866  24653  25639  83282  92474  6363  45864  23810  88227  18623  55664  17663  524  34691  13257  17963  3275  60434  82767  6130  17792  37914  23146  22917  49607  48686  49647  90958  56574  51331  9761  56198  98743  264  55937  87422  59382  16609  
59183  18927  78197  81729  55643  57225  1995  25306  94976  18483  46502  170  11653  21087  21159  15899  70720  56126  8703  80692  23912  51780  77348  81923  13163  72533  75144  5998  99282  14072  85161  49893  33844  4397  13184  47429  99042  19013  17083  5659  18982  49535  62275  40747  46680  21305  28330  61537  56407  3830  8689  26830  91162  6183  30740  2293  56970  52803  92094  32391  91835  13229  5301  37429  1800  28006  85946  25529  89053  46723  75353  87080  18006  87479  97965  
63349  93623  67757  9430  68890  27930  66793  92180  98006  62981  89687  17162  21836  41810  49193  65993  33161  80386  65120  64077  39287  9108  76386  90270  512  96778  29591  60242  29384  64387  85592  74190  25483  9698  43510  16115  50263  74177  80435  1317  21389  75005  20599  87137  33236  46980  29057  4716  92920  42935  85096  48843  72140  20693  64615  9069  74842  67795  80264  55599  8519  42067  21594  57517  92184  35752  69030  31370  67566  49552  18871  79667  80817  77129  52690  
13576  14372  94474  99519  28989  26369  1542  24288  42920  45700  56554  74399  37349  77900  35455  27548  42076  55512  39611  5313  61123  6496  20623  62916  3611  88638  94774  80431  72002  89916  47884  853  57466  30282  99197  21624  44596  63674  27172  60515  29037  76929  64181  47225  781  70736  9678  12109  21754  18589  87859  36376  47907  87056  21434  78991  38920  46672  63058  5712  94096  74536  23722  59702  24806  80078  48238  42569  25512  49480  4771  21538  31178  15587  87500  
44001  32558  43283  74239  91009  11874  16797  19291  85418  78964  62843  99752  37296  37671  43392  92012  29799  66882  11439  99269  44046  2271  36005  18583  69203  41004  23358  21119  6779  51861  49051  64123  73405  44282  71385  72627  21426  26125  72898  85829  44726  94971  22244  71170  38277  58976  56667  37704  51182  78644  30099  68281  59228  33637  90150  34126  40040  94187  19635  68450  19577  41137  63348  92694  38910  29276  48121  3746  88852  31779  75315  72346  71762  42876  9097  
41678  27034  88295  13715  97431  54199  38766  44758  76167  55268  56365  44023  13190  50124  58429  95078  31125  59804  32214  84524  18991  86829  51589  89053  7576  29855  58179  89174  88763  80933  54509  59441  79614  3377  52735  81083  95404  88179  43051  98814  44626  51817  36501  91180  44394  7500  52935  63998  84479  62674  77536  98659  92521  99818  54157  98037  87822  72284  12092  4397  77108  15253  60437  39687  24242  5642  75516  2677  11230  24443  3463  23787  25605  14712  54271  
42453  7985  42266  46539  85221  31546  51683  17546  39511  50449  824  69230  4362  68037  70123  97324  95059  4830  36135  75783  90519  60882  54143  3243  96561  71226  2529  70804  78215  22410  8950  33048  89001  48394  82235  57786  27838  17737  23369  15966  40570  25062  42536  46295  34610  50783  14551  50762  34486  56524  72987  85553  42528  71126  11729  67736  48685  50416  80204  83390  47167  47589  82664  96693  24386  46029  17807  74597  30079  92957  90879  33130  80081  51778  4598  
49159  52511  59153  17447  56208  99958  72257  43498  75578  71489  38395  3305  74405  4343  60953  52219  23639  47599  15471  83556  15372  61809  8839  51077  35983  25468  63867  63496  28730  9308  32050  1609  4250  78277  9250  62156  38426  24246  27592  44289  42202  38869  1679  18497  4815  88131  48905  67408  51947  27851  87335  37273  12519  15803  40100  89894  96119  24216  56284  99170  12516  94507  80224  70799  78671  94631  37232  44649  95834  65606  96697  60109  73045  11490  54463  
27247  58457  11499  27880  25244  29816  8911  52567  1982  97094  60710  21285  46332  18923  69294  70289  73349  76877  11332  37423  38569  57022  31433  58494  75783  3551  19223  63154  35058  14526  51477  25733  69241  47305  56950  84178  36149  82023  52533  82248  10566  87665  67188  32076  86876  49609  89095  2271  65789  47458  7001  26346  48335  4762  13132  72595  3202  43293  7058  8695  99446  24409  57559  62556  27202  93315  23590  79996  66643  14082  19914  22828  59492  81833  385  
14685  75700  6912  74738  75244  46908  97879  90024  57967  61409  91451  8694  36711  7798  37351  20144  2592  69770  48339  72278  29945  5690  3736  1786  9192  45781  30098  33763  14018  78444  44690  9339  2222  20956  29638  90855  26827  47500  35584  3285  8284  91727  65058  33674  29263  37273  69577  44651  39031  56203  67783  57700  97673  90465  18417  44071  61552  48146  78312  84186  36746  38346  74653  46205  18004  55640  81658  85771  78881  46098  43621  28730  83891  10164  24957  
78537  42394  24571  90507  53262  3944  36227  22427  85615  69559  31399  26638  37685  77959  36302  3277  27979  25802  85496  25067  78706  36062  95659  87556  20546  66181  72832  92492  80911  20899  79986  44962  85610  64556  87982  27889  85409  64795  2029  56459  35246  76662  6775  98706  54648  33270  52439  98989  58393  92254  54973  44144  92604  45653  45930  55145  95754  81027  33064  32341  85874  23079  16633  29777  28103  88822  90102  92455  49930  96915  52328  20244  4886  83362  42339  
2448  11855  99424  89933  44422  29504  99792  29037  82155  74806  64289  35858  2447  76061  99715  67629  24407  84097  63951  78508  35575  32932  55924  21203  33304  70342  31063  84920  98693  37692  9955  36428  65475  45731  67150  31701  9654  99650  42009  82454  49195  53374  63555  95008  51372  44658  37198  71101  97075  23928  89529  84884  55330  96952  83920  37200  12022  5492  95519  58223  34203  66218  74679  91226  37275  92552  98777  62790  39657  99438  92744  20413  96255  9889  67691  
94521  47846  78837  18494  63101  9494  92617  66053  97512  63260  64467  68776  43057  54899  34900  849  2834  43909  83299  61373  83560  47710  78463  29619  7106  51278  68848  93161  36649  77160  19483  54341  3640  25937  72556  33118  76903  17435  59431  83932  446  4607  84760  98828  21155  76806  14543  15349  37285  58058  55384  66357  92858  12784  99578  51062  30541  66861  25079  65001  94448  13263  34064  85533  53220  47470  64943  89669  72952  58761  80392  46723  10809  70167  67710  
53389  72504  1436  71385  14373  58930  22574  10672  19091  3300  29815  22106  16646  60987  49096  70376  36458  66176  30533  59664  85210  33308  76760  23563  59174  81107  20160  29677  72015  91086  30654  70865  1497  39560  238  22018  70206  7050  4784  80243  20572  60921  94444  33804  95358  47470  99265  16572  75923  74075  71674  34254  90649  82736  43891  66186  63343  37788  52363  70471  18760  76338  57779  44797  99798  12427  52268  57226  66498  79213  46895  50438  78890  30234  54009  
89900  31594  56274  12379  47513  34547  51707  54446  89995  97722  6285  55113  78357  52849  41268  57657  53191  51556  94556  24324  46601  32630  39555  8694  35938  14370  55656  19238  36899  28284  86666  35261  87011  84341  30660  15657  91419  86777  56297  40755  62695  65569  24543  27934  32734  93307  60468  66586  82944  17103  23972  91454  59897  8264  33383  26532  57842  40323  50572  96429  63679  39864  48264  30335  54816  26132  51907  46517  54504  55059  2070  62642  89481  24198  96424  
76617  69381  32888  88311  20952  82076  49675  29499  2170  61187  95788  42574  76922  8405  28308  33450  16740  41416  67735  72181  55004  83705  68438  32207  27007  63674  45992  75382  75329  71718  39687  56003  17074  48055  42834  75705  5830  30394  91004  19203  95038  34114  17618  72766  60925  84560  85739  3973  43594  46486  59916  40133  2904  14741  23051  47891  68584  88747  32358  87428  64772  81182  79933  39398  33330  87011  75927  33501  40257  59823  76741  51316  69161  71100  97575  
10220  99611  82894  30855  23915  64323  25116  37104  13834  95538  8051  49299  88811  63111  42312  40347  95249  44011  31443  60162  76968  33405  60838  33258  22796  72252  26454  75323  54351  62009  85082  72060  20672  84450  75392  83468  3794  89584  1448  31967  17350  25998  1800  70098  75581  63942  31116  6784  64175  19289  19291  78540  90520  36020  23718  39473  81886  59914  49694  66646  48150  94911  58712  46850  75159  11045  63725  34694  53227  11563  84369  33294  16884  47042  78565  
69154  49946  34642  54891  96844  54171  42740  82765  29844  97210  80007  89015  66378  51028  79617  67307  36726  78070  25403  8580  86136  74634  32664  97073  87555  99080  68980  36425  43801  62323  95084  58201  85332  54814  81042  58964  13246  31388  8474  93498  39739  90684  33436  44197  20109  82895  88913  14712  20490  14292  294  19313  84509  29441  5938  64267  77452  41534  50474  9292  51721  49368  371  46458  6919  40677  15258  20728  98349  97812  55172  64728  35118  70151  6056  
32762  71781  53628  49203  51644  81352  7050  8329  69984  4980  4087  15999  7446  26349  94341  13707  66516  79065  84043  51069  98335  55837  39809  25400  44937  41134  60501  82597  65412  66006  10558  39145  32796  25417  57118  53369  80068  19020  35042  99794  32455  48766  38460  4179  69600  83764  6088  24109  84058  29916  94298  45032  35417  22216  82025  55129  62137  77896  58650  53484  94052  19648  31436  66874  1326  15337  24649  65820  85763  81655  14684  86174  59711  36607  15303  
28076  34718  14771  26359  61896  42012  47194  8835  53583  86340  6458  96502  4314  29979  42783  19439  99168  11769  40472  28722  39039  14281  20148  62756  63180  33285  76657  94531  32057  12949  81107  89102  50944  19699  30478  8417  43064  17444  1832  40331  76703  98899  99208  23428  28546  41293  83697  42571  24768  46661  33205  88578  70739  28408  71073  5803  18304  43456  26308  85781  64696  35331  72657  7629  38794  83035  40774  11805  83631  9406  48503  78717  32404  62278  53138  
64806  25954  40101  99673  16355  77988  54536  59102  64580  6878  72825  66619  52600  41093  69756  34614  25463  57884  48864  37277  75340  81932  46760  843  13011  70682  76887  6499  60060  8240  91226  43006  47572  49540  40074  97545  85864  79222  41551  24645  48946  91026  97997  88365  38522  50026  79739  60901  37636  74892  75560  50981  83956  55662  50535  41756  45991  5205  28988  25873  82881  58987  28032  58504  12414  10353  21602  16487  64007  25100  81945  38840  60067  93166  41233  
29799  56495  26074  37201  12866  94685  75086  69728  20308  14235  60874  93632  46050  63798  72071  98297  56545  8008  90345  35660  24051  76376  80753  10584  77577  53124  60560  47524  50062  15603  76456  42734  1533  93856  85144  43699  17950  24083  40856  85147  9681  94061  11563  48734  93503  85815  46739  49325  55689  27768  69816  36180  94314  1012  23073  31486  44752  61815  69426  44251  82686  12792  98701  5421  11468  51651  58431  97918  99802  37969  92188  57133  15405  26717  45311  
93592  15460  73942  3930  39744  86904  45301  78895  75187  89913  27249  47765  45988  65904  50808  14934  34177  2173  15501  36918  65037  70889  97805  64598  54378  16908  25972  14123  69542  95880  89267  26508  50088  46621  9796  12941  25844  41425  26620  75526  36877  1699  18983  58178  45757  31557  14726  6188  98832  14276  34126  5755  40597  7089  6105  98288  58560  55124  28569  600  83241  42218  53755  29980  74504  66925  92686  52295  45375  59541  82538  32000  46359  10353  13701  
79959  23743  10677  8855  91601  39575  21580  1693  53149  65298  56658  45731  76578  80688  57214  31356  58179  97310  36049  25626  84019  61308  84348  79333  60949  2621  98203  46574  94777  59299  6749  53840  40277  4017  59799  56689  41215  6127  179  82585  70590  10484  18644  99628  47311  54215  71257  82234  85  47163  88585  12133  23979  59182  1232  79835  30245  12887  90920  75538  30005  88243  23503  50970  20540  59471  57708  74012  60264  67377  90262  72629  16858  48589  5355  
2978  135  40099  87955  78762  47820  83435  50888  94696  70435  89324  61321  79579  39886  52627  68368  45390  34371  67341  46625  6604  64652  89804  14497  49887  8454  19839  34363  20453  92047  18554  96065  9024  47706  45420  63850  10645  35179  25743  58102  99871  30317  12748  67411  89427  67239  52840  27298  78436  51257  5998  90488  89009  14548  335  47269  10071  63308  48311  5702  72616  17193  5332  56589  84151  70804  17376  67909  46592  88968  61867  82673  85487  25355  65024  
33295  78191  27636  13542  49871  55999  7774  47187  55391  62433  61492  49995  80297  18535  31558  73023  31379  68484  55990  18395  51347  30295  60776  27930  15013  12369  14364  56893  39789  62840  32039  14402  3055  11295  13331  30652  54413  17036  75502  68401  634  76568  36945  46141  34746  51011  44391  10683  34425  58269  27280  49953  95812  21656  13020  37231  4399  57283  54393  90088  1412  34618  16244  15436  37960  79404  32556  61205  64666  77205  90609  3104  68134  34734  42031  
36132  9300  26856  93704  40291  66708  63785  30130  31179  33805  48220  63148  44161  86945  37054  9057  19847  85733  15760  29700  33531  70535  10051  95399  62181  45814  40744  71725  3888  40821  50540  22185  73441  18003  86185  2310  91074  55731  35936  50129  80279  5867  53462  73536  3092  67546  46071  90459  96325  61795  67218  49976  27815  39217  83211  50501  29492  41208  12962  80579  21043  88939  11154  73979  69952  58857  2570  58427  48497  35944  94690  55125  6891  7290  82390  
17993  62938  14008  55749  69067  29547  25838  2692  30975  95353  59134  80522  82852  43977  41659  37764  41785  59126  75819  96416  25267  8411  914  19542  85131  29926  81020  33463  92604  36041  29407  90152  23932  47883  75883  95199  79964  55850  73183  33166  47743  41213  35087  3279  17343  78283  46982  31678  69607  46493  62812  37742  83195  43452  81286  43682  82520  65700  15475  58944  97189  57213  78766  4925  570  52885  25520  87731  11509  81217  37476  54127  49232  5744  8206  
41554  14465  48509  70327  86576  7649  65319  34022  73542  20239  86715  39760  75715  61775  85900  97099  34287  38441  33046  30903  31014  42072  39048  69536  69683  15593  35101  63946  42891  65255  42463  40971  42824  90983  60569  75775  95148  65752  80219  22284  24849  2369  58783  74825  72657  22443  63948  56805  81195  80410  5453  99943  23743  56984  53466  69353  24220  55563  57229  56906  78372  49324  67340  61514  47968  9942  24406  99893  26266  71255  19398  3614  57923  23059  6295  
41287  39257  62161  23029  23846  81180  60960  41836  88664  70043  84883  83586  77034  89925  12616  69614  71270  77912  5868  32801  76312  3554  29370  11754  79436  69171  4776  99294  58495  97644  54584  2671  9041  95305  85985  3099  92651  20669  53007  70158  98520  29091  73493  20605  47129  68296  71897  92066  95632  61161  17970  25210  98302  82121  7501  62457  17774  29763  80839  48179  78105  1553  93363  85716  90902  99402  81808  33739  18191  36228  86873  48591  96450  95748  93540  
67515  4718  24190  18336  78456  86446  32902  35283  21956  88238  29932  85429  97974  75337  7315  49137  87786  49828  66621  83143  69829  16137  29817  97776  25058  78223  35295  73335  96541  45253  66219  27064  13901  7636  79768  32180  14218  77547  36707  43258  9758  29964  76901  73531  99406  26793  9937  12235  37048  10134  81975  542  41971  28723  87890  20910  55238  62337  44954  63114  88551  74116  87753  82529  24695  21309  8011  26327  9454  84197  25109  90834  34865  19272  96721  
56256  10040  34559  34559  84964  66061  46104  82555  55091  15931  48186  1555  57288  69084  88603  27582  22972  65456  18635  7768  2375  5711  18321  52277  453  67741  13192  31729  15493  88780  8266  91591  48371  55484  54841  72689  96031  12633  11304  72833  62751  66020  33722  8628  48357  76776  14441  15934  29812  56942  633  92553  45878  19564  81181  48324  33459  11222  79745  5656  51570  59731  64609  97215  88469  38785  18483  51524  98252  35143  38405  22749  38083  74162  65640  
22984  70297  96472  63836  499  153  26503  38864  48121  92616  20906  11855  5618  12609  44845  43814  19584  68589  38020  99625  5872  28374  56207  42868  46994  89676  85184  30139  77180  34956  54473  84438  98505  49931  31211  71243  77200  94070  18173  34055  49744  72936  55596  22733  23569  7265  39968  77120  70320  99614  52073  85398  6401  61283  46011  17002  47537  91777  81092  89204  47444  94542  85067  48971  81691  94226  92298  5560  26868  61077  32561  72129  6419  34554  65489  
46821  95229  7891  99091  99242  19525  42540  67058  65179  39711  93390  99543  47004  39165  24026  12333  1636  36248  69220  92319  50653  76101  22525  26195  97960  81942  50772  70955  81950  52878  21771  30075  43710  8600  87588  5451  78498  76931  8907  90628  83466  63946  10178  41480  64209  56980  13040  38695  9018  44912  46988  77564  47118  61408  88089  48628  15415  80938  85152  34008  21878  49302  18775  95503  84577  82571  52954  31811  1154  83041  53909  18934  58944  76507  31112  
91257  89652  37345  82740  92864  32637  67197  65855  13378  31106  8043  16631  15399  97502  74127  90752  47908  961  76016  26908  86592  19880  53071  42194  33989  61820  96762  34584  17880  97270  18621  71145  32628  88165  49486  14580  93051  73198  57085  93039  72383  68827  8185  26812  10894  68677  56145  31399  86118  68918  71148  8793  95943  93804  77299  30854  35590  89106  75858  82187  75103  59803  67658  42961  36119  99032  50352  96733  4987  87913  94999  32896  57531  40954  26594  
72744  40607  71482  1550  92196  18431  90189  57737  40508  41339  3882  70711  71147  82706  18910  24214  16206  25318  14865  84477  55617  29019  67301  27523  6803  29669  59587  82501  88958  48876  78853  17511  41978  6904  85469  83368  77151  8901  36340  15513  93554  11877  43652  75688  30502  51316  67405  70771  61801  56768  59407  47900  73400  56795  33262  6536  73157  6072  11626  42149  85460  21657  91147  54875  50589  33243  74235  72764  66817  39845  3458  94639  94181  79765  78097  
30307  23714  24935  58796  10424  37726  78673  84128  26573  89286  51008  23233  69248  75809  55049  80412  39969  31887  28225  34252  55613  82967  8351  97837  79648  91707  13134  76334  23885  77229  98560  83861  24628  96673  14086  6201  11616  90124  13871  90320  67127  84860  7003  49626  16424  23096  29817  32296  52061  60352  84177  13168  2863  35585  17310  26972  5526  27147  46684  33011  12889  11245  6914  32478  6953  70177  90845  26956  26448  47106  13230  14767  50013  67860  73796  
54213  93180  52152  86393  23634  56692  63170  66677  93931  96731  40084  74608  12893  49358  19185  85012  61262  61468  82109  90681  78715  56096  64990  23039  17066  99633  5806  69526  24788  37127  45207  45136  43731  94810  32114  36988  2348  55405  31729  50713  6068  23774  21955  98523  13955  19288  145  51711  60799  34596  7694  5795  22323  12222  93791  85970  99332  54070  93280  64347  93379  52701  49844  76604  54417  35408  44065  12195  4073  12572  31560  49722  91459  87996  98018  
31988  21215  29593  86358  43766  34936  34152  25184  14104  58819  30843  83543  22376  62137  24256  42048  95545  38079  72255  9576  43567  30893  60218  63541  16299  18721  31264  80934  94989  54092  9741  16395  68963  80101  89173  12718  89772  47288  67899  47619  18262  66944  45061  27829  42223  80330  18765  58450  10506  44782  51406  38243  92687  44707  13934  13441  77130  48109  23938  86873  91219  78784  63687  83076  59737  91770  99488  3326  99937  87703  55020  28792  2035  57215  82492  
61943  72808  96365  60535  34400  14057  21056  70527  32558  26667  45518  2539  45035  73139  48239  1542  76818  66416  34917  6717  81466  82311  59402  42038  75998  97172  35920  76828  62289  8464  7288  4298  18593  28820  74234  99905  56127  92096  58292  25894  40282  41430  8813  84564  84926  49905  32986  65722  60559  93676  86355  41672  67756  89105  38887  10484  54435  29347  69818  61599  33808  21451  90415  29447  88248  53240  67605  47159  27623  16185  44220  7731  74987  78133  37867  
63998  27837  71060  31183  63183  7953  4076  41616  60601  54866  13060  489  89096  91212  35224  93565  49207  99999  20343  35984  54438  33564  80745  33710  37458  83372  57396  6870  11568  5283  12812  84334  54299  50088  60067  32118  42724  72928  842  19842  37993  34467  89365  72930  69018  49967  43513  28527  50622  22710  84737  7411  53128  18797  58144  46345  586  62390  74950  14827  8448  25470  83232  60284  7979  57590  85430  12467  37847  70834  59546  43214  87917  51471  29680  
15517  17237  87262  25375  79099  31825  59011  19297  16127  93793  3607  87212  28768  64984  32860  41360  95043  56215  35550  88718  32272  8487  52223  63295  62079  33560  51811  63902  70857  22442  94339  73552  63026  9535  74657  16902  27210  81057  7848  49284  94149  83420  58217  63625  53178  80470  64914  60942  78690  98289  38098  46685  57942  12857  11189  36158  65820  70216  16130  98444  4666  19412  29051  10357  80220  58461  30331  32648  70183  27828  97279  36958  2731  43570  94334  
297  45006  98647  50968  12070  21191  92793  77842  47748  18239  85545  31720  72571  17106  95344  70562  29762  7264  21132  20571  26804  22341  89094  90566  37739  25902  70592  43613  56398  73061  33980  43010  14130  91581  70679  68175  55371  58651  72667  10100  45624  43001  12465  48314  29212  73664  85960  88343  16334  19383  78616  83868  13737  63637  19775  23211  22494  531  31959  14545  67788  17514  29298  18240  38486  85589  11998  18365  68562  24901  16440  9940  32218  60325  70812  
87840  5207  7828  32290  24549  50702  42163  79424  43500  99499  62119  89292  21375  79168  53584  54311  81688  580  50616  50814  20172  85510  716  98701  43592  37981  3958  86085  38439  51062  84639  44784  62139  72248  254  83758  55041  51135  14163  64039  31533  61361  35961  98709  17941  74911  43767  18421  8527  91365  52060  48351  93628  31591  57638  58432  77488  18653  60996  56686  795  72827  47188  26272  2904  2949  34367  31011  95091  18031  27415  19129  53318  89893  85703  
81367  17855  8947  97861  27437  62645  60316  8394  35231  79468  22208  82604  80725  25563  57535  48383  67426  95124  76086  60995  35374  89543  30106  77198  17952  70656  33599  16374  79453  69009  76564  81750  72307  93302  27574  13895  42149  24640  52310  76348  71892  96403  12093  31947  30679  37889  52349  49112  20923  15064  88067  5089  88653  94458  50040  70909  95128  70839  17293  91576  25328  80445  48006  77925  26373  26297  36611  30154  36788  91222  40701  1852  38142  75327  3717  
79540  49961  79021  49147  56967  26240  80649  15067  41818  78576  26681  69582  6889  96121  43488  86144  81207  61303  17381  16122  84058  57380  67534  31195  59944  84633  46735  9850  7176  20425  97921  14590  76873  98325  25578  179  65336  56040  35421  80307  44547  46659  11785  73528  94564  64637  41759  57793  83410  72252  57925  71360  45444  68423  95932  87659  92839  60656  49616  65139  30373  66101  46169  8418  93300  88832  99342  34296  72832  78654  78292  62214  89842  66402  69978  
8135  79836  94117  93821  30773  43694  60707  46521  95699  49522  79472  23326  17691  64354  85381  64043  61476  25273  34820  76783  52926  43053  72167  16257  61335  87491  68541  20848  16271  67743  49445  27113  4870  7204  49214  48588  24442  62388  4740  49795  16532  77407  4079  63954  35667  96668  89793  92271  154  64526  78787  12417  85762  22602  71548  16477  33161  7597  31572  35673  47991  40311  53522  2578  64753  26235  44343  49224  68592  1518  48038  44669  64323  87159  2960  
9813  35156  3661  16986  28978  46222  96392  63085  91446  93594  46511  73173  12429  35202  21031  81032  12802  52071  139  47790  96039  3494  9522  70091  85483  95967  99682  34127  39797  12150  45215  81023  52268  53034  47301  41796  86371  54472  10222  66700  35538  57100  68691  26921  64148  36909  41439  93710  27516  29684  19252  23853  55198  63098  96065  81613  33675  50350  21596  57703  53632  93257  11067  88856  61434  86014  14225  35758  81465  69448  25070  69210  88375  35013  22541  
22993  77955  7517  1822  67480  36894  63637  14338  26347  1288  88619  66326  47682  41618  5720  66131  91500  26632  59445  92181  45837  80311  62906  85036  36617  6619  21851  29126  74989  80280  85038  10420  6761  40325  64115  69134  87240  34152  33040  86719  23548  40877  1357  70477  92390  51979  42037  51750  21132  55556  5229  56910  65025  40091  77628  25603  24698  69238  6573  96749  3185  24940  17016  10408  97172  32242  84758  87702  20380  49844  51185  21560  79463  89050  50600  
93322  25165  76783  91307  57919  80687  30298  29335  93764  83743  42103  74506  50017  62994  51850  73545  31931  2494  16860  55505  33024  35992  58127  36007  94716  40214  73708  93861  1166  18852  52213  52817  81910  34023  6309  72787  17547  30109  41280  84459  98891  89186  4507  17595  95422  88539  32898  50302  36771  94401  28177  12250  1478  99678  66528  29829  87476  70677  21592  9768  96634  62780  33949  30573  99312  56273  52971  36491  66710  76639  12057  73126  78933  53556  93787  
26913  91819  24006  33857  20125  46677  19699  69996  10957  55998  78654  71993  35622  43019  46867  3576  77766  18883  24679  69348  87031  88363  44670  19384  63490  56021  39132  58612  11182  73536  55067  39026  62183  82739  3510  79026  14475  77824  39126  78984  36301  30829  78158  37895  45543  67207  44445  41660  3860  36637  21795  37702  81388  9393  75467  47118  24412  60766  29209  69420  66797  59797  81665  46882  14794  59326  46088  76969  32874  52105  71081  60426  57497  4846  62542  
94064  91814  32053  35323  7955  58896  15219  41957  19677  36748  53888  23159  17902  23843  91970  87540  6980  58860  93548  49818  79806  67489  58710  97389  9078  24066  27210  50941  13147  40302  35340  99223  89578  82600  69842  37690  66054  73371  65090  97935  75209  91744  64930  29625  984  28276  84424  45823  40873  84056  15135  1987  62901  9291  92689  9584  20132  39719  93276  83050  5224  60257  80882  85047  67156  57170  56256  94193  29307  79713  13652  33402  78246  5324  75752  
9896  32866  20069  38428  91120  87460  22688  49793  950  25482  15049  73595  34003  32830  20124  92574  54120  96624  47064  4158  79120  4616  33966  58639  13851  65546  73804  29686  56972  24463  30554  45830  48579  62527  5965  38716  21526  84712  42890  25452  76274  92495  23078  25304  25387  74890  76690  46046  88152  58875  86972  914  97213  56542  20814  84740  35420  76335  13912  65132  48775  1770  5553  76842  7916  21634  1126  29119  71949  8063  86785  32995  40219  70527  62621  
15915  53253  24322  36628  52598  45912  76185  42404  59384  94079  97283  74081  47778  10800  71998  5822  31312  2224  54468  84601  46596  63941  38991  42395  34172  82177  93796  68700  78575  87172  48180  33004  47400  55699  80549  77704  2176  27871  87468  27282  85925  36705  32857  26824  21832  40571  54942  206  37056  28687  35952  24385  32736  62698  40982  95800  93936  39813  97322  84939  74373  38656  40494  85855  55851  87483  6652  97444  70028  43808  87342  23580  72910  70516  10014  
51536  91645  60273  45445  76636  38599  24341  95207  74878  77861  61446  21058  24743  25929  9903  6056  58885  39027  27321  53274  23527  19683  15772  75524  24723  45187  91165  99168  23258  14910  22736  74248  43840  571  40199  7767  51713  42528  35131  43771  40654  85687  59459  91015  25466  32800  56866  36800  67828  30430  41213  59469  67748  33685  40793  92546  59976  43306  12060  58477  96347  97614  15501  40714  32684  73751  33626  47738  11241  43737  64723  92045  73192  40072  85495  
98344  55291  83078  62804  68337  49446  40172  25582  90627  5855  35483  56409  47954  60020  34870  96381  65556  56661  24308  28836  70510  59286  54743  82463  86463  47708  23887  75945  19991  80771  35932  71982  29847  85229  63636  23963  98520  59074  91973  920  63218  31524  86741  49342  58377  86823  25362  25959  87872  2380  81895  31312  49202  52544  84132  60070  7881  12333  68750  33011  33612  73199  51200  40515  11818  69350  21037  96677  86517  48246  51261  81801  93367  9915  30079  
28733  71401  97683  35977  96752  7420  22716  51007  6972  96101  51609  26640  20115  58340  47094  37358  45924  75280  93553  75984  97298  63500  25904  96567  64472  70142  57546  2247  74895  73546  33540  54134  46886  24113  91628  50003  7643  20687  75935  54612  45224  20832  78201  16277  25904  80687  86519  47160  59645  54964  78336  10780  97466  72144  99894  48310  36406  21616  34529  75396  98612  6250  39096  50599  19294  98470  2672  82235  2527  13695  59795  19417  31137  4301  91320  
53309  96693  58546  38933  27915  35629  32124  29978  6054  30894  84469  70249  10385  86035  39809  75857  4096  13997  9269  78036  54309  17663  46993  70105  40017  58633  81428  13592  29811  85056  61087  24480  40676  88728  42432  45546  69376  71411  27218  77826  96343  56424  52654  56042  56809  6411  85763  54524  29298  31846  26840  84537  24463  59202  2978  64038  98433  76342  71784  38438  64578  71577  98142  78142  87601  39672  39406  55582  58443  40324  30986  25684  12951  83965  781  
66835  80260  41848  40172  2210  28312  11744  58338  55901  30072  93404  65663  60715  97115  15800  15195  66052  58055  30548  18064  67402  83750  71233  19346  52715  97727  13096  88562  26197  31063  39733  47956  20207  92383  64943  87203  59882  88112  99295  1167  68504  47292  71961  18016  92170  25269  57904  6997  64193  31914  87695  62444  65158  29390  90948  4661  10897  60514  68450  4037  2767  33536  97385  16560  67124  965  39734  33171  92746  18126  31794  583  36240  42402  53987  
50673  77664  74315  83601  13161  92821  78823  45304  15977  73874  17422  73291  82290  79921  55875  10065  96593  26792  54004  29203  42547  42792  22146  73129  97078  55185  87133  96532  27744  33697  86206  158  29902  83229  63385  73126  93758  62985  60785  45079  68461  78555  88033  9453  7862  50821  40296  94004  21561  47097  95383  71789  31190  65512  79877  71803  83232  63520  91887  55187  13439  33384  15451  47604  56507  42450  68028  24565  13048  44795  91233  34262  60473  13656  81872  
25457  67563  83025  98647  72685  47029  13872  57310  7518  99700  85007  23166  10504  58489  63762  8896  62314  91172  28786  56589  95542  3870  58628  21899  3387  91032  21061  3750  25207  15991  81444  76927  27246  50743  50864  43115  74933  81156  26896  68061  37432  96731  31166  34252  9465  63290  92702  16041  15882  76441  62718  40047  74656  99303  51221  21130  96675  78019  28161  10690  48956  33399  62705  84601  90275  58981  50508  70771  16707  32612  14953  39218  20556  29701  34168  
3593  81596  61375  87837  11900  53211  83674  25110  81266  32216  65370  76938  49369  31097  8331  90098  84233  66281  14490  11998  75956  47726  21264  78178  42300  42236  56609  84051  16108  67348  42374  30257  95957  77031  19043  60376  32554  98132  98614  46085  81213  30793  13642  58038  63993  5506  72136  10667  29855  65817  16370  322  30371  20872  51088  1980  7921  76905  48688  22689  83466  93318  37413  70562  43252  41191  84979  92538  10736  82718  4747  49793  39309  15476  34453  
65149  60664  84817  52636  9412  8445  11565  80270  14149  3103  42230  13600  78776  33972  18332  35576  90839  13457  4040  55345  46698  28442  88349  76635  63693  97774  5463  51716  1198  82506  57452  76614  90925  47541  52981  81008  53447  48178  52105  26667  12317  37321  76483  59611  24690  63880  19484  44274  96126  4669  93043  67532  47467  83454  68626  69799  66752  86124  86126  94407  85768  65150  72865  70310  11053  29621  39539  22590  45264  9634  48888  50018  12726  60562  29692  
26789  5823  86935  45091  77950  74728  63241  43856  25891  13463  92605  50471  88337  47063  6676  11481  70597  40825  70150  26723  85761  32368  38504  79647  30934  25104  29292  49200  59092  68647  16763  30495  11958  41559  33653  55662  55592  4933  59882  53231  784  15300  27642  78499  57418  46891  17909  83376  81012  74586  32722  20514  89848  41326  57262  74661  85409  90868  70757  19065  38367  38901  86992  29986  47515  78458  34262  84196  44903  19136  5675  33448  8857  47316  77157  
62532  26486  4327  53550  38713  33198  94837  96784  92577  34528  695  77136  32552  21223  7900  95116  62142  53062  70133  82196  2490  40337  90283  36492  39545  73156  76761  1533  29800  26944  19568  81416  51107  41243  10529  87949  22618  33168  84496  42302  9034  41187  13250  17583  59861  55735  43672  50019  20888  19850  17909  27127  97633  68273  83394  33504  17161  43907  83175  87910  10848  77851  3543  30797  1033  90122  23620  46680  64532  79216  57648  5861  32636  52841  62793  
48871  68711  41422  42227  43320  65519  43341  31217  41540  49164  83678  5246  27108  65965  43497  35186  5348  1751  65548  31112  62993  51914  2531  99415  16907  7405  9697  40264  2803  79630  8471  2336  15345  78617  96925  18339  13979  76650  48813  46855  23459  25754  54659  98158  29091  29225  3050  50623  40581  21931  9091  26803  74833  35633  15312  44544  67980  23338  19439  4330  49148  25355  78581  10432  93439  6870  89113  60564  89461  4627  27931  2250  10526  59797  28174  
24364  38308  46701  38123  25060  44440  31186  47472  89541  56463  45242  93620  3256  64715  55757  13740  87026  25123  61567  51951  12094  68645  87604  94941  11293  56030  94591  46986  41252  42478  12460  26658  25195  1420  32159  30489  59803  31496  21656  56877  28433  73904  75718  49517  72445  84872  44896  62360  9125  12217  9916  50191  80411  81973  37412  19518  22952  66528  21354  99335  49515  50068  28668  60563  20900  25491  91562  40476  7085  21109  19241  32680  70286  29169  14799  
51993  95538  62396  91156  69187  73524  60159  89622  93903  59081  27045  13721  16814  31614  75803  90452  74392  27500  8088  7454  99305  59103  36925  4352  72907  90832  87859  33710  20366  9805  39110  24424  33243  82055  12527  28965  4118  22282  94343  90354  55885  8903  16625  99145  63633  73575  58003  58727  25477  15132  99046  41932  63066  1658  73917  36140  388  37369  14077  78879  84565  39733  49715  41413  59804  77594  46622  74327  6769  71251  92965  66187  37889  86146  74923  
71634  27921  91293  18522  75921  55791  45418  24623  19887  53817  49050  45379  56545  31642  71132  55467  60023  39946  83965  83563  98508  68244  37181  69116  99853  72022  99660  44917  4302  80511  75932  27271  83301  84007  38266  22610  88663  51126  48066  99094  78554  84500  33431  18474  56607  57201  76212  79892  2557  79695  38154  4695  28777  26410  520  90482  29692  81807  22673  93505  46065  30262  30151  44870  61052  24528  33454  48250  16210  25286  97094  76988  76061  88113  8398  
46477  25765  64200  36341  66797  83994  67341  25814  54005  36555  14153  78594  586  54259  34431  8699  91325  31299  56833  71444  39657  77047  36473  35266  43306  46858  94355  6395  69100  78654  28390  6739  62563  64114  56105  27094  27198  97162  83089  79839  79886  53140  46902  80127  53268  9374  97136  96084  79383  39388  3534  8409  84341  33833  91700  23941  97609  78489  56373  47652  67168  63024  2123  75585  94838  70281  29888  43053  82586  164  27385  97566  28884  17734  54325  
97704  56173  38933  15408  59726  54913  17016  71408  27670  27863  79212  6254  42635  97835  30092  54938  36403  10372  53082  70630  59941  85202  42983  91914  1504  82384  13177  50572  50569  84203  85497  38359  93407  90955  17302  6671  84889  48806  43334  20757  72548  82752  5729  53530  47759  86614  99549  47729  64629  25801  96702  92629  4925  26186  85942  14234  95051  28587  36483  50486  66574  6643  79791  35416  97700  60028  75837  7223  53833  29327  92687  42455  64544  52531  50176  
3059  92286  15109  95313  25120  75745  75393  63490  62798  5850  29849  83485  15886  20502  29609  24447  26115  35704  21932  70472  13135  13152  46187  58625  10951  34056  63696  50369  44139  71814  48093  66272  81824  56267  58022  79469  24459  98190  63275  96852  12031  38706  48832  7824  87307  65600  71614  2843  12784  15675  6719  1682  45289  62976  27004  53445  4662  44135  31299  35912  49489  25920  2955  44204  19169  10430  44342  42020  11534  74339  97012  2295  88041  11610  87133  
24687  28376  68452  93876  5682  84700  52294  477  74871  49719  51172  38627  46967  33026  59994  6166  61266  87334  3481  59406  52995  26172  31430  69302  97999  81142  41005  96183  17179  81245  67924  29901  33431  61179  16416  41404  8589  28888  85682  77622  2468  47627  16111  22953  24188  91497  83186  74727  13397  51904  97485  28543  60945  21661  60993  61447  65321  90434  10505  52424  38377  71257  4009  70389  64845  46625  34592  32509  51810  38305  96606  11  7303  70538  86847  
51997  22139  91929  36963  72367  14034  61277  10639  29246  89041  95547  88844  19768  44015  8200  75240  37321  78283  98186  107  19078  390  44446  81289  44407  43871  72664  18108  30192  51709  39638  37285  99441  50502  93167  39451  79001  9552  50446  85981  60165  52048  37580  90073  47237  28892  71984  42941  75112  83130  82027  6811  18528  13400  48176  26096  34766  44234  37119  69556  56168  28675  23073  46113  22605  4705  63731  24828  53997  60726  97471  82195  39243  34769  5581  
18648  70050  25789  15452  94718  16310  50577  88528  43434  80313  73885  36704  2337  27325  92099  13801  20126  20915  53536  2819  28801  71572  9276  40420  12555  76298  96730  71193  88987  57365  76323  95257  54173  69146  7277  30887  76300  85354  89704  99367  21737  52168  46638  49294  93474  58855  57980  67049  26016  8406  37366  39586  27233  98856  30545  9883  32060  80667  36054  81409  66139  98980  91653  97340  61057  82763  97265  76132  40190  70383  50580  24890  14466  31836  87116  
35409  36773  90428  90974  53325  46342  5637  8599  46008  77690  97429  94254  54334  29644  38971  46447  46094  66048  28550  89172  10212  25354  2971  12401  12117  28314  60778  81081  78207  77979  57446  17558  75699  67869  85468  36697  63128  68394  26711  27819  21452  63058  4090  39828  87063  53714  23168  99019  10369  81766  95119  71694  56315  93828  22791  29245  76970  28743  11093  50769  61971  88775  8659  22023  30314  84465  23099  65192  67715  23142  80428  58531  50635  4553  32011  
75589  5235  86211  99101  22663  56181  5104  96841  63844  41923  75211  57488  30889  74748  81982  97577  72547  27617  54098  19190  10322  41873  37409  420  1106  61265  48343  39346  47950  36212  74711  75373  52467  90478  81607  31766  44038  9105  32648  74811  1705  94420  95724  78221  4082  52425  11115  96673  53654  61592  60515  21781  45352  12948  18007  16864  92879  56087  65275  66714  62421  20815  51682  37083  87564  9326  75593  28382  29058  46051  20324  52242  21705  35137  50179  
10786  57199  47200  4625  64522  5774  49493  69131  51197  40695  55731  95375  68940  82039  78280  88030  14717  49474  49755  84518  97461  8556  74311  58307  98195  20804  83648  26711  44739  81070  8390  5659  15002  12389  18477  3805  96877  76155  8783  99611  8133  16481  78378  29913  19622  3148  80795  80773  66534  9989  