80926  69741  89071  67363  19085  52861  84069  85085  80511  37568  45894  54456  59  92923  17725  81483  9486  48159  22390  54359  59437  13474  7412  8202  26500  65494  97610  8632  30059  21301  24897  84758  28154  3746  64332  68529  98966  15144  65102  70068  68951  85863  77018  13013  20380  51586  1928  3580  71910  61247  89171  74694  85449  43438  71041  95463  98100  82240  29978  7934  46714  65233  771  28130  11812  5239  40020  48282  76840  93088  79226  69787  64009  48183  39349  
82155  11653  72943  49424  53336  73038  14627  20017  26759  10570  36910  17620  49555  70483  27991  78468  17114  6140  66495  45381  72165  99524  66979  33717  88301  71234  18771  86674  22727  56309  28435  19036  61033  47870  21373  3340  93164  57698  3482  50255  68476  66900  32611  51222  96349  53677  70925  46575  28207  2816  22987  21953  80795  64761  21258  38100  52352  29463  38849  76830  33093  69742  46096  1503  68162  46251  26004  84708  66108  29530  18321  25053  48919  88574  1778  
47465  24870  19278  74079  54001  14810  15024  10356  2961  7727  74840  21422  98225  47778  25221  62221  32157  66430  65311  43480  60979  32811  89672  84013  85543  69044  89402  62882  65165  63998  51717  30370  22493  67361  2447  82487  34914  50925  68835  23453  49010  2633  56263  74325  90377  45087  52449  76488  72469  59190  25842  8788  4267  9124  40681  41015  79053  32855  66786  46498  65102  81309  19169  86627  9203  34067  89649  12779  92256  65923  97143  49553  6972  67409  21053  
63965  80257  20736  81269  74192  43596  1795  36208  61290  45921  24178  33357  17503  55969  25301  71023  88678  41330  30999  65646  61208  81099  63768  85851  36756  35580  1970  81895  42904  97952  95588  63780  75644  41271  60920  19346  63387  98912  66034  7825  20625  12077  78497  58507  10817  27776  86184  96688  46189  79872  4786  16127  2680  20493  42160  93791  40989  56514  80149  33136  46411  12702  14044  10543  80868  51422  1916  52278  14464  69317  65038  54499  37451  22071  37817  
11718  50796  28359  46863  50651  62464  1292  11347  3693  42849  13610  34401  58454  76158  8583  37006  80266  86108  9760  89723  46049  11681  9168  92011  13232  56866  79109  29801  4704  49816  31991  63012  33737  70601  30619  39688  94282  14965  39077  18699  44854  43178  54887  14056  62776  6339  81035  89942  91062  5263  5092  3105  58851  25354  93851  71866  7438  5665  31144  1406  82863  75104  20074  97247  12224  31881  85458  93181  25584  18166  42935  18633  34476  74298  5793  
17665  32867  48261  15051  31955  80351  94958  90737  99126  49020  24245  64483  4102  16697  37824  86393  64732  27163  3048  48404  86465  58561  27729  45005  14073  42896  84195  54430  71526  45837  93662  25623  85167  45234  58910  39665  45668  98619  69421  12247  50441  75358  8750  90362  70384  14061  12683  87156  55208  13600  1760  79904  3702  2584  1169  45513  80697  26401  30273  67610  75398  8649  49489  88277  42302  48133  46527  69705  37742  65639  6815  25816  26681  69587  36353  
51265  40266  95718  25405  28489  41199  76791  2181  12536  83388  80490  74440  18162  1731  23239  71874  63057  53283  47799  61956  59325  29790  51478  98358  15264  63135  50856  87567  92875  75645  2668  94111  26247  12964  39203  69332  35890  64284  18725  38304  35319  57730  24856  40508  61791  61578  58990  76170  62772  97399  97673  19607  93927  18611  69344  30143  51756  67927  5403  52426  56550  9474  64235  60264  59806  38417  75072  271  22497  2842  35376  45838  22773  99351  43262  
7574  64714  97198  64188  27547  65546  26359  49770  94651  83011  73299  79401  39553  35736  20337  41694  94495  50836  48052  16579  4556  17596  13706  71496  94222  42586  29628  78342  23350  46573  15798  94093  71034  74569  2940  38039  87885  71217  51711  19040  12625  79928  57498  53752  86536  85140  87560  56359  44846  40119  67891  93720  18377  64123  46297  67081  18810  8719  71149  39010  50730  97521  46808  60427  91504  52357  81785  27934  18022  63527  49574  18546  87515  11656  70596  
82302  52991  56527  35423  91567  13639  66929  49079  2200  28904  84806  62676  68002  91003  41376  17353  46788  17670  66462  8775  25936  31240  36691  2709  51874  32087  58176  54223  85808  1905  31796  96538  65381  74892  67134  90168  24859  73602  1816  17973  88001  90272  51894  78190  80061  16042  61746  39321  42374  11636  36966  9413  58365  9838  79955  19779  58959  52378  3562  65064  40798  97838  93700  45864  86649  44076  17024  61098  10196  1886  69566  68177  38019  9016  96303  
99887  47218  4383  15045  55946  14515  1876  19839  3054  39955  3651  25974  83359  45485  55846  12389  16864  97230  36258  49522  86843  80504  26547  88965  96539  21554  94486  55989  48549  12670  70795  65550  48239  3493  88657  38358  63735  47530  28664  56299  43939  51562  6640  75036  68643  77388  85718  70977  63  71160  83468  56819  11170  95981  74979  67488  14137  79377  9159  22514  88126  71515  4034  78025  47881  53413  98359  44796  26998  4051  2569  62720  90405  23539  2283  
73448  94436  39703  66213  94477  82495  51660  83414  98605  28982  27247  23539  39881  50249  42749  54137  9907  44966  73115  55736  9318  94429  5269  76887  32058  88687  92073  65495  52347  62661  26433  57490  58216  20145  87029  61723  60286  40450  95782  49853  19480  63524  70832  22413  66278  41058  67786  4926  28764  61875  2468  31804  42995  9829  79420  24465  18003  4095  41576  39433  54111  90602  12341  48924  82246  70948  39923  22379  20735  22519  6575  26872  79494  94215  31434  
75659  12422  31546  85892  3546  17908  21275  54424  62451  75576  21919  39069  20419  23333  31705  60156  37942  52922  23079  42981  50977  87127  12574  18850  86030  90102  61520  98762  10267  45445  1955  91115  59794  86527  82170  80814  51523  99754  42014  28967  30780  5124  47655  79318  69957  40737  51180  67627  5589  37037  36686  16435  45903  56812  62845  91494  41668  6190  26071  99525  98437  767  30078  9189  57669  14592  40091  9173  5719  90308  79232  11124  63329  35715  31003  
24413  63654  15554  96600  72763  76984  20545  44924  62334  83837  63655  45574  54128  58814  81842  556  93918  65651  76689  82997  55122  29155  13744  45350  71812  34703  9134  55846  4660  10515  2556  50051  645  72024  15628  83149  20393  65815  73524  24065  58169  98927  72894  59021  72484  29684  13787  22085  87808  42348  1373  25242  90114  36063  41230  62403  18936  99960  79918  69171  80335  86383  14455  56825  71777  71868  98776  62407  95849  30726  44895  29207  3357  37242  82691  
52804  43557  28706  70043  42974  27820  77195  30251  66779  60570  292  73184  53963  92061  58893  71550  48093  43083  9169  96209  62335  80051  42278  33840  27983  