3761  70119  26747  85923  7227  13331  88936  37136  5321  7441  88574  6737  8487  55204  47966  70774  39563  30257  44650  27608  66281  46218  49309  30307  92649  21066  77311  35113  39342  17629  15029  98628  66908  98157  18525  25782  96089  73485  20320  79502  97866  70287  32997  38822  68663  74909  59309  32500  58999  69281  39076  51532  85015  41289  90320  34244  44518  67119  38173  22446  53650  24198  19177  59450  17845  20939  76222  76123  28549  49405  65642  45503  85150  95962  93840  
18772  22692  90760  87632  72951  98118  32282  14164  61235  77251  11248  36335  21284  9447  79693  89866  80151  80724  67055  77495  18809  55351  26348  39427  99973  73018  30967  11264  41669  19371  23337  4143  24795  86412  77972  46428  8553  22573  99098  98028  7907  84462  29203  81982  79781  46486  49797  5639  78117  24932  1266  86742  64786  59225  62685  18020  15671  1232  39166  24713  90525  70641  84204  39435  41916  18708  56432  45437  69206  50137  40382  48639  62126  73859  35153  
98232  62699  37268  11314  48724  7541  35563  10063  55568  50684  4900  23158  65338  18347  18517  99879  92115  18964  75212  67558  54971  18658  75674  90825  9236  14054  96577  13819  24859  84139  73776  18124  23792  73127  30491  15572  91921  12357  81476  63248  38952  71074  57048  69564  74956  49908  85134  37760  99306  4342  6142  95480  59952  13384  54888  40225  61855  28634  62254  22065  93890  10859  98479  42456  78759  61895  51992  89400  41441  88387  2750  41637  21988  33396  38804  
5586  25981  59565  25601  28927  52179  38342  65686  1842  46050  70182  83512  25237  5701  77053  5710  41928  569  64454  56688  2082  25308  74256  4257  10065  17  85097  18875  88931  92948  45643  76949  70720  47382  57699  10386  89752  9282  59520  73124  91408  51824  73055  76127  74058  79342  76988  62507  15795  98962  31117  48526  90634  91542  36572  88976  24610  77097  63996  55779  24701  15096  3812  95812  99421  20394  92964  87835  22729  96039  20334  96362  94635  91499  4166  
70281  14306  89536  88737  94965  62846  68875  22721  85842  95157  5042  81910  10443  96147  78093  63914  50785  85005  32511  84644  22831  69141  39158  98949  52443  45329  52725  65505  36600  16415  32830  27331  33593  47926  18297  39129  73393  63959  59709  42803  73805  77225  12985  80090  29205  46719  68865  98173  48513  19663  25649  74128  46827  90883  53897  95801  32917  13942  97370  29973  95348  3661  22390  81236  45065  70670  65764  37830  71870  64792  47700  38004  77767  32840  1921  
38869  98392  54195  50582  12118  32068  50766  6738  53476  93839  24763  34864  93332  39240  20728  59331  65522  46808  64027  4904  62515  11093  48364  3457  59430  42412  20024  11637  34319  70857  29121  57535  49867  27236  67361  61109  64551  65835  71710  7431  4787  7363  62414  42887  90757  94106  4648  69139  12077  88998  68356  10016  39196  20497  21945  34465  20065  23538  70509  34919  3637  30708  24010  56313  88335  3613  21823  54007  25126  69225  77615  30437  93006  70946  9155  
82350  94679  29649  21789  91080  16585  28473  41602  59  61976  39902  4622  84460  907  72911  46485  78355  6143  27089  14304  56709  86009  68478  51092  16016  17658  87202  52284  75875  72330  80789  80448  1708  13094  76957  86989  21502  63649  70485  89964  47955  82018  22639  72386  75212  26099  35852  68510  2248  50161  15087  4608  2596  15119  35025  20579  85735  20766  12384  60330  80902  38101  77015  86806  70610  37571  62162  33961  98943  65299  12368  8078  16902  58381  2952  
21276  30772  21723  43226  50549  86839  30464  73863  99611  59411  33143  49383  39813  50324  26943  4812  74901  46334  16127  59580  38997  17173  88225  31301  88419  51472  9267  6059  83868  72285  99339  54978  73279  81492  79071  21028  68108  72166  29114  23154  13954  3926  47399  3000  62332  74326  16929  67182  66394  5752  22638  51728  32809  21338  28242  27908  55259  68684  93493  65350  76511  28618  80967  20507  79401  52648  55105  97509  52635  64012  45196  37263  32640  86259  48370  
403  15519  33610  25690  50191  3060  31099  81112  97066  54793  69124  49919  49317  17913  69836  96162  47099  72799  19705  86601  62225  98107  33612  69327  19207  74451  72976  51114  46605  80715  80297  61887  619  30662  74918  51530  68742  86262  24974  12178  74646  23060  59240  64424  82937  13346  6556  16247  99758  85912  36034  56186  48065  18199  65277  80907  36580  31650  66869  27342  22908  69831  36300  49526  63151  22346  33941  48870  50947  43416  54139  1262  14547  52691  19465  
97148  1607  81946  27328  27568  42522  50002  7861  2440  33797  39254  92952  20585  39454  57905  18306  75603  56623  94091  16229  20222  31100  30170  19420  33964  40283  83549  52567  22069  61802  81856  97975  58936  84139  64047  25810  10351  8466  41659  65932  28574  57282  68889  85124  51626  53475  14986  68740  31592  27101  60557  91662  98182  95529  58660  78901  43242  29164  94216  90960  84319  28082  69808  75428  86623  23400  66318  28465  21775  37672  43033  49990  98533  97012  30255  
81607  62478  47773  79497  3742  46224  99566  94553  49133  70692  72192  72706  77314  7878  53613  21959  84845  55020  59938  12169  64481  40288  60085  77468  61244  74196  73842  29398  7676  46914  81451  79733  39853  92909  96637  47760  98443  73967  65079  19422  71556  32420  80391  648  35276  13417  49337  66887  40184  94846  75907  19416  18741  95582  83716  93651  73224  67657  7253  32309  89340  78273  51003  47446  33704  64662  75485  47828  40320  90577  29470  25722  52880  37571  27968  
86553  38438  13185  39882  98071  45200  614  80491  2233  31141  10930  13398  46802  37047  83246  40484  59480  86058  89449  42439  7872  29406  93241  28227  24351  70760  62422  15237  66401  38929  30171  79350  68184  73819  17005  27436  6471  90343  59943  1297  11405  44303  22006  99973  90632  14875  77345  96803  66743  85983  1798  67041  78107  29757  3587  61884  68161  57396  8593  45027  98693  43841  68481  10138  95088  29909  65406  98101  83128  56756  83836  59871  60275  32160  55930  
85253  2191  24363  71958  80015  98029  4155  92007  8735  67306  50723  33183  59668  719  13379  6053  46347  62871  23736  59703  82522  16507  25946  68754  62372  98343  39362  69469  75583  48126  24385  25887  74587  39007  80604  47646  28939  67995  50681  55627  70457  80524  73594  3072  69922  49822  82807  11843  94272  68950  10155  40474  77695  91471  35367  45099  42232  78964  24443  69848  24726  29420  13151  33792  18674  56292  14164  4809  94155  59698  69783  95346  87157  99032  23388  
70327  47530  60885  57297  38226  21660  2887  6097  77727  4464  13596  90982  68613  42613  64587  32651  17882  51627  59535  98598  21198  17931  53476  59875  95808  92643  19740  44086  62475  4398  2413  21827  75623  18010  68919  9896  15231  76423  1917  21992  29687  5041  50930  39224  36879  62781  81537  33318  37872  24742  24181  8310  5127  66591  78983  96309  6267  50883  63801  19941  88161  99467  31479  35839  37180  85216  35733  64997  46319  62263  34167  43171  85447  75562  41339  
9917  266  59029  29029  9810  30152  34762  9935  39696  43815  48389  86163  40140  60137  54341  61777  34444  17849  63686  50184  35728  21234  61023  78799  65368  8483  99757  73208  67834  22574  4097  18642  5518  59167  2462  83825  42696  19149  89319  67204  13162  13953  54766  94524  35619  76162  90693  77785  52852  32492  98573  74566  25139  1533  38156  2588  27510  63314  17623  23368  4011  2427  88350  87717  51487  80369  39962  45371  40602  49090  80909  27743  2896  95765  58257  
514  37643  85838  6997  42645  84767  50742  80189  46748  1879  30003  12064  92725  83990  59000  16018  22939  80192  77004  13487  65645  76869  20038  63606  10992  42869  51416  25237  97154  99320  86522  1514  20896  68406  53905  30380  32588  44700  86124  13582  81793  1249  38705  93119  68839  32247  91948  22559  20895  11160  15025  11491  99854  1989  96960  11344  33742  35488  7693  95558  59679  55509  62910  75723  55212  36493  82969  12186  45350  81016  77533  17663  92776  67805  66793  
70880  14648  24988  39075  77705  74440  27100  86024  37917  88035  61785  96345  80693  47297  13438  73822  78003  38992  99680  10830  63202  71607  78438  67611  77629  38377  18463  67437  30648  57254  64038  74860  93606  32043  201  4191  26967  17995  12723  21519  73367  73814  34745  10842  8251  92741  90180  88442  3002  64352  53854  97036  52842  85723  59320  29922  82708  42370  45079  64421  14345  59543  80779  65805  92865  81832  20691  60286  16466  65404  90128  2176  572  87204  32983  
56612  70156  12756  62249  20385  47846  16594  32778  73040  59835  5123  78072  6324  96511  10337  13893  4366  58001  77933  27636  59902  11671  40255  96295  71731  75171  75999  65597  757  77295  87984  13295  12746  56161  85055  66888  7891  77160  41360  50498  54294  12020  57047  58116  62021  8882  33763  8242  69146  91398  87802  7071  32833  8918  22570  52371  1268  5230  92207  79908  23529  90993  17413  75305  69204  67728  96949  29407  47468  82527  8561  83202  55503  66381  87697  
61003  38023  14010  97195  38940  45649  64200  88002  55401  44393  49690  39618  4139  49763  63404  9107  30046  67531  12180  40807  85106  64225  19710  26817  95117  39034  17211  43462  58525  18137  50101  14357  1230  33675  69749  96310  97724  4368  85666  21030  34557  93432  36921  8629  17476  8396  25776  29882  47307  73717  28452  97785  32521  55709  37256  29734  16437  10773  62038  3464  16466  85095  23388  20431  85662  99190  14795  64587  47323  16828  40356  2788  90661  56609  28748  
65069  86092  7730  96311  82432  27831  62632  86526  48665  56388  7466  70431  58688  66363  70660  66222  8094  4204  52403  6830  70037  3919  15496  60610  48252  19409  59525  1975  55936  67002  24025  60833  17775  10611  40595  84344  23326  21359  97412  19664  36139  82932  14464  5578  35841  33715  87251  47945  29796  45507  48811  30323  19228  36524  26272  321  67281  14754  18335  18681  70312  65811  54450  33058  19381  14045  17408  81839  62646  9090  31649  92739  57570  62176  81261  
81015  8081  43380  93180  89230  80210  87581  93326  94371  34393  88866  49299  11900  95435  57439  6410  46134  84976  32759  18589  71474  30106  67650  40281  53206  11688  34729  61132  76655  1521  65268  21087  99951  43838  31010  22486  13621  94129  51856  57825  90045  67868  24016  52583  63588  52164  59264  53064  16618  18516  70852  97336  50501  26160  58072  34777  50570  21626  99649  42756  56630  73614  41475  91278  31282  60247  47540  56724  85421  25859  73850  64037  37161  29217  67453  
94339  31828  74917  69235  48351  97425  40343  60291  48251  57349  60997  52814  88111  92470  83270  36906  30041  91601  95870  57592  54891  55889  44001  63809  70611  71153  34754  95242  67817  58845  36856  2605  9062  16197  88971  13000  79782  55882  45006  65146  70070  98362  24604  7319  69441  67928  62180  47826  57570  41928  62233  87406  99137  80728  4081  24566  78515  84427  45434  97277  71397  92536  29030  73940  24175  83825  61919  93628  85937  60928  97461  67570  11614  1182  59538  
80070  55139  16853  6117  52698  26518  63623  46993  36721  94103  65597  56318  87213  21407  33696  72937  2657  55363  48850  37185  71712  16317  1257  29165  24574  56207  29487  54516  30475  39225  77122  99660  95308  22300  50194  25967  9120  14456  37859  79674  64687  85244  27181  91732  22133  52027  9996  52697  28056  68986  63037  61024  13287  9805  49218  22131  25643  4350  36935  78928  20116  92278  60876  46814  73153  17870  69381  86493  15321  34250  76308  15821  18750  32885  69965  
78325  76956  968  25071  73714  59232  9717  24776  36663  8259  78998  27818  40638  36405  37580  62839  62467  97472  57925  35765  5598  6360  54543  94216  6939  4854  52225  90958  72575  59630  64779  75601  48211  57032  54954  48317  25667  3589  81439  70448  43049  95550  97265  32003  65161  47533  92172  50332  82944  18316  34391  61259  1044  62311  74377  17727  10143  46075  31333  2261  44167  81122  84730  39889  36730  59260  81751  58383  54760  92176  62119  20931  99546  8211  37246  
65613  66688  15898  50774  89695  89204  63551  31008  46698  35230  68554  80309  67369  46885  58185  25202  16748  40285  81071  29712  77331  84999  86379  78281  88710  7261  28872  59307  56731  68918  59795  45919  3493  69017  80480  87480  84452  14523  10438  81248  6186  49401  29772  95123  59801  65335  36564  90328  46251  56714  63329  7081  27526  81761  42657  10335  56661  89641  14561  35460  6206  67407  29357  95646  65436  8705  67050  1347  62939  84800  29493  21237  51481  90636  98254  
19986  42339  17403  44619  64446  50215  84196  56875  44984  16829  38855  65807  30147  41126  75967  10492  63533  33226  6018  56152  2317  63107  26993  3268  91230  53341  37094  70573  81872  21  54512  28808  11430  32228  75646  93982  55595  47138  8593  3704  68413  56856  59679  26205  26223  37975  73607  55706  41463  56468  29696  28624  93496  81142  40162  55062  12232  10499  2860  57360  86646  11589  97936  93583  59733  20559  47509  13443  22948  8594  69747  17460  46201  18057  96761  
37818  54798  6691  45981  84265  62262  55630  77648  88152  29800  29827  1445  62494  16194  49950  26800  63122  19506  99520  37704  77999  42223  95045  32822  2331  77960  52656  7855  97071  36179  8629  3081  14859  56500  47058  10533  98273  49485  53400  67565  65583  98116  16128  27760  3526  86599  77223  69741  24626  24929  63720  46328  71430  69624  74404  84409  43305  34754  16064  10457  36652  54393  63943  26970  67863  46993  85874  74349  34329  68015  31512  51984  49092  18361  97337  
70522  6526  35470  3699  22186  38746  58027  65738  48849  2357  19206  47688  7829  69055  39207  18517  88858  19550  67781  52859  3458  32806  38783  22175  45540  58573  24616  82918  70931  76486  31650  40931  90204  5205  26488  65982  35378  81057  25915  47065  51492  75816  84032  25367  44110  24342  17686  4719  71947  57309  30320  8869  69080  68194  772  88911  46301  88271  39948  413  58659  94568  22197  47924  26385  1223  1489  24175  68663  67722  2741  48431  42789  72505  60123  
43694  70978  26691  89896  13119  41487  92351  84216  74287  70915  42094  23481  74971  82084  75572  80348  83844  37533  49461  6197  4793  34900  6565  28890  2510  89761  58888  64969  48443  87990  66217  62333  58227  35108  77314  87961  42999  880  90835  7536  15817  59221  27189  58708  2047  74412  4274  36787  53448  21665  4051  61447  48666  4162  29599  42936  44455  17067  96564  46943  91162  14210  85439  30085  9558  10030  83200  59662  33685  78999  64537  41415  49974  52764  35427  
43637  45631  60500  21024  71177  68019  73716  19395  33860  46725  9782  72045  87037  19075  16065  11004  59011  22977  78759  99527  94700  60346  45880  82548  78128  75297  90316  17088  51493  46433  16599  96948  76149  37858  7889  33111  2218  98452  93876  69740  30107  10319  17574  96252  90738  51265  46885  94189  40165  68018  46634  33925  11540  25782  31145  63018  81140  20197  78798  68400  78929  9191  10769  7505  73823  81595  78598  11666  72075  12459  15751  70243  85432  2371  48865  
75088  36445  52369  38299  37283  66413  44775  97134  70368  19070  86682  57248  48058  40656  69818  26051  45595  86940  4521  11972  29383  43359  54489  25344  53164  13511  98130  86785  82540  88710  6445  54435  61650  53273  40394  47099  9898  60040  1148  14624  74329  62838  97935  31089  44876  20082  25296  88256  90714  19284  29900  57773  86653  4414  38792  52274  86365  15628  35930  15156  35782  38682  34684  16556  7790  80952  59504  23256  93774  95856  32623  91256  22968  55409  68551  
34291  3036  18550  39442  60163  11084  26469  78884  4248  67378  98748  53432  97248  39162  59261  90539  89204  69511  12899  378  59412  67995  34839  86961  59040  57491  92878  47621  84670  79009  76387  17823  80418  53932  15346  9391  20829  94717  87444  60605  45506  5191  65791  83549  45205  6652  45380  25115  62417  61819  96199  50522  93013  94135  72373  6080  9581  98949  32668  21386  2044  81382  22800  13417  4402  6750  53163  8689  45552  92061  87815  98113  42337  47836  31439  
69907  20741  9151  17183  7535  29303  56998  50038  7035  32478  7949  55405  81576  46516  65744  14566  54426  3750  73758  81775  1200  7929  97380  18788  57252  72645  32106  8042  99000  47218  12684  97667  63806  89975  55572  75850  49714  7794  99433  65694  817  62862  94825  35738  39871  73819  28920  8184  31720  80894  31428  27718  68137  9006  38809  12065  99178  56797  1361  61393  73548  3424  1747  60301  7067  6952  98481  49683  77747  76872  99201  7825  60139  21458  36878  
62252  6863  91339  33632  91514  50637  83269  33805  80130  92960  68440  59330  29979  63926  90276  15918  21588  22736  4277  8594  34083  95341  72205  16211  81240  54701  42026  58486  9619  69404  34139  49113  89597  90915  54176  29591  22475  23069  58878  82104  81581  49715  38028  13582  98945  12523  60276  74542  53531  3706  96189  66936  83162  88563  94548  81660  47153  75234  66102  34107  2683  74449  77937  94472  91942  69769  8832  8168  60071  41882  60604  28850  37916  40938  77765  
4845  21120  19641  71328  42930  67504  40597  45395  96624  47388  11097  17052  73537  70000  7096  64608  9732  7943  40850  16586  62333  79113  41315  47264  20382  55107  83237  68100  8389  71845  42357  73981  16627  30483  63492  99468  35157  59755  34537  95128  70851  15754  40594  64610  14628  17766  37133  27440  67931  12842  54319  4919  53791  44096  80810  58063  40674  79390  69332  29043  41488  70548  32011  54003  81246  60660  27033  4873  68676  32933  78381  65657  79238  1930  66993  
68362  90407  61231  86897  8563  45017  46151  65817  872  9938  64800  32821  61967  14281  67459  54717  13593  67107  34671  81945  78605  36941  62308  1110  2545  91293  66787  4685  59272  47942  16287  66986  4910  93477  61816  84917  54181  58014  3374  92064  57194  46621  51062  34756  29125  24523  37988  8829  9767  43403  70741  99280  81409  1368  2739  97003  38466  15484  43224  30471  18980  42540  4178  32509  78213  2981  27860  89730  8878  58862  37062  1000  91235  35693  41299  
9047  39614  39313  96429  88642  76999  88270  95113  65450  94413  70349  52693  40924  96262  63808  97768  23478  44779  33317  726  91672  58354  83733  87336  43332  91369  20856  29143  20352  45586  85016  45282  4494  88506  66886  75145  4677  85509  64530  61524  55371  98199  84667  2115  9573  42261  32414  24057  28899  41012  56443  98963  81838  68214  28159  20096  76911  78729  43145  47992  52006  64171  97416  24574  32993  50419  85112  83250  76972  16510  18669  96805  18664  98467  72825  
62214  30119  22608  56986  79640  178  83408  8374  75077  29760  29992  51599  9840  61700  78762  28520  10737  81395  46065  81570  45691  57560  3469  78588  56996  70288  14434  36878  65841  64391  16677  34657  36309  27485  64731  61970  95330  87496  17702  14853  10836  18831  35351  67649  9318  49063  24789  21221  88168  55433  87793  97047  64538  5644  20785  28272  97841  6337  70000  64898  43546  87850  33592  82724  97772  43970  99879  70422  1934  10871  88212  28483  30040  57964  27230  
90790  29300  49614  42850  18540  49728  25266  73073  33923  27983  10310  18192  13399  58361  78346  12530  82610  89207  79293  53067  99931  96140  88113  65618  91545  31920  83438  31246  63567  19428  11766  60107  13033  97790  83722  43025  11318  20694  34114  12456  5788  24733  78421  16292  3306  25864  80851  92679  6577  90942  90571  73720  25559  31821  51312  17901  53474  45098  46944  43489  42628  44213  7442  75721  78805  15800  84881  24198  88238  95544  33156  55643  84669  32251  52953  
15524  55514  73734  36195  83171  46427  35710  22930  25754  25352  89720  18313  81084  26149  80998  92455  29952  14244  59531  66106  72653  34423  74279  29952  96943  89815  72655  12090  91792  47266  44894  28030  20710  8013  36469  59284  90992  4970  68669  8840  18333  15027  37038  14862  45860  65171  87070  17497  95798  46347  59654  81942  84902  62394  97074  48691  32878  42408  76122  5931  13928  41677  71897  43296  80218  61643  866  96991  42485  27333  68688  51194  47107  38842  72673  
27336  61097  12604  9592  30767  29171  32929  86699  10967  46018  3397  94165  73353  70037  607  26947  88679  96820  29676  84988  54328  64527  8883  98525  49311  88786  15008  14001  31477  91282  6270  14266  84852  36705  65996  62708  75017  70375  90567  43984  50921  13758  9647  23005  49417  32947  24379  88056  56884  41225  85776  11640  72506  60733  45074  66477  1259  32674  99387  58153  89913  53348  28806  55514  56597  40246  50094  36898  8482  62697  41390  12346  16051  83846  78764  
63770  31005  93626  78385  14857  10351  59591  1216  9822  62463  20604  95776  67226  15414  95097  71054  55915  40410  14996  70541  28373  80228  41153  30440  94034  6656  6878  14079  97375  79259  24775  82286  96788  64975  30296  3400  15242  28124  6832  48528  17457  45809  54386  39159  3556  11587  8121  16104  64954  441  66440  6536  178  31226  57949  75000  59414  96196  83791  12419  37043  11755  51115  14681  25620  28376  74206  23680  43138  5660  42588  41875  75396  22873  51632  
34348  83990  48126  13079  10351  22207  73161  19265  39629  6647  6561  34707  50031  74612  91099  96026  77772  85014  22431  58014  23377  13001  82740  361  53957  87989  23081  37956  83217  23686  23145  60410  77486  7917  37596  60782  45467  60382  11260  63085  7739  17315  96390  69842  22924  26544  53366  15887  85975  50729  2425  88261  69887  49883  83536  11236  86257  95213  60884  9491  33404  74568  3486  50742  33693  64692  47192  43325  1233  52989  69815  89303  69121  52617  89657  
992  60387  31997  45471  92576  9582  96042  42587  80014  57982  5885  51303  46193  69596  12370  38578  16078  27762  13549  87633  44752  99052  35228  16919  45905  94770  50776  9331  5346  77389  98913  38815  44786  3885  16099  73237  5451  35781  55651  87619  53678  3635  82405  80306  53357  59400  43153  99412  90485  36092  55278  15675  84924  8581  10085  82950  3088  49741  61312  13102  95602  79695  72931  83061  83807  75963  29445  99117  61302  11308  57691  19849  19537  67806  78959  
85373  94994  78973  21507  53329  62747  2480  39959  96621  83653  93768  80563  46281  59483  30410  83251  36097  48141  555  34998  65476  25042  55767  62506  18655  40737  75282  89518  36647  12914  84451  14230  46621  38674  9015  89083  6205  68176  31130  71733  48475  9009  12139  12343  84649  12652  32249  73835  68381  17309  30742  68347  21745  80257  9960  67738  99419  31731  71349  26051  26409  23307  1645  11122  36468  89723  24634  44289  81004  22743  37584  86862  40118  10209  8696  
63586  68588  1194  31895  40440  91423  76524  2578  30568  28671  25048  89201  94834  6852  63239  17742  40363  88482  85183  64571  22565  5364  37978  35056  7819  17659  34248  37076  49813  6307  63549  74916  56550  75878  37999  36538  50977  79158  41414  1344  90178  12430  49051  61916  63036  60134  8061  92638  32952  27750  23609  47485  72530  15257  82419  38885  30824  63798  79158  77739  36493  70460  61145  72448  19036  54488  65877  78285  2211  84832  29023  18766  65168  1872  79887  
42034  9147  89781  81975  71615  51254  95569  32948  76507  59965  52688  69526  80788  60160  99245  14925  5737  88277  3402  72137  56208  53688  49520  56361  20630  69090  26185  21516  49071  82278  50238  90244  8048  60932  70667  60519  33416  36188  61096  64274  57251  5567  82033  35760  93595  95248  25319  61974  68058  30797  90862  36633  54544  62668  38615  9906  39776  8380  30035  75052  94361  95986  78157  82434  78221  41007  76317  91376  166  27170  61780  8499  23156  73471  2175  
40764  62113  59294  60207  13667  87270  38807  65898  42253  1840  89887  59811  46388  49839  81298  72922  72562  79476  63536  39792  11772  27762  95480  66731  16240  97046  69374  92826  46497  11472  45298  13710  57159  13775  6918  7647  70869  57088  26848  20384  5965  62296  76847  80142  53491  9368  6480  28061  99839  58959  1533  64989  70203  25594  53976  63152  71401  66256  52195  18836  94486  73754  29499  98005  68792  81313  94609  40623  34583  20790  18884  51866  65213  6541  21389  
88878  59739  25243  52836  41696  82857  26476  64110  35942  60686  69639  49466  54674  655  60648  77741  28577  68213  75340  23120  67153  311  94016  61180  22971  48486  46903  7326  12275  90465  85160  4479  68722  8522  21987  25654  2116  2250  62511  47124  72375  90809  67324  53864  44493  5287  45128  30150  9171  26845  98029  71460  60784  8764  99008  39223  45374  52311  43567  63674  4262  85535  50931  33176  50864  50054  30289  20142  95775  75770  81140  29580  43534  23971  92788  
35999  67125  33568  68592  22154  67294  95752  7443  45476  84268  73295  17760  34870  77453  21604  41531  83674  60631  93534  9212  45023  45251  57210  82576  67109  43204  48197  28771  61995  38934  90973  22222  73861  43385  62716  99760  37937  24038  45204  18726  7055  48041  11693  14917  53183  22937  52362  34714  5968  11029  68136  83881  79406  44206  49071  99802  63081  57630  19218  1494  46480  66895  73799  531  23420  88402  93795  80595  13666  7110  67040  3110  5623  42072  77842  
47353  89175  40529  797  81454  43828  43534  24900  62597  6409  3891  85518  93510  69470  82429  34906  66285  48621  67084  4416  76926  33513  74564  89146  5444  33502  20678  43575  217  26545  87213  98392  7621  93937  67956  46875  49818  4719  7118  14460  15059  87  13842  34926  29558  10811  47680  46268  85881  87337  17483  23181  29289  36278  84440  30053  70087  12125  14469  27144  92017  44447  73308  34840  28214  39365  4729  15227  11263  24506  22466  10374  24275  53170  52686  
33165  39482  95476  50463  99608  96020  86769  65835  60308  91527  24963  12061  45694  50844  64185  57374  76102  98777  14815  1554  46313  2382  27877  60419  65767  26566  77947  15893  13690  99317  8831  15353  57427  64118  66302  30854  21755  27461  87823  31231  17886  53875  55712  52067  22239  54122  23089  34489  61869  21735  99622  22651  93450  57146  56297  69287  3322  35102  53498  22732  59311  55141  83688  393  35232  18042  37988  84883  3142  75274  75545  51234  40947  47929  54943  
99568  87810  45731  19250  43343  82084  48046  35834  38000  76562  40358  28116  37397  40934  24445  2880  83811  87817  6489  87787  48394  87740  55120  9906  76432  77762  82491  53458  24640  5325  78124  12733  68937  20172  4838  14314  1438  46021  54507  9270  8160  45234  17686  61510  9838  15938  4149  52295  79811  48368  45457  97355  67735  1375  41740  27912  94541  81690  9002  88629  40669  38583  33958  87332  46408  74531  32178  89592  54754  14356  61356  12645  53080  88762  19051  
73232  72944  88028  86226  53630  80443  85178  89945  6925  44388  30480  8169  13487  78047  89762  54075  2718  43160  67660  24828  71743  94834  11687  61443  40132  26417  43492  21961  33684  29954  58461  5333  41889  91373  95559  12865  87053  3522  44181  88426  42685  28431  14943  15536  86903  18807  15470  9357  93461  83391  41579  77857  12417  68413  2621  80838  34173  54385  55320  26536  83390  67597  10233  27591  80086  33333  15785  62212  38062  49344  88776  92003  21762  91251  88143  
96364  46266  13370  6664  99742  93159  93498  51639  13779  79130  45260  5364  85208  29854  66390  45825  19018  33790  43007  24916  93847  69427  44375  61164  76616  3171  71901  48558  62289  9732  9870  52935  47276  99163  61647  23945  30465  97864  11031  62272  95716  98441  44624  32008  78404  28809  47640  74917  50501  18899  72959  68556  41533  13593  33913  16593  12676  26242  51210  15362  98104  40621  32223  47165  84706  91087  8253  42347  48144  64827  9008  53941  67078  90734  3738  
2821  41498  15394  3294  83290  7144  80485  91662  27372  58167  6686  84992  33291  48684  79631  50798  28018  75675  60779  26649  3606  51226  83478  45055  77895  35656  60903  26517  36482  18297  2892  60472  58673  27347  71978  78467  83608  93843  39268  61637  40555  35119  14145  22197  96978  63093  43927  82687  43366  45216  64678  45726  82615  77586  90262  78219  84291  44967  84476  72834  90316  30530  50576  82867  31613  18134  96886  26526  71611  34794  22461  72969  3053  46436  26779  
92194  99505  56502  7957  88576  88502  40707  29690  98663  56525  88538  24300  46757  12929  77152  87423  80884  59645  52744  99870  63433  5997  50081  95782  14651  84389  70946  35347  44811  70667  92124  7059  25753  97329  71103  2359  81685  48245  63772  69095  48172  41530  93860  17593  97986  3628  5244  24575  79684  57712  76959  22891  77256  48459  50646  9863  75696  75042  67762  90457  28110  22584  58048  65600  10869  97295  55243  33920  89265  65084  74206  62820  2449  32364  93053  
23269  93353  39564  66146  97663  35822  51295  16890  77921  74475  15750  70268  16356  61222  34100  60993  81158  65506  33357  92250  28429  27339  68950  19518  9350  59836  23247  64970  6819  33903  23678  32581  49654  80792  29781  79166  2333  53752  96109  29795  49550  2174  44340  48396  70166  49040  37625  59681  76078  26804  55621  24989  90220  84786  27266  67780  55196  54607  31947  11833  82453  83620  45645  49747  95393  57724  85589  38497  58814  66988  66330  64610  84203  54443  31258  
25547  7953  62168  48048  94812  88309  95254  22448  30916  48776  40619  93899  44202  77062  50798  59868  83688  61338  52961  35613  56236  51253  23268  61892  41329  4001  46328  82774  16881  33880  55643  1081  57696  72832  65148  34098  5868  24025  44825  95667  28067  14844  26713  90226  41295  23672  67326  61105  7958  84476  52028  52546  23981  18267  6383  65058  1496  64885  88956  85989  11263  72433  89229  15503  30550  33530  4315  55363  96594  42860  72847  77318  40008  68707  76496  
90128  75212  47927  65623  5457  56670  91743  25543  16808  12580  67684  20431  5451  36513  32060  2360  87805  85968  47418  60308  73142  52592  25467  43142  20985  77221  11743  82512  20998  94884  87077  50906  52525  9318  85388  121  7400  47321  80697  69966  90542  14395  27633  75052  41595  86821  66321  29707  32205  59517  86810  68421  30040  13516  19652  44561  13162  71863  3873  89546  31737  79386  40390  50004  40166  87625  10180  82609  88611  99852  10400  81243  15580  297  34389  
39040  69873  64590  98469  50683  10416  74722  98481  80171  20266  75934  91453  76287  89060  70659  31538  82930  44889  9395  28106  43201  23950  42542  43551  48721  10910  50535  7083  37845  76129  82259  50052  33343  76803  2650  84993  6664  87924  37048  14400  8125  29895  2807  3357  72611  17243  24426  80776  39539  44105  23072  38244  28829  44827  94019  83656  31939  22396  14727  89765  48386  72828  60103  27433  31274  93472  99454  83238  97884  38794  64134  48804  58914  22932  99208  
93999  99032  60298  20263  38330  47215  69516  9509  30450  33329  40194  52238  29351  15772  25191  74893  83517  99864  10340  31202  80216  66395  66025  89583  40588  60555  15312  59610  27643  6824  3498  73138  18647  18784  20445  87719  74622  53765  6672  52829  96713  79957  28524  84224  30488  1173  76181  15967  85491  64783  80336  27859  956  97867  26521  19786  39140  66325  13927  93793  77981  89592  12793  63794  45341  35401  24798  48345  91525  64739  35965  73050  62727  60452  16494  
10274  94113  73694  23031  35055  43120  27658  53971  97414  80941  91594  27436  97797  26974  36678  61448  15748  7267  31080  58879  94608  64023  75882  87577  98363  5898  70685  16443  64321  41130  9158  11359  79814  40118  78593  68945  98676  59414  13524  50111  86614  65491  41120  70537  14135  19908  25052  19841  88453  11364  85788  81864  29195  49760  89838  10350  19533  84871  10592  51130  89515  6342  59228  20968  80816  50095  50699  34619  38449  81651  78526  72726  37413  96501  56281  
46439  20427  75474  52672  23351  16814  62501  46467  71633  43101  48188  4822  95621  59750  76615  14224  18749  58931  76973  81549  54008  66468  50137  7022  99739  43704  10912  29334  60216  53845  71695  12100  32945  62050  85311  57437  12608  27147  63809  88206  18706  7319  74632  78242  38841  17316  39310  50055  35825  34332  36486  73551  78877  70650  46983  14738  64040  32406  38518  32914  91700  50359  41256  54454  70305  44331  45033  16512  25547  18903  20488  44490  8459  71571  94625  
96024  4462  2111  65275  27257  77398  24796  48579  59474  82593  45417  43276  73504  47190  37747  75225  132  24751  87535  86173  21833  36274  44678  4292  77375  19208  68443  59808  30904  20098  94602  62721  66063  52232  30947  94036  5719  29926  19669  27557  87097  20662  54893  43603  67564  30323  14233  66427  20020  13631  76131  61220  23260  68168  43086  36135  45353  80619  92043  42707  62884  24202  80697  36061  85181  51077  9397  5803  21859  71270  17914  46019  47071  6273  61755  
29847  2932  26233  49187  1848  90782  77634  41035  50096  78793  82176  66498  32841  42343  99207  9163  36548  19373  5193  20806  19716  85640  79888  70595  3894  69897  99940  47449  84486  22605  68076  13952  51149  95530  49107  58759  44954  67043  60010  33164  19749  22684  79501  99816  42228  28565  80993  39456  60756  27229  93924  82327  29778  7842  71679  58960  68643  9654  75513  43016  54037  25059  98812  87956  54541  17290  40233  85311  26534  35744  46333  94554  83738  90742  46029  
14303  40639  77935  24470  59929  29073  89171  84595  64848  4028  56592  23975  18915  25635  51576  53521  64272  91286  18871  76254  26050  80379  17140  11530  20500  51582  576  69699  58232  93501  5824  14080  33511  34614  96243  65975  90297  1834  20527  64199  77491  89024  54597  58685  48202  23371  36734  75187  43281  51478  26250  81999  40014  44256  82375  78668  66103  56542  39418  34770  18805  90945  34004  45085  44351  66017  74077  63146  10209  66740  60265  63451  46247  55869  43639  
55411  87241  97300  59243  50876  69061  42542  81539  13153  49178  42420  83568  60867  46433  68307  89482  95656  51498  51857  43614  66892  33784  43345  60827  24345  33831  23250  35371  12213  32013  29341  93077  40548  91221  94806  58505  30506  8161  80972  9039  16716  41524  55647  1556  59112  83090  42609  763  54467  50528  30288  33698  79065  34461  43913  75979  3581  89022  1272  85284  34662  91176  33989  45822  61429  51489  33669  46337  95176  34470  36242  93014  73898  77564  60460  
87792  98326  12578  43322  60882  6842  26217  3866  24172  16650  46491  19316  37768  70343  24325  5058  86511  53789  20254  49501  51298  21508  13405  72300  76614  85897  44022  68193  13122  55752  84568  80950  77156  71515  84539  95537  77520  38426  56977  29984  26152  53450  13339  3972  44721  65074  10083  60767  57963  67865  5804  77585  3025  21411  79754  72607  85553  63431  82727  64331  59881  14746  42225  66983  93315  39471  61283  55384  23781  28469  22638  53536  53887  44407  15221  
38284  87690  80360  87874  15972  66047  61447  44174  53897  87172  27238  3283  25977  49515  57830  64600  6816  6862  85574  30280  8580  35195  63535  75194  56  36517  23446  71177  82685  29663  9234  71251  75215  60627  78333  59504  37794  22531  23994  6363  14922  55340  55623  82715  10658  8411  48510  11657  31133  14026  45922  1170  77094  11624  57734  67254  8011  74019  110  96295  67146  56846  59429  93198  25615  31040  62514  40857  4008  68802  56937  71523  25998  25038  49700  
10266  19346  84768  79697  78559  30672  92629  9820  11800  91188  47005  87854  18006  44616  37757  39324  9268  13830  86096  35669  11008  16162  66895  23274  24935  93516  88069  85898  30089  18976  88553  91697  75627  47667  68513  31006  83261  37961  30018  44912  80878  20740  32570  96542  93804  83063  51076  7114  55497  4999  76424  37865  79602  85043  76635  1968  26182  76897  53159  89409  58183  23251  63619  79098  53129  25118  9685  6816  41120  29823  98018  38467  56296  2759  38641  
24543  11262  85119  79904  22528  78289  21919  92966  69416  74129  62679  74184  35148  4216  85171  12330  30086  69625  45281  16284  98897  9638  29036  41699  86195  14419  71307  45864  61745  15024  48974  1610  10417  98898  28254  53486  15769  81740  2625  91154  27105  42623  99038  3926  94695  28628  1672  34759  25069  78613  86782  34787  45863  66865  12795  56321  83413  21686  49264  72470  94647  85041  95910  8168  95588  79606  61892  20900  45335  340  72625  67577  38851  83490  87271  
15794  42954  6351  47013  17375  11505  88508  73812  30955  35857  39104  17557  90706  55237  93120  77230  88149  38906  78938  26846  81612  15083  19230  88105  74979  82733  62470  37500  81537  45126  79227  2483  81808  79539  95049  90658  18688  29097  98676  33925  90918  87181  96377  89787  43955  53655  33976  58382  84267  94338  46252  3978  82398  8461  96778  40026  89849  96022  67736  54152  42203  43672  23798  43385  1246  18193  68185  86874  75957  83504  53166  3846  85504  26389  19824  
16894  26253  25781  41667  52382  84073  16866  9281  56670  95294  66408  28687  84755  2643  73307  4567  94270  14786  51698  61511  21664  41325  92907  97138  36570  29424  87092  10817  29056  14356  87405  9541  63515  4395  8241  34880  490  4838  75725  53398  91730  20377  10559  53505  8591  34995  57712  98107  446  7055  4411  58484  75918  84848  77087  31351  59929  75493  50366  57841  68147  51877  37194  32939  11704  56982  18792  50407  18601  58666  18639  78066  13511  34852  80216  
46499  10792  82476  92446  24623  34180  76628  29225  79258  19736  92586  6202  26999  84869  24116  7419  21601  72566  64081  40858  54513  19863  87446  62241  59386  81420  97403  64241  68791  69036  64421  5315  58276  83937  87388  38921  18725  18390  99569  48363  47188  85487  19463  24618  195  97282  98182  18996  1685  57886  74081  40528  90464  90851  68605  44814  33218  97206  21919  54898  56560  17835  33552  29782  67047  39061  44785  54373  46152  32826  99928  13610  60803  43810  69240  
72515  14862  17538  68671  7613  44752  7796  20051  97712  93341  83156  43648  1693  74808  50834  3513  8599  80104  39837  52006  55808  13863  23456  26740  28463  6510  25758  34645  56751  39053  91382  31820  56447  99226  70537  31917  10865  1888  33311  43158  41396  43459  34168  84174  22212  82498  65976  32032  67894  70994  27633  17946  17258  50024  41911  50767  46621  77943  81753  93888  40547  13670  22874  61494  84078  13051  76271  78115  9851  53270  84806  55657  61932  99741  22500  
53702  44612  97478  57950  19739  57758  49403  47446  78884  71643  9934  64906  24560  18031  25674  67982  68984  6344  3953  99943  33722  3951  86136  35925  88483  99867  2945  79801  48079  87776  10454  88315  70666  78012  91178  15545  122  45922  60621  79111  1271  73702  93782  3496  65522  59587  72367  22345  9978  83395  30838  68151  67154  42993  8985  5247  15065  38565  76662  25862  22513  40997  3232  85046  97109  84008  90931  81529  98245  96555  29557  61343  6880  12977  28468  
26717  95830  73358  81325  95430  61462  73703  7203  26098  54144  41704  33858  71274  50622  2227  97222  6647  57549  38316  52841  84780  22904  91309  21471  41992  3234  70632  46487  28679  68488  30858  1936  80800  43282  6112  46403  58588  33992  45787  30090  55149  58095  47201  82970  31291  85548  44942  15256  22985  48952  33051  39409  34205  42172  59348  46011  97743  59004  50501  13658  77100  74514  79015  57038  78160  50097  89845  86563  31775  18153  79508  8303  49265  87813  28813  
94656  79347  19321  98640  95324  18572  11932  99173  29956  69209  51801  45490  97159  97599  1205  33648  68375  20624  45634  15491  75194  16184  72484  79930  13635  49247  4480  4016  79844  85969  53005  1875  18645  68482  68825  73589  69795  4195  40025  49040  6775  68485  68619  11090  88195  20848  55166  99348  74066  41362  5800  59729  85579  85834  55387  45768  82506  70928  74670  45977  43566  94550  32223  47253  6548  33040  61223  65129  46766  1832  67494  27539  81846  36003  77368  
53776  23234  25333  84092  52827  86714  37577  789  78947  9384  16877  40749  55479  46918  61326  44722  99298  92059  30514  74444  19371  7668  89479  34528  7125  38448  62545  91242  17606  73927  71974  38357  40323  60079  69415  66550  90286  47782  68087  29710  64315  60385  52293  24444  32859  21029  46925  89078  58884  47122  54204  49633  30113  38735  70921  56195  25841  78453  70953  43469  68425  31682  70729  83186  46820  99448  907  73951  5591  68424  94274  45453  97906  77179  8792  
96896  61220  16542  21292  56107  55468  46149  86422  38232  99337  82375  92287  79600  51656  97750  64439  32595  76077  73420  44638  78547  79929  11056  23846  57589  60937  52745  73930  46936  5187  94139  19000  49246  94735  67922  19948  98192  1312  34305  82452  67399  89855  74329  87545  62363  51255  20214  14237  76349  11269  80374  9710  85027  4614  69490  29904  77271  75805  40391  923  42665  72208  43892  89691  19033  83512  5931  60207  41475  48011  76293  91188  69572  70273  51662  
82151  23071  72232  30540  22238  3053  33540  45753  39374  34403  69244  86260  80918  62266  61839  24723  49179  48004  40084  96346  16391  26383  65438  72578  61021  49472  66497  98514  32439  37554  1345  66962  84332  70341  63959  89578  81257  59551  10215  97474  88906  458  86247  19990  20225  57354  59346  20411  92393  53176  42784  72816  31235  87521  54535  24919  37749  30481  15720  90178  25871  27133  62053  99262  79972  66528  98893  61759  14610  69806  12969  59594  98722  59100  47469  
55098  37164  60708  3986  11804  72745  30701  32686  9826  32930  74242  79371  42251  54626  16103  6648  37768  48195  75405  96000  95067  33381  66042  35562  58645  71339  94276  29636  14963  30727  22730  9248  65169  78888  39690  34256  52648  29767  78071  74715  16487  54285  32679  98366  46907  1133  78914  44837  76762  23954  71525  84703  5885  10273  5941  44459  47613  48239  80720  33990  61014  5860  49458  64778  8421  42861  35331  47630  6062  72525  71923  71767  1384  8507  43848  
94299  73825  58584  95066  90544  5252  9383  5762  39994  12926  66895  24232  60668  1546  98881  63167  14082  57087  19947  4541  75914  77628  18140  29291  61070  59326  87454  14303  16009  40248  3815  46535  55805  99355  69274  93706  95655  17495  69382  36034  43538  89143  69882  22779  71676  4150  44602  30130  73805  80663  86800  88595  42176  69161  14389  73249  13919  23289  40784  494  62953  70898  60898  66657  92759  22202  28660  45583  43036  79236  16837  93988  87647  35342  13064  
28527  79717  89234  47116  21888  34979  73215  5137  59247  43203  43161  88571  85006  1858  91481  65984  82800  5795  10147  86578  22518  57457  30757  9521  82786  87296  70809  67901  34193  1907  8354  17704  47039  91267  26965  83327  38769  41048  62012  47811  35517  90314  79324  25388  65059  21480  14459  13249  18234  93132  34308  84174  50728  50080  691  25810  35587  39513  62354  86133  99391  56632  97064  60526  29801  67978  76990  87639  90729  14738  76969  81892  56308  9406  12072  
12975  9854  66509  14374  59618  23564  86959  91980  7834  95014  47933  5270  65872  36809  75741  25684  23727  72708  92381  74855  57303  51821  11293  75117  92220  39142  15235  30449  12511  97616  34983  57458  29103  52050  7887  47825  40795  23451  94076  61351  62163  82889  94264  94397  46089  34587  98462  16891  88310  28543  22586  27106  42120  82531  69576  90584  90275  45162  32189  12636  96172  57123  92844  95576  19821  4370  29994  55999  35197  72990  2504  65296  95251  16335  1881  
48332  92605  96208  25353  65211  26864  42499  12485  91051  37965  76  2535  85084  97141  32203  73831  68119  51167  40126  32800  11115  97544  80766  90979  69078  41540  32893  28323  21535  69418  29220  10060  97298  95481  68247  68504  78012  6432  67181  81971  42173  32008  97082  90485  44115  31161  73084  54622  86540  45807  19248  86097  68871  5832  73327  51862  93733  59536  64337  21736  1041  93534  33990  19120  54604  36699  92161  73510  74739  19036  6329  92682  46880  72082  68020  
67143  72656  87577  79353  38346  43995  57681  18594  32669  92538  6961  99142  66923  1982  24141  17899  41584  93549  88047  93818  63258  59165  29653  90982  36049  32253  67872  87736  46729  93216  74044  78220  70182  18538  7324  92239  51848  80981  38220  23198  99251  99810  482  28382  72841  95350  27566  75836  7469  12952  10823  37783  52013  78721  24141  17459  96701  8779  17526  4981  88686  59577  7115  67487  22855  37247  59843  71578  73593  16423  75914  12478  97665  53894  13980  
55381  76266  97895  36519  51743  52926  77847  76679  4809  84223  51137  7934  40212  53109  14095  88191  30711  37921  5676  70590  43531  15193  44598  38689  62568  14545  47766  93955  109  92871  87770  90058  50388  82677  10106  42024  62625  6957  23425  23828  56754  3289  95456  48898  17618  40822  90409  30081  39644  78367  32223  75708  9783  97575  8671  61777  54366  65542  42279  18789  11865  2811  8231  56453  77627  68135  32699  99547  91553  33479  58407  54380  10637  61208  69995  
14349  6019  60885  97057  18626  41455  66902  39741  9996  3497  92268  93262  89843  91297  16919  20429  20844  51087  91272  54802  25319  25926  73680  77557  16635  77872  47181  54129  80706  99849  530  97208  68259  68543  77514  24423  87592  39502  22531  75067  73264  67622  79071  18885  37152  14340  85966  57824  28149  54190  60578  94255  34410  43266  37903  33351  99727  61139  30851  88241  80758  41325  27297  45504  26652  96873  66976  29144  89630  35686  15297  55161  45582  21493  50458  
31884  40027  77774  10324  60414  81709  30766  17123  82966  42672  92659  12343  9875  80467  57832  86012  95083  58676  20489  28123  56259  43306  79648  76978  65799  21357  12084  60694  20979  51883  10832  28107  76880  3324  39800  50527  70085  68077  90041  6212  34253  5942  6505  13508  11559  78145  47386  80323  15704  5307  78603  28618  69518  37056  72424  74525  65731  65106  14692  31552  86756  51318  59620  27312  15488  66552  96738  55760  40206  73929  94826  45147  33911  39642  19265  
7451  90097  84899  60357  11082  56409  96432  20158  42906  94573  59468  65331  5202  31563  40029  22767  42611  70415  35684  36241  12800  55916  94903  80889  60416  39997  75279  55094  63167  70038  3127  83194  59146  66253  61420  14177  85061  60987  79011  16560  82768  82954  79440  87400  18041  80248  17333  76437  42455  15672  17289  30075  64868  29287  66388  48905  74866  89303  46062  86800  34940  83804  37636  93111  41740  72814  23792  46514  62023  25978  80483  63695  88961  62318  79119  
37997  9814  82452  99205  40558  53959  43750  65748  352  41310  75833  29864  76552  8450  81539  20524  20123  14246  82029  67937  75983  62440  87886  12156  1931  36485  38031  61579  62647  77088  20025  9645  5206  92744  40083  1945  23722  54991  3564  42929  62997  42929  45459  5347  56283  82090  91436  45556  17147  61665  12396  53269  66323  88883  17797  35411  22012  73759  12197  33880  88464  43260  37152  92427  64612  94858  2696  11204  45450  82742  43544  28287  7584  10664  12386  
24591  39804  82201  23962  24077  3527  57381  22429  95621  48886  26087  16047  77559  10498  89664  64141  65868  70038  2152  65998  2596  756  80631  84239  63229  61606  32206  98152  34902  37435  60379  51766  31385  61983  60620  33715  18078  83903  29157  44468  70163  49217  30678  49976  80103  95672  87529  96432  61403  23742  18825  1379  7857  86293  69437  96463  50044  35614  91520  71318  83814  79202  1382  41166  99680  93960  75645  86136  86246  20157  31345  85090  96649  54026  14337  
44446  43529  59466  58950  4104  25816  66595  47359  85770  26442  4212  69078  90394  64936  12750  88243  8412  49128  36632  4806  14589  84374  53461  20520  94123  73624  22780  83027  63065  93099  84198  95742  54473  35425  83087  13823  92270  37177  84883  40447  91209  61242  38919  93513  94739  55383  67080  19923  39762  56156  1080  37952  48512  45838  51001  81302  57921  88237  53036  7267  7132  36755  19567  96994  94458  99577  42479  6409  49824  49963  48224  29831  45882  42092  77950  
465  25014  58964  15765  74193  17038  82824  57125  45059  34563  44881  18661  14023  70734  807  26125  44118  5260  88963  47450  82419  45987  57865  14656  55294  65073  39265  51126  84581  39445  99284  39102  39603  641  58558  84606  10614  5807  8  7666  6321  2334  2265  26190  10357  56788  69429  36795  75047  66113  37468  66631  7643  29712  9503  70367  92427  98946  39459  26297  76399  13784  6013  40483  81143  61651  16853  8119  3701  83595  87239  30010  50972  79520  96243  
29192  87866  23832  35399  20348  71972  94928  6312  55034  5785  85325  37627  83330  30868  99286  63935  65784  90706  27051  42501  31333  22716  11240  33341  54707  95379  68282  21691  11074  50244  32076  70576  52610  96831  54202  17749  18013  26653  67780  43465  26271  22668  24987  57055  46723  27605  61786  74959  86015  1013  15567  81477  54433  97262  88507  12450  82240  65749  36815  65682  42072  98481  53521  61036  33228  17228  56828  95695  14670  44442  39289  39750  27838  91732  44772  
62506  17045  50412  76631  73924  80932  13753  22321  27966  9498  47661  46216  98550  97952  61721  49840  23180  88163  94946  45363  29311  17390  42463  42329  4748  86137  58970  55367  25194  27567  77312  35984  8282  92402  85076  36520  38297  71321  13874  6453  9039  71871  62189  48155  29158  20671  60302  75552  77737  73384  76174  29130  98279  60697  17399  68073  68161  93393  12371  50649  55958  63932  93609  35658  88709  50540  14181  60469  67742  74804  93116  76483  82847  98841  33208  
38673  67089  65577  38957  95916  49486  53172  49711  16197  94099  66334  98434  90240  92984  11256  55484  18613  16679  24587  34930  18195  23003  99365  15830  21670  21116  66421  70339  90851  81421  82347  91948  47166  91886  93659  54572  62187  76023  30146  36220  44231  68899  8816  26967  79263  76021  88888  81335  15303  18608  39996  68407  35760  36144  83045  94155  54906  79730  19293  80358  55809  71269  25319  15360  60579  29378  84420  71928  60795  41734  50815  47310  53855  22807  46279  
7266  57071  44183  4654  65264  37812  52140  53008  93596  98057  64090  22429  1158  10655  51547  42492  1841  54308  10751  12751  28134  95227  45273  19803  51607  67980  75503  39467  41999  58861  13907  340  37776  5487  73043  60512  30286  99495  84283  83142  83348  83012  92672  61880  75023  2149  49826  16766  51665  31750  32706  7761  2231  73575  80549  65912  42405  21985  65409  32353  99505  58260  52088  25207  4781  87586  23801  42308  85993  38683  94743  28519  95393  48847  31383  
48096  32726  45085  23408  35807  22671  1048  56042  71231  21260  7233  76715  82362  53943  70744  19000  66874  64952  45183  71391  73405  81777  82879  58367  39400  47733  33232  38567  15238  58979  64528  96365  99644  64813  75574  72077  10368  81390  86485  33398  90089  39296  61032  37217  54195  24174  62488  75156  83090  69332  28518  68085  66689  40167  4834  72027  38568  86173  20774  90514  62575  14040  47003  46943  10611  33372  41259  96013  33747  47157  87805  87726  32215  55257  85335  
56146  88095  59808  664  54822  55903  98542  25794  35553  78048  56549  20154  23489  80652  5989  42293  55390  64823  97741  41496  36026  37382  90592  44319  42885  78703  39614  18602  42376  98143  2587  29129  79923  3800  70272  39936  4806  96763  25791  73468  47510  87887  3984  35597  71704  83838  6776  5840  1390  58298  49402  4842  71395  69667  99529  60461  16965  65210  37955  22206  6154  52944  25128  62265  1289  1167  46039  95846  80859  22611  40403  82024  82878  35690  58630  
81438  14094  56713  55596  39973  5723  23791  65777  76592  49195  80960  55311  93816  85383  17667  87529  62255  96298  37049  47187  63156  68992  3825  94835  95680  16346  82970  41887  16112  60062  77635  5611  18935  31124  7178  31635  52616  18062  12700  17396  63981  63892  55436  31219  6250  26869  96492  58848  80893  14465  49998  93655  21685  69317  90163  68673  42463  76278  86240  9605  91634  91021  47460  41351  26289  30095  84927  52166  32311  53710  41805  26888  32718  92090  91527  
62476  49295  19705  26002  92414  11720  25962  70452  24828  88380  52599  8765  25938  67397  63927  49907  52853  34386  22873  16553  52939  18529  56765  20792  44188  61719  44729  63523  41925  45035  29858  14900  11131  51878  73120  84513  73650  827  47012  24412  73511  77451  31689  25330  77018  73029  84098  76889  14996  23496  15684  38389  39680  25103  15418  57047  57579  1503  57083  26553  26381  23879  28148  78764  79943  17422  31389  2665  52256  1530  24230  37893  51861  43504  79569  
50383  3131  38105  53417  31822  81576  40235  65970  16101  70711  25199  41194  59781  61924  75717  32563  53210  19903  90789  35324  51352  47383  29835  68287  39437  56423  93118  53679  54442  9951  10028  17977  85294  77589  3824  40319  794  13229  78925  98027  68628  59939  36366  25202  68296  55962  66354  580  80592  64266  14142  2105  15144  17156  2912  68419  73514  68810  61982  97376  39270  23776  11723  44914  51999  30283  54903  18134  47256  76280  64185  30011  1791  6763  35789  
90326  19255  3035  97952  80204  56425  14338  75067  98747  67073  46987  17168  62411  26904  30668  10170  49196  63953  76179  9185  75351  88030  42525  80321  96672  22225  81484  47358  72468  15114  67324  25528  39883  66140  6654  15998  48401  9516  9878  17937  26938  71557  51287  89710  25127  96815  9701  98995  78085  84009  45349  31037  69390  80891  84710  9226  24323  58010  67779  72866  2216  51341  90734  48464  41347  50678  1197  95301  6745  97055  99775  51406  1372  31138  70905  
74800  88688  68598  53866  74634  68691  95218  76042  39329  42669  94119  71137  76153  74478  31002  21200  961  78648  73917  70680  85693  91677  78825  65021  37205  7640  74931  55754  83452  45616  8397  27279  41775  83048  24637  20978  45803  86526  67512  33118  80971  37163  6691  59110  42237  56217  40222  76875  1951  29000  48120  83877  61985  56677  92045  61479  22367  10244  27078  8961  3245  64822  634  31378  55040  73218  64806  89366  97270  12183  96212  2397  92726  62093  96435  
18466  34139  41666  6309  20889  76245  36677  9414  19221  26658  17903  22479  70166  66364  79976  79126  94403  25355  48982  59499  21704  68141  18636  18312  75957  21665  42457  99995  6596  15996  44716  98628  59462  49269  29248  98541  73323  22741  37214  39349  67987  42801  37149  64980  72146  35860  39600  15834  35579  58098  29822  68595  95932  33940  39600  60211  40389  34477  40828  71998  46047  29454  29367  38649  33390  46526  11215  70214  28942  4293  11972  77095  65902  92870  80812  
89336  74119  18320  29126  59563  19128  85275  12944  91658  9928  39367  59536  99629  46067  12435  35072  58158  2059  85724  94527  5579  9104  57430  92133  47529  39892  39991  5494  79884  95888  91836  73770  28359  51404  35944  21682  81448  49398  83289  50211  13681  12926  17511  11268  33873  78931  33698  20668  94798  87364  5271  95136  86601  96829  30463  90386  96057  77974  88785  38227  14978  95903  91898  12614  61378  46740  16148  55641  62576  84215  57909  23205  50086  82489  39331  
35761  13990  37316  9898  71449  98797  13813  29784  91455  20219  66892  93409  27654  90560  85255  7268  62183  79051  29111  88217  88186  17340  77422  50768  91274  69456  50982  59616  2974  88320  59611  26366  89020  58186  16573  99740  67281  86750  2580  46762  98701  2964  87817  49914  94681  55768  12608  67968  47660  92323  26497  36119  46515  17839  52745  72051  93744  41321  25061  6570  12001  98915  24037  86021  34053  785  99265  6455  75797  24841  57554  69777  90517  53345  74521  
61004  35262  6910  62611  5144  23814  33964  54200  24789  63297  23869  90458  44798  6313  87986  31215  30053  24392  61384  66803  90311  50321  47173  69402  36591  61600  15326  78130  92185  58334  85117  57696  56274  38167  40093  87804  3746  57979  4437  72249  89798  45093  18768  89576  2028  83762  27722  62517  69470  95359  65576  27454  96778  10434  26129  14034  80541  25154  51228  64549  61813  51913  62590  94520  57732  66972  80254  9837  60766  45178  46842  24988  35317  3456  70476  
84558  70158  95079  19191  94046  12802  74433  56590  78522  41069  11783  22866  59013  12107  64371  7595  10091  82702  55497  17366  88786  14827  52524  1813  80861  5324  36534  17662  26348  553  49797  1733  99691  67648  94177  14911  84287  29366  9748  62973  70042  86794  76391  74398  62050  55326  98299  95976  66699  48588  7693  90213  97332  61830  39053  25723  394  50531  47571  52555  49576  80076  1994  20485  89077  69761  58987  88726  28344  81555  8650  9667  71460  19897  75553  
76840  48661  67594  9491  81965  4827  56831  436  90424  95268  70104  67603  13258  90255  40187  76613  89913  58600  49786  74724  40046  88567  26472  70177  22712  35585  55957  19957  69050  45190  57986  56495  47508  79438  87171  9631  13952  74777  69257  63183  43447  98679  90123  84794  38035  64970  49760  4545  69283  90269  57538  96315  51327  92544  588  53997  85573  35515  64175  20255  64502  42781  96030  5898  73481  45864  49726  18463  81342  16781  42868  43193  19647  15557  58754  
15915  34216  24303  72560  16327  85436  11345  95719  46659  15467  87799  59725  9980  68096  88846  84597  98911  64547  15375  47097  65876  26419  30679  40521  61165  28439  78030  78889  93898  95599  17939  98937  3034  80190  71291  38335  10063  76276  69736  69620  66590  68863  84443  25022  96681  1147  47858  42266  19656  62904  20155  5474  16009  45922  84270  84305  10042  36121  21200  81527  33793  21326  65453  76016  34660  63974  81008  33414  61267  26125  88085  50086  87758  95713  11544  
68292  71569  38316  51182  56500  88013  69043  84542  80577  26631  84879  22221  38606  76720  89286  69305  39144  97261  25391  32325  49825  14653  17828  89015  76148  33007  22556  38538  78487  66527  83933  36347  52813  22282  27374  7852  92351  17254  36718  7807  90233  90076  69262  35685  3597  98351  95221  6478  70501  76577  55264  75182  34098  97062  29572  21711  73755  54582  15165  3746  20911  13036  5482  85100  16793  35432  69803  20333  33448  50106  54889  69976  90174  43460  46271  
85806  88879  22575  1381  93416  98681  79335  83697  88201  13912  24134  2485  50090  62771  85959  15613  35140  77371  43229  57989  26563  21129  68880  85079  88775  1156  76086  27628  43271  31956  77238  3075  2228  77674  73306  60585  86519  7871  74371  22523  30363  4138  29918  89709  79211  34790  32581  94684  71120  11897  76102  41999  7811  40042  61783  74215  51172  39786  23379  14743  27682  10499  2992  69762  63882  89530  48774  18953  57427  87091  79866  89059  61175  41494  48420  
42031  90096  79725  8941  69221  45417  28695  38984  28352  88698  68814  10114  87176  5292  59743  88344  28574  54453  51352  93472  57617  57122  74319  35993  44415  29229  34167  11340  60712  2161  71079  77838  17769  98181  15863  74936  14335  49635  61052  42679  9366  919  42191  93701  24951  12694  1140  93318  3813  71625  20078  13603  95984  40352  72747  26081  52178  46068  58747  80432  51545  27022  12077  80546  92323  58103  70267  35058  91235  93931  96303  99872  40136  58523  85060  
99944  17603  37308  92227  54106  21243  64046  80432  80993  36752  68926  9519  1475  76000  35691  64779  67797  86599  84053  61590  55414  72587  76452  38291  33400  35415  58081  14424  59360  42117  12451  85999  86477  10312  98927  31393  24310  29005  1125  84538  31565  31712  80727  33232  51581  41774  56585  53659  84988  79396  39717  82784  56537  92230  97494  71881  3390  91110  43822  3189  4865  93474  31470  57701  68993  38968  73560  5705  65114  1645  99476  22782  60490  8330  49765  
82962  19422  69978  58475  55884  63520  64655  9153  73976  42451  96138  84691  9358  5122  76664  72195  44160  18275  36855  84623  54182  87668  38685  90879  35010  75731  89903  82178  26527  84997  68904  65191  93154  45425  93721  28527  34227  60739  85402  58558  48194  92419  16963  90260  96969  53727  79449  35087  22942  38617  58367  89365  71357  57540  28094  41546  61447  27266  90203  63480  60086  91531  63295  32993  59443  42338  3647  46971  289  91780  68273  59343  21818  93181  43456  
70060  26111  86910  93823  8004  81703  97274  17830  81152  65080  98628  2916  10561  51344  33948  20148  37952  37902  46771  5441  70184  88348  5692  3508  10940  25518  93319  76244  85819  70735  71752  91412  17847  97906  19532  10892  66305  66994  30706  83563  42636  70350  67760  3870  41450  26969  47083  70780  21584  14716  7402  70375  78814  75786  40879  26943  63979  46760  77110  41941  49941  97315  11566  32703  71924  26558  16148  64291  45788  76397  13266  61040  42479  48627  41327  
24083  98169  54383  54024  68773  58173  90197  53187  39222  80334  89166  64890  45252  65657  27550  96687  55240  92726  28136  26446  17182  95709  15541  55968  70455  87517  84399  5096  76102  41828  79790  11357  6638  55066  60551  49181  50629  84145  45442  29520  11347  31091  509  7260  24596  78306  95766  81206  28378  76772  91209  47013  13982  17428  764  23549  46080  16357  13409  30291  92611  86088  71917  85912  53617  65909  31145  92351  35631  68774  82166  41248  78366  97871  24258  
71641  39116  45417  65284  23581  93030  2754  12345  13092  89226  92868  87892  58327  40907  77353  72206  10096  31916  20856  4882  3713  86592  43630  10824  48951  79518  38811  7149  23933  2849  98879  75485  31228  52338  99503  52318  39049  17070  14947  53973  39361  96255  89149  82622  10180  21545  68710  60136  10636  26150  41735  5613  99327  8901  51456  29083  65575  56144  40949  89648  62196  95558  86223  64880  27166  603  80715  38735  85174  23917  31285  69783  32367  50914  40789  
43265  67367  89184  54687  80314  31737  79422  25712  65222  86451  18024  53219  99488  81526  13733  18902  78044  40787  94558  23402  39071  94889  76796  18763  45847  4966  7476  12450  36633  38948  48426  14020  38328  60602  88580  40069  64400  28786  79337  911  77606  29494  86516  54503  9198  19980  31624  18804  83874  33798  75201  76010  69654  74379  75437  62828  38439  52704  83903  98169  78867  49427  41132  14358  88321  81229  46194  52306  10057  33849  48068  78893  91556  39823  86932  
24239  10402  26739  95910  69567  56866  86941  61516  96714  11779  1172  44218  18456  15561  67580  65351  93072  49613  21446  39777  8203  36128  1036  85786  94031  23414  63198  3169  1205  19405  17654  30742  17324  17260  4792  88762  66663  29463  77714  73479  33390  61959  61672  93260  952  83654  34377  26639  6513  68328  49075  73461  75686  73923  83787  23489  35279  27584  38130  34956  88599  2002  51495  20370  10076  60859  9817  34119  15993  80797  21801  40197  31904  44356  65243  
15424  95268  93993  10151  657  58964  72674  48616  73930  59255  76901  73075  51210  14469  60383  4999  67594  12679  37510  32619  56734  82144  96940  5799  3856  1170  28951  43636  57238  8510  9492  88282  78852  73391  36930  30239  74245  74837  16941  32134  8586  63995  40649  7312  99482  49147  47891  65321  11823  60271  30635  67203  8633  90094  58702  63565  2148  80783  91955  38896  64404  56163  29735  48796  58277  68841  36252  97773  71976  69127  59501  22233  83423  21597  2832  
75116  75823  93396  4500  77355  3738  12933  38569  13657  43103  82718  29632  11651  61144  48551  35282  29738  88132  26936  62567  3934  3145  12429  83659  87493  60627  35712  45376  69368  53641  82750  10459  28911  95771  43646  13381  55821  62211  38830  16276  1807  53224  73385  51173  6416  63984  31653  68531  24986  39362  55518  28658  67557  10150  70474  31301  78542  380  43157  7274  10652  61060  51826  58678  89749  27887  29676  79532  91117  6198  44972  14854  15236  76830  82148  
70579  31463  12473  29458  59942  68795  90259  83769  85696  63888  65920  7253  74309  19293  83423  75109  43009  33295  12274  49691  63660  45335  98766  12408  41934  45420  75579  67858  6759  15391  94635  26386  24620  56379  55781  68028  10534  8995  41658  8066  34678  90805  46817  63978  9310  77320  10116  26948  25537  69902  47928  74455  10450  51404  36488  89952  84319  84342  65492  2632  59471  70262  49445  79426  83681  98703  93344  44565  23340  92430  14772  1673  78547  4599  45580  
19673  50846  29400  65198  47132  32355  2662  22986  74734  67234  51998  97477  50423  26026  51855  72558  76719  42181  20184  4479  48173  97133  22821  47489  19787  17935  24872  41879  43610  62203  67212  26340  89356  62457  52110  84762  325  74539  41871  46130  44619  13520  48613  72154  71823  34007  41289  6562  98416  11968  9171  20861  31160  50858  7486  66071  87577  53771  12462  14667  44767  74348  13327  84562  73560  56613  78680  71116  20208  10629  79134  59987  92480  33467  19095  
58861  85651  98753  54538  58357  35532  13778  18067  14772  91248  5228  75399  77466  60646  13198  87995  97283  21050  56615  50805  86922  54586  2662  80633  86927  67891  2701  23535  27561  64152  55461  3130  56880  58104  8692  56862  98539  68818  7041  26891  62418  57550  37439  67309  54679  34878  74115  60316  24869  16463  97816  77469  49297  9901  33930  23633  58876  89373  13357  16555  20954  32342  20407  34227  79886  62002  2838  32113  64362  12450  30477  85311  29590  81762  66474  
52138  79977  44710  11924  17043  34439  97794  37020  12834  58138  17110  35133  95272  4131  28997  69660  10016  77903  89421  31752  44351  91642  82357  64728  72927  76893  50643  85697  36139  91032  16372  1002  36452  31924  33873  73369  31802  97138  19053  68388  79974  12518  85370  60667  90944  89769  24433  80307  70658  14841  88157  8219  76338  20120  1461  48204  66590  13332  46489  47186  72150  14712  59283  78418  67376  39391  41277  66367  54072  1266  88269  34346  3462  84390  78414  
98310  70563  91956  81459  67752  44730  40174  54970  28522  45325  75357  72725  48180  13585  34706  24842  40958  76708  40676  878  41154  40745  22438  19645  57001  11413  46239  82822  71178  76790  35239  43886  68922  33568  89264  65848  40587  25244  77156  21848  53079  51890  97269  76166  17633  73593  12043  39041  45719  85150  45364  88765  85953  86842  17074  35038  48021  92289  59662  49230  61701  44479  30343  89134  84522  36677  63921  94554  95735  6401  87429  79364  25223  91476  42975  
97757  10973  9785  90304  87815  15474  81342  74313  45990  61250  52301  73881  72657  97720  6054  66351  96742  19243  36991  67572  47146  79165  48085  96079  67917  15940  99187  42890  85056  69495  38790  471  57024  39759  26445  85728  45522  27496  99634  92623  67367  25145  77329  29796  39102  15085  55742  84180  83812  59756  44515  25286  35777  21050  16569  2592  31132  10465  76955  8097  5428  52730  91000  68770  79316  98775  13203  12632  12665  38430  111  88237  69441  5014  59352  
60321  8565  8159  32443  85851  56721  15708  94733  9172  91596  84324  30224  22935  82212  6108  54899  98034  49101  3557  464  66233  64217  93535  38314  97592  19144  28140  10577  90734  71168  25582  15637  15686  11890  27610  9022  95997  71958  4472  96837  65427  11630  66310  19767  83686  46142  65155  46170  84131  13230  73111  93237  57631  66833  40907  19128  19523  42466  70631  3693  50929  78165  98057  87849  90854  99066  54728  54945  64839  31117  76836  86138  27545  47379  31637  
68424  12281  59452  6661  81623  30510  48597  62373  45303  94186  11491  39286  31122  81454  68903  36497  2050  20148  36680  77721  67299  43660  72906  72680  777  24213  79824  42681  48652  84816  91456  82152  45228  95081  80577  88886  66878  88001  22947  87364  2107  48590  96174  49934  19076  72767  32558  44384  76454  2177  26947  67114  51718  93807  77380  66651  92446  61109  84025  97196  53487  56266  21615  9328  48410  469  34033  97669  17797  96369  87504  60321  49158  16173  97020  
36010  64992  5735  5470  41996  15142  73480  77539  96272  73709  39052  48521  53934  26940  84701  22963  37678  86468  8288  40417  78978  45380  93808  96217  51527  90560  4191  31788  60557  2225  69648  27488  83173  13397  32449  26405  85609  55922  88840  87225  37554  85522  98131  91727  50580  29062  36341  61447  65834  42638  71048  14580  82844  65703  53748  16549  69093  99084  26852  99954  25835  69983  6759  99119  75483  80884  37234  43646  95625  44173  29721  18165  28719  48071  90798  
65932  4952  80002  97808  59373  48123  27611  6873  72013  91416  86086  33724  85783  30607  84055  65644  2799  95778  96334  62974  23684  75918  67536  94685  36463  87250  57914  6873  45019  95024  46881  31982  54879  63778  9719  21086  46116  44933  37419  45101  32737  16924  39907  45787  12191  81358  91149  87036  30405  82600  35199  4408  29880  31904  33128  16881  11637  38758  71647  71288  12973  36924  46391  94308  46578  97440  16225  48996  89768  79526  269  35083  59626  75647  42526  
88442  7662  58631  16751  1967  78081  70212  35087  16203  67112  49471  23630  68671  48144  37642  97034  82289  20821  22768  18925  59509  32807  62073  999  81306  74428  18208  95175  92085  8701  18557  495  93746  67413  63159  56944  42546  76085  46  65405  26278  39810  8125  28249  47114  64634  69614  38931  65015  52930  62329  99342  58050  93748  36924  79559  16878  94337  37498  24349  76851  65386  33798  1866  11102  48706  47443  20407  52058  18086  24104  17186  91627  50434  48775  
30313  43239  17667  90388  27392  79111  13578  39771  83118  2923  20581  29292  9976  29401  51007  72685  76724  11024  57518  49718  59620  36650  46951  8027  81300  16801  31254  50675  19279  68297  46749  78700  7502  4258  77254  398  88797  13166  61556  28066  91584  508  37037  22756  33750  21299  4312  24724  35237  96420  49212  56121  12719  99400  63234  81117  99398  29008  19137  31286  60869  5038  91525  22087  63670  37341  12501  15216  50634  40938  30373  76467  48219  38096  12829  
74848  89722  62925  44650  83888  4162  62080  13080  37698  97043  86133  4643  14892  28952  46382  18916  82417  28420  6196  34167  59225  19844  88611  16598  1214  93870  35159  49634  53033  33322  27129  96102  54977  56632  20761  20158  65769  48372  78581  52008  89421  30775  49184  54845  9535  19059  28089  55301  6687  29342  13774  18502  14944  6973  51762  63854  41331  48581  58930  14238  81171  55462  38834  12281  74805  17425  9958  64755  51496  51138  82226  90057  50359  86757  51261  
7478  10529  24837  15533  94826  37071  87595  26169  22585  84414  89713  97049  60892  92923  8375  39381  16819  53211  33938  86265  42082  88751  79066  7194  382  97731  29486  28959  2999  32196  9077  6885  43780  2910  11052  15767  84455  47723  15009  31794  33465  79122  44127  8511  46404  28080  78084  22192  1446  87594  29536  18240  69612  7098  83723  14636  34339  74756  82041  4485  62781  61669  95175  77  14704  61198  13568  7786  65098  46705  70933  2083  58598  24294  74214  
47263  90493  46111  6816  40571  86345  3115  44167  13962  65228  38188  37563  87314  62745  103  52736  18720  5716  26221  14481  93518  77774  54380  66963  91006  24511  64067  42605  9515  27192  54656  34752  3593  59157  85571  30520  536  8000  62081  34889  41574  52116  8841  69942  40429  69961  10661  54692  53392  35438  4475  94697  93835  31195  73258  36730  66569  80878  82377  42250  5924  95909  34336  24543  37473  47124  92424  97307  2777  64816  44541  87291  91725  35514  2267  
15877  47152  94067  99627  25637  34992  38292  50975  94276  92521  52013  99223  3213  55641  4403  24173  65106  32776  86247  30872  71731  92968  29233  98856  25550  88218  51023  87590  60010  12101  96479  9868  7729  53147  57137  98314  25206  89893  35371  34038  43715  9985  14889  19486  30019  28066  97560  73716  23022  14090  37288  6627  63912  25755  2762  6781  18249  28521  88595  43526  15887  23327  19934  17826  15261  62380  45847  37939  52310  93527  70144  71240  82086  18753  76331  
89433  24953  34546  84819  57438  78438  44055  61426  97429  28596  91757  1608  66778  6740  31170  27787  45185  18346  10715  55673  11892  7679  85247  23993  11953  95629  60652  20453  76311  18493  98516  12036  15133  96818  48183  70292  50007  79823  72798  55223  54346  89184  76388  2550  30572  80143  27461  38968  88394  99104  55812  92073  71539  87656  44393  25771  3697  68287  28115  52541  62898  97616  59328  30636  89210  65197  86270  48420  77928  285  77132  62623  27610  11173  65598  
84464  18346  58207  91435  86321  83204  32733  73834  52681  74221  1452  25153  61109  95617  3029  47387  66833  2647  82947  39199  7808  38267  46342  1597  51374  33203  41917  32240  72625  65568  63473  17406  79631  77608  78103  5819  54475  25292  51253  28648  8696  60724  48778  5966  87534  93027  47031  1665  42706  71828  30572  25374  55792  16634  94799  20805  3426  35442  52008  9828  30782  63730  70916  46495  81274  68325  82471  12373  30679  24193  69799  12458  69011  60394  74985  
38513  92799  33023  24830  23940  96194  9493  38928  36121  57922  86209  98211  22080  81161  55848  8526  62930  75645  52260  85633  12922  53231  49581  1338  43901  93618  96002  46531  21153  31537  97429  36718  39897  38501  77724  83102  87488  74117  24428  38051  98002  32377  74941  46644  58282  25258  73266  9101  49582  27826  77831  19869  12394  68299  26447  75354  55022  31530  29  53515  57901  94022  42012  11000  61977  97417  41225  74990  10694  62992  18722  49651  92409  89540  55046  
8793  40379  32659  11348  18657  81831  83688  52658  57678  87417  68004  26630  1694  34377  75181  57082  57386  58722  33982  56559  3896  55209  67641  84341  36224  53844  6507  38255  80258  80180  65234  65780  41217  86252  37116  87123  8492  20830  97258  58700  38915  49107  81340  83921  5092  47688  67083  98902  14872  47699  25614  32444  39215  80277  4637  31592  60807  67141  48499  56836  29920  72265  53677  66280  92322  77820  10447  43972  65684  77897  96845  63658  37132  1110  79469  
4637  28768  61189  74305  40543  63899  63610  7040  14486  5020  11009  16084  25513  87532  86791  24658  85374  17322  59166  18896  11365  29808  13104  5198  76941  30016  74058  40275  88969  88818  85200  4732  95368  62786  70105  81503  91219  40082  41048  21763  59019  84459  84082  17834  79240  46549  92305  45240  59032  69881  