24063  25846  42840  66198  83674  17380  46494  69030  63980  79461  81390  56733  53589  34822  27866  69700  60912  39784  23098  59503  57230  16334  68824  62384  95188  92227  42138  86736  70897  11866  72770  30348  55079  62799  56370  66729  47691  10610  11068  22613  84345  50421  9780  37747  5396  53207  52717  68327  41714  85226  8075  59801  88107  34963  72714  99851  22209  18364  72798  31961  85393  63525  72671  29958  31324  27693  75930  20332  57423  22079  17268  84982  23640  56334  88145  
69064  19561  31149  39216  6256  5953  16106  50410  97588  34391  58535  87422  86765  91068  51628  5359  29627  86849  35511  86171  18619  14822  17836  54424  41474  11484  49991  25840  66437  66225  74851  70051  81966  91979  87205  94716  18861  69378  98660  46381  68193  19553  66317  59867  1946  2902  28165  91252  12886  41507  36509  64515  32347  43550  9060  46584  78229  94359  88655  59911  30966  396  42154  33404  56918  88544  76812  84616  86600  30376  58469  38926  43067  28592  68070  
47189  22127  49467  42516  54152  12228  7376  39783  21830  49431  2801  11994  50305  65468  65306  93822  3800  90884  92579  12974  66115  44535  42279  26957  52256  44565  87133  62553  33143  91882  61337  12397  21483  27568  10278  10740  81108  46580  31234  48792  14800  165  43605  33800  59995  94680  95187  34991  53250  89447  2069  8616  20170  6744  93380  72121  32379  66615  18159  72522  47834  2515  60073  9716  50057  21989  97461  78033  7107  51763  49598  16122  42247  97462  6933  
60422  53837  48675  66542  58840  89013  87073  33964  86718  76778  10484  82220  89940  93304  40185  81641  8783  90584  45698  29714  424  26900  34379  53334  881  47523  26287  97738  73238  54689  27224  65961  11459  81881  35013  49181  8959  6179  5630  54285  18850  4872  95361  8626  34342  19996  2047  39589  59259  9930  69398  72341  78005  48778  98143  20740  84061  52456  4979  36471  63929  905  85316  67055  34655  28173  52003  81231  31710  41788  20200  75003  66844  47030  94991  
19895  45380  39770  9991  11994  79808  38761  7689  94066  55111  37345  29599  49911  72560  74302  76762  85511  94192  14827  79680  2588  9157  56773  81657  23348  16379  13775  43104  28159  52147  70417  93968  73151  76136  40356  84200  8738  37680  7950  75685  21901  47354  28230  91499  52013  2248  33756  1057  49926  6102  22505  92795  96503  63555  52886  56919  77223  6094  80446  63538  41098  91470  34536  19212  68198  70056  69724  5174  83998  56866  65540  89180  10708  37071  22546  
39478  3811  86113  1607  1589  39992  21231  89999  76833  21147  92199  30446  6811  68784  9520  30432  51196  8817  3192  88647  18513  1687  84542  91850  49231  70746  65000  95811  32610  20200  39411  59305  16881  19045  76697  88434  9211  46100  70807  58042  39065  23832  60627  3068  78528  80354  35223  26201  45947  14406  79974  55554  64314  20644  77769  54110  7621  51984  40846  36508  72303  7446  96103  25907  51592  30437  16584  49413  50398  21014  30707  40410  64610  755  22766  
32032  80720  55920  53590  19215  81328  35487  83832  49736  12443  986  52986  52549  33242  42478  720  84675  99996  38674  64056  23487  46660  91681  21312  84374  77068  36827  67082  15795  96582  89930  7245  21591  83082  24812  85400  84270  85141  19493  16116  12291  75085  6252  16333  36518  20974  39740  6337  53173  53352  84317  17442  52453  49353  70892  57478  65675  49936  47807  68743  74819  75284  88805  92748  59940  79032  53345  72941  19983  44597  20509  12012  84015  32615  44904  
25327  1947  3308  68451  58263  8732  91767  33140  76887  11916  13876  61726  23679  85863  93213  100  64852  18813  44596  5919  35398  48662  4511  42576  18093  63407  42469  74529  55580  52393  50124  18407  85954  45573  35132  32527  17824  70408  80097  31091  36404  57544  49205  39257  20912  10470  69904  81581  51317  8829  14798  37447  12848  46395  62063  21224  64777  35883  83495  9056  15733  6077  20455  91718  15844  68162  67223  62268  44085  93730  3193  34858  56831  85429  28309  
88611  19908  16666  38782  33769  93879  93564  24128  79605  59255  86942  88927  84002  61651  54458  33860  97706  37046  45894  28500  80288  66909  59342  35396  44814  80443  35136  99720  7436  97730  94484  9808  41886  36501  34164  46221  98190  93503  71008  45806  50267  87626  56472  35489  9331  12472  67753  43756  54159  21389  4350  32710  51193  96737  14533  92000  90832  17380  96082  4033  69532  78130  56131  97501  29062  8810  15660  18534  46114  12700  30755  25196  87607  79393  51987  
8450  25497  7156  88026  44580  60449  39039  45366  33118  49000  9560  14770  46548  54993  62452  47845  29703  81849  60036  64397  23222  36680  39236  60534  96573  66854  45948  70876  19848  83977  69135  36933  57122  37957  58613  99389  70505  80145  43548  21706  57692  64403  8785  53935  10910  64010  99686  92995  37549  33947  37105  55046  47475  91650  38893  91787  88591  34997  86584  69750  57968  10588  26903  22775  3986  50711  57304  16557  48226  84060  26461  62161  66124  48130  88605  
53370  85428  19924  5030  17987  75533  90065  55646  78851  57778  51634  71398  72837  61082  93835  64626  61585  65299  53915  37239  24035  52580  83072  51775  85151  49250  35167  86376  30717  37940  95390  93096  61647  49621  22815  60839  84840  27236  31950  2185  33756  72698  29510  18859  67606  28580  74757  53947  96650  34149  66796  68058  18196  61835  80980  85367  94048  82724  88832  73566  43059  51835  13145  26828  83655  43111  13952  65083  64190  90111  69102  21259  19978  35157  8477  
48751  29156  78726  86978  51347  61299  13956  41005  61634  28475  58930  27795  6834  85869  42378  57712  93528  98321  7221  34005  79848  48187  17604  69827  44879  8534  5343  15940  24444  70146  54755  62863  3759  49977  76210  89781  90150  37270  32014  5655  26210  38001  182  78396  23506  9757  94848  13043  12658  31854  38343  26451  90885  8310  92101  39060  19089  24457  30192  15948  8647  49540  79835  4819  36112  35409  54381  26318  16298  88033  52147  62874  11075  93673  43786  
94471  79150  88983  46388  20871  26416  28890  65228  23767  51246  6631  50766  77629  27689  71926  81636  431  2981  92864  42307  3790  34491  60986  40113  81149  66902  1800  14827  71041  2109  16547  35029  18774  97977  4280  48930  47667  37945  99706  48485  83764  38574  9860  22038  36601  89250  25100  47343  35949  16760  79195  44804  69681  45730  8397  75617  22732  19678  36905  53038  4151  42496  54045  59007  77433  7758  18550  77018  37562  55718  32365  17793  35367  73399  66286  
15202  52353  62596  64786  24440  18980  19188  3214  88727  18921  21423  72872  49400  23125  56065  71060  21373  10111  68364  77806  21605  78656  27654  56326  38398  