99996  99851  99720  99706  99686  99389  98660  98321  98190  98143  97977  97738  97730  97706  97588  97501  97462  97461  96737  96650  96582  96573  96503  96103  96082  95811  95390  95361  95188  95187  94991  94848  94716  94680  94484  94471  94359  94192  94066  94048  93968  93879  93835  93822  93730  93673  93564  93528  93503  93380  93304  93213  93096  92995  92864  92795  92748  92579  92227  92199  92101  92000  91979  91882  91850  91787  91767  91718  91681  91650  91499  91470  91252  91068  90885  
90884  90832  90584  90150  90111  90065  89999  89940  89930  89781  89447  89250  89180  89013  88983  88927  88832  88805  88727  88655  88647  88611  88605  88591  88544  88434  88145  88107  88033  88026  87626  87607  87422  87205  87133  87073  86978  86942  86849  86765  86736  86718  86600  86584  86376  86171  86113  85954  85869  85863  85511  85429  85428  85400  85393  85367  85316  85226  85151  85141  84982  84840  84675  84616  84542  84374  84345  84317  84270  84200  84061  84060  84015  84002  83998  
83977  83832  83764  83674  83655  83495  83082  83072  82724  82220  81966  81881  81849  81657  81641  81636  81581  81390  81328  81231  81149  81108  80980  80720  80446  80443  80354  80288  80145  80097  79974  79848  79835  79808  79680  79605  79461  79393  79195  79150  79032  78851  78726  78656  78528  78396  78229  78130  78033  78005  77806  77769  77629  77433  77223  77068  77018  76887  76833  76812  76778  76762  76697  76210  76136  75930  75685  75617  75533  75284  75085  75003  74851  74819  74757  
74529  74302  73566  73399  73238  73151  72941  72872  72837  72798  72770  72714  72698  72671  72560  72522  72341  72303  72121  71926  71398  71060  71041  71008  70897  70892  70876  70807  70746  70505  70417  70408  70146  70056  70051  69904  69827  69750  69724  69700  69681  69532  69398  69378  69135  69102  69064  69030  68824  68784  68743  68451  68364  68327  68198  68193  68162  68070  68058  67753  67606  67223  67082  67055  66909  66902  66854  66844  66796  66729  66615  66542  66437  66317  66286  
66225  66198  66124  66115  65961  65675  65540  65468  65306  65299  65228  65083  65000  64852  64786  64777  64626  64610  64515  64403  64397  64314  64190  64056  64010  63980  63929  63555  63538  63525  63407  62874  62863  62799  62596  62553  62452  62384  62268  62161  62063  61835  61726  61651  61647  61634  61585  61337  61299  61082  60986  60912  60839  60627  60534  60449  60422  60073  60036  59995  59940  59911  59867  59801  59503  59342  59305  59259  59255  59007  58930  58840  58613  58535  58469  
58263  58042  57968  57778  57712  57692  57544  57478  57423  57304  57230  57122  56919  56918  56866  56831  56773  56733  56472  56370  56334  56326  56131  56065  55920  55718  55646  55580  55554  55111  55079  55046  54993  54755  54689  54458  54424  54381  54285  54159  54152  54110  54045  53947  53935  53915  53837  53590  53589  53370  53352  53345  53334  53250  53207  53173  53038  52986  52886  52717  52580  52549  52456  52453  52393  52353  52256  52147  52147  52013  52003  51987  51984  51835  51775  
51763  51634  51628  51592  51347  51317  51246  51196  51193  50766  50711  50421  50410  50398  50305  50267  50124  50057  49991  49977  49936  49926  49911  49736  49621  49598  49540  49467  49431  49413  49400  49353  49250  49231  49205  49181  49000  48930  48792  48778  48751  48675  48662  48485  48226  48187  48130  47845  47834  47807  47691  47667  47523  47475  47354  47343  47189  47030  46660  46584  46580  46548  46494  46395  46388  46381  46221  46114  46100  45948  45947  45894  45806  45730  45698  
45573  45380  45366  44904  44879  44814  44804  44597  44596  44580  44565  44535  44085  43786  43756  43605  43550  43548  43111  43104  43067  43059  42840  42576  42516  42496  42478  42469  42378  42307  42279  42247  42154  42138  41886  41788  41714  41507  41474  41098  41005  40846  40410  40356  40185  40113  39992  39784  39783  39770  39740  39589  39478  39411  39257  39236  39216  39065  39060  39039  38926  38893  38782  38761  38674  38574  38398  38343  38001  37957  37945  37940  37747  37680  37562  
37549  37447  37345  37270  37239  37105  37071  37046  36933  36905  36827  36680  36601  36518  36509  36508  36501  36471  36404  36112  35949  35883  35511  35489  35487  35409  35398  35396  35367  35223  35167  35157  35136  35132  35029  35013  34997  34991  34963  34858  34822  34655  34536  34491  34391  34379  34342  34164  34149  34005  33964  33947  33860  33800  33769  33756  33756  33404  33242  33143  33140  33118  32710  32615  32610  32527  32379  32365  32347  32032  32014  31961  31950  31854  31710  
31324  31234  31149  31091  30966  30755  30717  30707  30446  30437  30432  30376  30348  30192  29958  29714  29703  29627  29599  29510  29156  29062  28890  28592  28580  28500  28475  28309  28230  28173  28165  28159  27866  27795  27693  27689  27654  27568  27236  27224  26957  26903  26900  26828  26461  26451  26416  26318  26287  26210  26201  25907  25846  25840  25497  25327  25196  25100  24812  24457  24444  24440  24128  24063  24035  23832  23767  23679  23640  23506  23487  23348  23222  23125  23098  
22815  22775  22766  22732  22613  22546  22505  22209  22127  22079  22038  21989  21901  21830  21706  21605  21591  21483  21423  21389  21373  21312  21259  21231  21224  21147  21014  20974  20912  20871  20740  20644  20509  20455  20332  20200  20200  20170  19996  19983  19978  19924  19908  19895  19848  19678  19561  19553  19493  19215  19212  19188  19089  19045  18980  18921  18861  18859  18850  18813  18774  18619  18550  18534  18513  18407  18364  18196  18159  18093  17987  17836  17824  17793  17604  
17442  17380  17380  17268  16881  16760  16666  16584  16557  16547  16379  16334  16333  16298  16122  16116  16106  15948  15940  15844  15795  15733  15660  15202  14827  14827  14822  14800  14798  14770  14533  14406  13956  13952  13876  13775  13145  13043  12974  12886  12848  12700  12658  12472  12443  12397  12291  12228  12012  11994  11994  11916  11866  11484  11459  11075  11068  10910  10740  10708  10610  10588  10484  10470  10278  10111  9991  9930  9860  9808  9780  9757  9716  9560  9520  
9331  9211  9157  9060  9056  8959  8829  8817  8810  8785  8783  8738  8732  8647  8626  8616  8534  8477  8450  8397  8310  8075  7950  7758  7689  7621  7446  7436  7376  7245  7221  7156  7107  6933  6834  6811  6744  6631  6337  6256  6252  6179  6102  6094  6077  5953  5919  5655  5630  5396  5359  5343  5174  5030  4979  4872  4819  4511  4350  4280  4151  4033  3986  3811  3800  3790  3759  3308  3214  3193  3192  3068  2981  2902  2801  
2588  2515  2248  2185  2109  2069  2047  1947  1946  1800  1687  1607  1589  1057  986  905  881  755  720  431  424  396  182  165  100  