99995  99973  99973  99954  99951  99944  99943  99940  99931  99928  99879  99879  99872  99870  99867  99864  99854  99852  99849  99839  99816  99810  99802  99775  99760  99758  99757  99742  99741  99740  99739  99727  99691  99680  99680  99660  99649  99644  99634  99629  99627  99622  99611  99608  99577  99569  99568  99566  99547  99546  99529  99527  99520  99505  99505  99503  99495  99488  99482  99476  99468  99467  99454  99448  99433  99421  99419  99412  99400  99398  99391  99387  99365  99355  99348  
99342  99339  99337  99327  99320  99317  99306  99298  99286  99284  99280  99265  99262  99251  99245  99226  99223  99208  99207  99205  99201  99190  99187  99178  99173  99163  99142  99137  99119  99117  99104  99098  99084  99066  99052  99038  99032  99032  99008  99000  98995  98963  98962  98949  98949  98946  98945  98943  98937  98927  98915  98913  98911  98902  98898  98897  98893  98881  98879  98856  98841  98812  98797  98777  98775  98766  98753  98748  98747  98722  98703  98701  98693  98681  98679  
98676  98676  98663  98640  98628  98628  98628  98598  98573  98550  98542  98541  98539  98533  98525  98516  98514  98481  98481  98481  98479  98469  98467  98462  98452  98443  98441  98434  98416  98392  98392  98366  98363  98362  98351  98343  98326  98314  98310  98299  98279  98273  98254  98245  98232  98211  98199  98192  98182  98182  98181  98173  98169  98169  98157  98152  98143  98131  98130  98118  98116  98113  98107  98107  98104  98101  98071  98057  98057  98034  98029  98029  98028  98027  98018  
98005  98002  97986  97975  97952  97952  97936  97935  97906  97906  97895  97884  97871  97867  97866  97864  97841  97816  97808  97797  97794  97790  97785  97773  97772  97768  97757  97750  97743  97741  97731  97724  97720  97712  97669  97667  97665  97663  97616  97616  97599  97592  97575  97560  97544  97509  97494  97478  97477  97474  97472  97461  97440  97429  97429  97425  97417  97416  97414  97412  97403  97380  97376  97375  97370  97355  97337  97336  97332  97329  97315  97307  97300  97298  97295  
97283  97282  97277  97274  97270  97269  97265  97262  97261  97258  97248  97222  97208  97206  97196  97195  97159  97154  97148  97141  97138  97138  97134  97133  97109  97082  97074  97071  97066  97064  97062  97057  97055  97049  97047  97046  97043  97036  97034  97020  97012  97003  96994  96991  96978  96969  96960  96949  96948  96943  96940  96896  96886  96873  96845  96837  96831  96829  96820  96818  96815  96805  96803  96788  96778  96778  96763  96761  96742  96738  96714  96713  96701  96687  96681  
96672  96649  96637  96624  96621  96594  96577  96564  96555  96542  96511  96501  96492  96479  96463  96435  96432  96432  96429  96420  96390  96377  96369  96365  96364  96362  96346  96345  96334  96315  96311  96310  96309  96303  96298  96295  96295  96272  96262  96255  96252  96243  96243  96217  96212  96208  96199  96196  96194  96189  96174  96172  96162  96147  96140  96138  96109  96102  96089  96079  96057  96042  96039  96030  96026  96024  96022  96020  96013  96002  96000  95997  95986  95984  95976  
95962  95932  95916  95910  95910  95909  95903  95888  95870  95856  95846  95830  95812  95808  95801  95798  95782  95778  95776  95775  95771  95766  95765  95752  95742  95735  95719  95716  95713  95709  95695  95680  95672  95667  95656  95655  95646  95629  95625  95621  95621  95617  95602  95599  95588  95582  95576  95569  95559  95558  95558  95550  95544  95537  95530  95529  95481  95480  95480  95476  95456  95435  95430  95393  95393  95379  95368  95359  95350  95348  95346  95341  95330  95324  95308  
95301  95294  95272  95268  95268  95254  95251  95248  95242  95227  95221  95218  95213  95176  95175  95175  95157  95136  95128  95123  95117  95113  95097  95088  95083  95081  95079  95067  95066  95049  95045  95024  95014  94994  94965  94946  94928  94903  94889  94884  94858  94846  94835  94834  94834  94826  94826  94825  94812  94806  94799  94798  94770  94743  94739  94735  94733  94717  94700  94697  94695  94685  94684  94681  94679  94656  94647  94635  94635  94625  94609  94608  94602  94573  94568  
94558  94554  94554  94553  94550  94548  94541  94527  94524  94520  94486  94472  94458  94413  94403  94397  94371  94361  94339  94338  94337  94308  94299  94276  94276  94274  94272  94270  94264  94255  94216  94216  94189  94186  94177  94165  94155  94155  94139  94135  94129  94123  94119  94113  94106  94103  94099  94091  94076  94067  94046  94036  94034  94031  94022  94019  94016  93999  93993  93988  93982  93960  93955  93937  93931  93924  93899  93898  93890  93888  93876  93870  93860  93847  93843  
93840  93839  93835  93823  93818  93816  93808  93807  93804  93795  93793  93782  93774  93768  93748  93746  93744  93733  93721  93706  93701  93659  93655  93651  93628  93626  93618  93609  93606  93596  93595  93583  93549  93535  93534  93534  93527  93518  93516  93513  93510  93501  93498  93496  93493  93477  93474  93472  93472  93461  93450  93432  93416  93409  93396  93393  93353  93344  93341  93332  93326  93319  93318  93315  93262  93260  93241  93237  93216  93198  93181  93180  93159  93154  93132  
93120  93119  93118  93116  93111  93099  93077  93072  93053  93030  93027  93014  93013  93006  92984  92968  92966  92964  92960  92952  92948  92923  92909  92907  92878  92871  92870  92868  92865  92844  92826  92799  92788  92776  92759  92744  92741  92739  92726  92726  92725  92682  92679  92672  92659  92649  92643  92638  92629  92623  92611  92605  92586  92576  92544  92538  92536  92521  92480  92470  92455  92446  92446  92430  92427  92427  92424  92419  92414  92409  92402  92393  92381  92351  92351  
92351  92323  92323  92322  92305  92289  92287  92278  92270  92268  92250  92239  92230  92227  92220  92207  92194  92185  92176  92172  92161  92133  92124  92115  92090  92085  92073  92064  92061  92059  92045  92043  92017  92007  92003  91980  91956  91955  91948  91948  91942  91921  91898  91886  91836  91792  91780  91757  91743  91732  91732  91730  91727  91725  91700  91697  91677  91672  91662  91662  91658  91642  91634  91627  91601  91596  91594  91584  91556  91553  91545  91542  91531  91527  91527  
91525  91525  91520  91514  91499  91481  91476  91471  91456  91455  91453  91436  91435  91423  91416  91412  91408  91398  91382  91376  91373  91369  91339  91309  91297  91293  91286  91282  91278  91274  91272  91267  91256  91251  91248  91242  91235  91235  91230  91221  91219  91209  91209  91188  91188  91178  91176  91162  91154  91149  91117  91110  91099  91087  91080  91051  91032  91021  91006  91000  90993  90992  90982  90982  90979  90973  90960  90958  90945  90944  90942  90931  90918  90915  90883  
90879  90862  90854  90851  90851  90835  90825  90809  90805  90798  90790  90789  90782  90760  90757  90742  90738  90734  90734  90734  90729  90714  90706  90706  90693  90661  90658  90636  90634  90632  90592  90584  90577  90571  90567  90560  90560  90544  90542  90539  90525  90517  90514  90493  90485  90485  90465  90464  90458  90457  90424  90409  90407  90394  90388  90386  90343  90328  90326  90320  90316  90316  90314  90311  90304  90297  90286  90276  90275  90269  90262  90260  90259  90255  90244  
90240  90233  90226  90220  90213  90204  90203  90197  90180  90178  90178  90174  90163  90128  90128  90123  90097  90096  90094  90089  90076  90058  90057  90045  90041  89975  89964  89952  89945  89913  89913  89903  89896  89893  89887  89866  89855  89849  89845  89843  89838  89815  89798  89787  89781  89769  89768  89765  89762  89761  89752  89749  89730  89723  89722  89720  89713  89710  89709  89695  89691  89664  89657  89648  89641  89630  89597  89592  89592  89583  89578  89576  89546  89540  89536  
89530  89518  89515  89482  89479  89449  89433  89421  89421  89409  89400  89373  89366  89365  89356  89340  89336  89319  89303  89303  89286  89265  89264  89234  89230  89229  89226  89210  89207  89204  89204  89201  89184  89184  89175  89171  89166  89149  89146  89143  89134  89083  89078  89077  89060  89059  89024  89022  89020  89015  88998  88976  88971  88969  88963  88961  88956  88936  88931  88911  88906  88888  88886  88883  88879  88878  88866  88858  88846  88840  88818  88797  88786  88786  88785  
88776  88775  88765  88762  88762  88751  88737  88726  88710  88710  88709  88698  88688  88686  88679  88642  88629  88611  88611  88599  88595  88595  88580  88576  88574  88571  88567  88563  88553  88538  88508  88507  88506  88502  88483  88482  88464  88453  88442  88442  88426  88419  88402  88394  88387  88380  88350  88348  88344  88335  88321  88320  88315  88310  88309  88282  88277  88271  88270  88269  88261  88256  88243  88241  88238  88237  88237  88225  88218  88217  88212  88206  88201  88195  88191  
88186  88168  88163  88161  88157  88152  88149  88143  88132  88113  88111  88105  88095  88085  88069  88056  88047  88035  88030  88028  88013  88002  88001  87995  87990  87989  87986  87984  87961  87956  87924  87892  87887  87886  87874  87866  87854  87850  87849  87835  87823  87817  87817  87815  87815  87813  87810  87805  87805  87804  87802  87799  87793  87792  87787  87776  87770  87758  87740  87736  87726  87719  87717  87697  87690  87668  87656  87647  87639  87633  87632  87625  87619  87595  87594  
87592  87590  87586  87581  87577  87577  87577  87545  87535  87534  87532  87529  87529  87521  87517  87504  87496  87493  87488  87480  87454  87446  87444  87429  87423  87417  87406  87405  87400  87388  87364  87364  87337  87336  87332  87314  87296  87291  87271  87270  87251  87250  87241  87239  87225  87213  87213  87204  87202  87181  87176  87172  87171  87157  87123  87097  87092  87091  87077  87070  87053  87037  87036  86989  86961  86959  86941  86940  86932  86927  86922  86910  86903  86897  86874  
86862  86842  86839  86821  86810  86806  86800  86800  86794  86791  86785  86782  86769  86757  86756  86750  86742  86714  86699  86682  86653  86646  86623  86614  86601  86601  86599  86599  86592  86578  86563  86553  86540  86526  86526  86522  86519  86516  86511  86493  86485  86477  86468  86451  86422  86412  86379  86365  86345  86321  86293  86270  86265  86262  86260  86259  86257  86252  86247  86247  86246  86240  86226  86223  86209  86195  86173  86173  86163  86138  86137  86136  86136  86133  86133  
86124  86097  86096  86092  86088  86086  86058  86024  86021  86015  86012  86009  85999  85993  85989  85983  85975  85969  85968  85966  85959  85953  85937  85923  85912  85912  85898  85897  85881  85874  85851  85842  85838  85834  85819  85806  85788  85786  85783  85776  85770  85735  85728  85724  85723  85697  85696  85693  85666  85662  85651  85640  85633  85609  85589  85579  85574  85573  85571  85553  85548  85535  85522  85518  85509  85504  85491  85487  85447  85439  85436  85432  85421  85402  85388  
85383  85374  85373  85370  85335  85325  85311  85311  85311  85294  85284  85275  85255  85253  85247  85244  85216  85208  85200  85183  85181  85178  85174  85171  85160  85150  85150  85134  85124  85119  85117  85112  85106  85100  85097  85095  85090  85084  85079  85076  85061  85060  85056  85055  85046  85043  85041  85027  85016  85015  85014  85006  85005  84999  84997  84993  84992  84988  84988  84976  84927  84924  84917  84902  84899  84883  84883  84881  84879  84871  84869  84852  84848  84845  84832  
84819  84816  84806  84800  84794  84786  84780  84768  84767  84762  84755  84730  84710  84706  84703  84701  84691  84670  84669  84667  84649  84644  84623  84606  84597  84595  84581  84568  84562  84558  84542  84539  84538  84522  84513  84486  84476  84476  84464  84462  84460  84459  84455  84452  84451  84443  84440  84427  84420  84414  84409  84399  84390  84389  84374  84344  84342  84341  84332  84324  84319  84319  84305  84291  84287  84283  84270  84268  84267  84265  84239  84224  84223  84216  84215  
84204  84203  84198  84196  84180  84174  84174  84145  84139  84139  84131  84098  84092  84082  84078  84073  84055  84053  84032  84025  84009  84008  83990  83990  83937  83933  83921  83903  83903  83888  83881  83877  83874  83868  83846  83844  83838  83836  83825  83825  83814  83812  83811  83807  83804  83791  83787  83769  83762  83738  83733  83723  83722  83716  83697  83688  83688  83688  83686  83681  83674  83659  83656  83654  83653  83620  83608  83595  83568  83563  83549  83549  83536  83517  83512  
83512  83504  83490  83478  83452  83438  83423  83423  83413  83408  83395  83391  83390  83348  83330  83327  83290  83289  83270  83269  83261  83251  83250  83246  83238  83237  83217  83204  83202  83200  83194  83186  83173  83171  83162  83156  83142  83128  83118  83102  83090  83090  83087  83063  83061  83048  83045  83027  83012  82970  82970  82969  82966  82962  82954  82950  82947  82944  82937  82932  82930  82918  82889  82879  82878  82867  82857  82847  82844  82824  82822  82807  82800  82786  82784  
82774  82768  82750  82742  82740  82733  82727  82724  82718  82715  82708  82702  82687  82685  82677  82622  82615  82610  82609  82600  82593  82576  82548  82540  82531  82527  82522  82512  82506  82498  82491  82489  82476  82471  82453  82452  82452  82434  82432  82429  82419  82419  82417  82405  82398  82377  82375  82375  82362  82357  82350  82347  82327  82289  82286  82278  82259  82240  82226  82212  82201  82178  82176  82166  82152  82151  82148  82144  82104  82090  82086  82084  82084  82041  82033  
82029  82024  82018  81999  81982  81975  81971  81965  81946  81945  81942  81910  81892  81872  81864  81856  81846  81839  81838  81832  81831  81808  81793  81777  81775  81762  81761  81753  81751  81740  81709  81703  81690  81685  81660  81651  81623  81612  81607  81595  81581  81576  81576  81570  81555  81549  81539  81539  81537  81537  81529  81527  81526  81503  81492  81484  81477  81476  81459  81454  81454  81451  81448  81439  81438  81421  81420  81409  81395  81390  81382  81358  81342  81342  81340  
81335  81325  81313  81306  81302  81300  81298  81274  81261  81257  81248  81246  81243  81240  81236  81229  81206  81171  81161  81158  81152  81143  81142  81140  81140  81122  81117  81112  81084  81071  81057  81016  81015  81008  81004  80998  80993  80993  80981  80972  80971  80967  80960  80952  80950  80941  80932  80918  80909  80907  80902  80894  80893  80891  80889  80884  80884  80878  80878  80861  80859  80851  80838  80816  80812  80810  80800  80797  80792  80789  80788  80783  80779  80776  80766  
80758  80728  80727  80724  80720  80715  80715  80706  80697  80697  80693  80663  80652  80633  80631  80619  80604  80595  80592  80577  80577  80563  80549  80546  80541  80524  80491  80485  80483  80480  80467  80448  80443  80432  80432  80418  80391  80379  80374  80369  80360  80358  80348  80336  80334  80323  80321  80314  80309  80307  80306  80297  80277  80258  80257  80254  80248  80228  80218  80216  80216  80210  80204  80192  80190  80189  80180  80171  80151  80143  80142  80130  80104  80103  80090  
80086  80076  80070  80015  80014  80002  79977  79976  79974  79972  79957  79943  79930  79929  79923  79908  79904  79888  79887  79886  79884  79866  79844  79824  79823  79814  79811  79801  79790  79782  79781  79754  79733  79730  79725  79717  79697  79695  79693  79684  79674  79648  79640  79631  79631  79606  79602  79600  79569  79559  79539  79532  79526  79520  79518  79508  79502  79501  79497  79476  79469  79449  79440  79438  79426  79422  79406  79401  79396  79390  79386  79371  79364  79353  79350  
79347  79342  79337  79335  79324  79316  79293  79263  79259  79258  79240  79238  79236  79227  79211  79202  79166  79165  79158  79158  79134  79130  79126  79122  79119  79113  79111  79111  79098  79071  79071  79066  79065  79051  79015  79011  79009  78999  78998  78983  78978  78973  78964  78959  78947  78938  78931  78929  78928  78925  78914  78901  78893  78889  78888  78884  78884  78877  78867  78852  78825  78814  78805  78799  78798  78793  78764  78764  78762  78759  78759  78729  78721  78703  78700  
78680  78668  78648  78613  78605  78603  78598  78593  78588  78581  78559  78547  78547  78542  78526  78522  78515  78487  78467  78453  78438  78438  78421  78418  78414  78404  78385  78381  78367  78366  78355  78346  78333  78325  78306  78289  78285  78281  78273  78242  78221  78220  78219  78213  78165  78160  78157  78145  78130  78128  78124  78117  78115  78107  78103  78093  78085  78084  78081  78072  78071  78066  78048  78047  78044  78030  78012  78012  78003  77999  77981  77974  77972  77960  77950  
77947  77943  77937  77935  77933  77928  77921  77903  77897  77895  77872  77857  77847  77842  77838  77831  77820  77785  77774  77774  77772  77767  77765  77762  77747  77741  77739  77737  77727  77724  77721  77714  77705  77695  77674  77648  77635  77634  77629  77628  77627  77615  77608  77606  77589  77586  77585  77564  77559  77557  77539  77533  77520  77514  77495  77491  77486  77469  77468  77466  77453  77451  77422  77398  77389  77380  77375  77371  77368  77355  77353  77345  77331  77329  77320  
77318  77314  77314  77312  77311  77295  77271  77256  77254  77251  77238  77230  77225  77223  77221  77179  77160  77156  77156  77152  77132  77122  77110  77100  77097  77095  77094  77088  77087  77062  77053  77018  77015  77004  76999  76990  76988  76978  76973  76972  76969  76959  76957  76956  76955  76949  76941  76926  76911  76901  76897  76893  76889  76880  76875  76872  76869  76851  76847  76840  76836  76830  76803  76796  76790  76772  76762  76724  76720  76719  76715  76708  76679  76664  76662  
76655  76635  76631  76628  76616  76615  76614  76613  76592  76577  76562  76552  76524  76511  76507  76496  76486  76483  76467  76454  76452  76437  76432  76424  76423  76399  76397  76391  76388  76387  76349  76338  76331  76317  76311  76308  76293  76287  76280  76278  76276  76271  76266  76254  76245  76244  76222  76181  76179  76174  76166  76162  76153  76149  76148  76131  76129  76127  76123  76122  76102  76102  76102  76086  76085  76078  76077  76042  76023  76021  76016  76010  76000  75999  75983  
75979  75967  75963  75957  75957  75934  75918  75918  75914  75914  75907  75882  75878  75875  75850  75836  75833  75823  75816  75805  75797  75786  75770  75741  75731  75725  75723  75721  75717  75708  75696  75686  75675  75674  75647  75646  75645  75645  75627  75623  75603  75601  75583  75579  75574  75572  75562  75553  75552  75545  75513  75503  75493  75485  75485  75483  75474  75437  75428  75405  75399  75396  75357  75354  75351  75340  75305  75297  75282  75279  75274  75234  75225  75215  75212  
75212  75212  75201  75194  75194  75187  75182  75181  75171  75156  75145  75117  75116  75109  75088  75077  75067  75067  75052  75052  75047  75042  75023  75017  75000  74990  74985  74979  74971  74959  74956  74941  74936  74931  74918  74917  74917  74916  74909  74901  74893  74866  74860  74855  74848  74837  74808  74805  74804  74800  74777  74756  74739  74734  74724  74722  74715  74670  74646  74634  74632  74622  74612  74587  74568  74566  74564  74542  74539  74531  74525  74521  74514  74478  74475  
74455  74451  74449  74444  74440  74433  74428  74412  74404  74398  74379  74377  74371  74349  74348  74329  74329  74326  74319  74313  74309  74305  74287  74279  74256  74245  74242  74221  74215  74214  74206  74206  74196  74193  74184  74129  74128  74119  74117  74115  74081  74077  74066  74058  74058  74044  74019  73981  73976  73967  73951  73940  73930  73930  73929  73927  73924  73923  73917  73898  73881  73863  73861  73859  73850  73842  73835  73834  73831  73825  73823  73822  73819  73819  73814  
73812  73805  73805  73799  73776  73770  73759  73758  73755  73754  73734  73720  73717  73716  73716  73714  73709  73703  73702  73694  73680  73650  73624  73614  73607  73594  73593  73593  73589  73575  73560  73560  73551  73548  73537  73514  73511  73510  73504  73485  73481  73480  73479  73471  73468  73461  73420  73405  73393  73391  73385  73384  73369  73367  73358  73353  73327  73323  73308  73307  73306  73295  73279  73266  73264  73258  73249  73237  73232  73224  73218  73215  73208  73161  73153  
73142  73138  73127  73124  73120  73111  73084  73075  73073  73055  73050  73043  73040  73029  73018  72990  72976  72969  72959  72951  72944  72937  72931  72927  72922  72911  72906  72866  72847  72841  72834  72832  72828  72825  72816  72814  72799  72798  72767  72747  72745  72726  72725  72708  72706  72685  72680  72674  72673  72657  72656  72655  72653  72645  72625  72625  72611  72607  72587  72578  72575  72566  72562  72560  72558  72530  72525  72515  72506  72505  72484  72470  72468  72448  72433  
72424  72386  72375  72373  72367  72330  72300  72285  72265  72249  72232  72208  72206  72205  72195  72192  72166  72154  72150  72146  72137  72082  72077  72075  72051  72045  72027  72013  71998  71978  71976  71974  71972  71958  71958  71947  71928  71924  71923  71917  71901  71897  71881  71871  71870  71863  71845  71828  71823  71767  71752  71743  71733  71731  71731  71712  71710  71704  71695  71679  71676  71647  71643  71641  71633  71625  71615  71611  71607  71578  71571  71569  71557  71556  71539  
71525  71523  71515  71474  71460  71460  71449  71430  71401  71397  71395  71391  71357  71349  71339  71328  71321  71318  71307  71291  71288  71274  71270  71269  71251  71240  71231  71178  71177  71177  71168  71153  71137  71120  71116  71103  71079  71074  71054  71048  70994  70978  70953  70946  70946  70933  70931  70928  70921  70916  70915  70905  70898  70880  70869  70857  70852  70851  70809  70780  70774  70760  70744  70741  70735  70734  70729  70720  70711  70692  70685  70680  70670  70667  70667  
70666  70660  70659  70658  70650  70641  70632  70631  70611  70610  70595  70590  70579  70576  70573  70563  70548  70541  70537  70537  70522  70509  70501  70485  70476  70474  70460  70457  70455  70452  70448  70431  70422  70415  70375  70375  70368  70367  70350  70349  70343  70341  70339  70327  70312  70305  70292  70288  70287  70281  70273  70272  70268  70267  70262  70243  70214  70212  70203  70184  70182  70182  70177  70166  70166  70163  70158  70156  70144  70119  70105  70104  70087  70085  70070  
70060  70042  70038  70038  70037  70037  70000  70000  69995  69983  69978  69976  69966  69965  69961  69942  69922  69907  69902  69897  69887  69882  69881  69873  69848  69842  69836  69831  69818  69815  69808  69806  69803  69799  69795  69783  69783  69777  69769  69762  69761  69749  69747  69741  69740  69736  69699  69667  69660  69654  69648  69639  69625  69624  69620  69614  69612  69596  69576  69572  69567  69564  69526  69518  69516  69511  69495  69490  69470  69470  69469  69456  69441  69441  69437  
69429  69427  69418  69416  69415  69404  69402  69390  69382  69381  69374  69368  69332  69332  69327  69317  69305  69287  69283  69281  69274  69262  69257  69244  69240  69235  69225  69221  69209  69206  69204  69161  69146  69141  69139  69127  69124  69121  69095  69093  69090  69080  69078  69078  69061  69055  69050  69043  69036  69017  69011  68993  68992  68986  68984  68950  68950  68945  68937  68926  68922  68919  68918  68904  68903  68899  68889  68880  68875  68871  68865  68863  68841  68839  68825  
68818  68814  68810  68802  68795  68792  68791  68774  68773  68770  68754  68742  68740  68722  68710  68707  68691  68688  68684  68676  68673  68671  68671  68669  68663  68663  68643  68628  68619  68613  68605  68598  68595  68592  68588  68556  68554  68551  68543  68531  68513  68510  68504  68488  68485  68482  68481  68478  68443  68440  68425  68424  68424  68421  68419  68413  68413  68407  68406  68400  68388  68381  68375  68362  68356  68347  68328  68325  68307  68299  68297  68296  68292  68287  68287  
68282  68273  68259  68247  68214  68213  68194  68193  68185  68184  68176  68168  68161  68161  68151  68147  68141  68137  68136  68135  68119  68108  68100  68096  68087  68085  68077  68076  68073  68058  68028  68020  68019  68018  68015  68004  67995  67995  67987  67982  67980  67978  67968  67956  67937  67931  67928  67922  67917  67901  67894  67891  67872  67868  67865  67863  67858  67834  67817  67806  67805  67797  67781  67780  67780  67779  67762  67760  67752  67742  67738  67736  67735  67728  67722  
67684  67660  67657  67650  67649  67648  67641  67622  67611  67603  67597  67594  67594  67580  67577  67572  67570  67565  67564  67558  67557  67536  67531  67512  67504  67494  67487  67459  67453  67437  67413  67407  67399  67397  67378  67376  67369  67367  67367  67361  67326  67324  67324  67309  67306  67299  67294  67281  67281  67254  67234  67226  67212  67204  67203  67182  67181  67154  67153  67146  67143  67141  67125  67119  67114  67112  67109  67107  67089  67084  67083  67080  67078  67073  67055  
67050  67047  67043  67041  67040  67002  66994  66993  66988  66986  66983  66976  66972  66963  66962  66936  66923  66908  66902  66895  66895  66895  66892  66892  66888  66887  66886  66878  66874  66869  66865  66833  66833  66803  66793  66787  66778  66743  66740  66731  66699  66689  66688  66663  66657  66651  66631  66595  66591  66590  66590  66569  66552  66550  66528  66527  66509  66498  66497  66477  66474  66468  66440  66427  66421  66413  66408  66401  66395  66394  66390  66388  66381  66367  66364  
66363  66354  66351  66334  66330  66325  66323  66321  66318  66310  66305  66302  66285  66281  66280  66256  66253  66233  66222  66217  66146  66140  66113  66106  66103  66102  66071  66063  66047  66042  66025  66017  65998  65996  65984  65982  65976  65975  65970  65932  65932  65920  65912  65909  65902  65898  65877  65876  65872  65868  65848  65841  65835  65835  65834  65817  65811  65807  65805  65799  65791  65784  65780  65777  65769  65767  65764  65749  65748  65744  65738  65731  65703  65694  65686  
65684  65682  65657  65657  65645  65644  65642  65623  65618  65613  65600  65598  65597  65597  65583  65577  65576  65575  65568  65542  65522  65522  65506  65505  65492  65491  65476  65453  65450  65438  65436  65427  65409  65406  65405  65404  65386  65368  65351  65350  65338  65335  65331  65321  65299  65296  65284  65277  65275  65268  65264  65243  65234  65228  65222  65213  65211  65210  65198  65197  65191  65171  65169  65168  65161  65155  65148  65146  65129  65114  65106  65106  65098  65084  65080  
65079  65074  65073  65069  65059  65058  65021  65015  64997  64992  64989  64980  64975  64970  64970  64969  64954  64952  64936  64906  64898  64890  64885  64880  64868  64848  64839  64827  64823  64822  64816  64813  64806  64800  64792  64786  64783  64779  64779  64778  64755  64739  64731  64728  64692  64687  64678  64662  64655  64634  64612  64610  64610  64608  64600  64590  64587  64587  64571  64551  64549  64547  64538  64537  64530  64528  64527  64502  64481  64454  64446  64439  64424  64421  64421  
64404  64400  64391  64371  64362  64352  64337  64331  64321  64315  64291  64274  64272  64266  64241  64225  64217  64200  64199  64185  64185  64175  64171  64152  64141  64134  64118  64110  64090  64081  64067  64047  64046  64040  64038  64037  64027  64023  64012  63996  63995  63984  63981  63979  63978  63974  63959  63959  63953  63943  63935  63932  63927  63926  63921  63914  63912  63899  63892  63888  63882  63854  63809  63809  63808  63806  63801  63798  63794  63778  63772  63770  63730  63720  63695  
63686  63674  63670  63660  63658  63649  63623  63619  63610  63606  63588  63586  63567  63565  63551  63549  63536  63535  63533  63523  63520  63515  63492  63480  63473  63451  63433  63431  63404  63329  63314  63297  63295  63258  63248  63239  63234  63229  63202  63198  63183  63167  63167  63159  63156  63152  63151  63146  63122  63107  63093  63085  63081  63065  63037  63036  63018  62997  62992  62974  62973  62953  62939  62930  62925  62910  62904  62898  62884  62871  62862  62846  62839  62838  62828  
62820  62786  62781  62781  62771  62747  62745  62727  62721  62716  62708  62699  62697  62685  62679  62668  62647  62646  62632  62625  62623  62611  62597  62590  62576  62575  62568  62567  62545  62517  62515  62514  62511  62507  62506  62506  62501  62494  62488  62478  62476  62475  62470  62467  62463  62457  62440  62422  62418  62417  62414  62411  62394  62380  62373  62372  62363  62354  62333  62333  62332  62329  62318  62311  62308  62296  62289  62272  62266  62265  62263  62262  62255  62254  62252  
62249  62241  62233  62225  62214  62212  62211  62203  62196  62189  62187  62183  62180  62176  62168  62163  62162  62126  62119  62113  62093  62081  62080  62073  62053  62050  62050  62038  62023  62021  62012  62002  61995  61985  61983  61982  61977  61976  61974  61970  61967  61959  61932  61924  61919  61916  61895  61892  61892  61887  61884  61880  61869  61855  61839  61830  61819  61816  61813  61802  61786  61785  61783  61780  61777  61777  61759  61755  61745  61721  61719  61701  61700  61672  61669  
61665  61651  61650  61647  61643  61637  61606  61600  61590  61579  61556  61524  61516  61511  61510  61494  61479  61462  61448  61447  61447  61447  61447  61443  61429  61426  61420  61403  61393  61384  61378  61356  61351  61343  61338  61326  61312  61302  61283  61267  61259  61250  61244  61242  61235  61231  61223  61222  61220  61220  61208  61198  61189  61180  61175  61165  61164  61145  61144  61139  61132  61109  61109  61109  61105  61097  61096  61070  61060  61052  61040  61036  61032  61024  61023  
61021  61014  61004  61003  60997  60993  60987  60937  60932  60928  60903  60898  60892  60885  60885  60884  60882  60876  60869  60867  60859  60833  60827  60807  60803  60795  60784  60782  60779  60767  60766  60756  60739  60733  60724  60712  60708  60697  60694  60686  60668  60667  60660  60652  60648  60646  60631  60627  60627  60621  60620  60610  60605  60604  60602  60585  60579  60578  60557  60557  60555  60551  60526  60519  60512  60500  60490  60472  60469  60461  60460  60452  60419  60416  60414  
60410  60394  60387  60385  60383  60382  60379  60357  60346  60330  60321  60321  60316  60308  60308  60302  60301  60298  60291  60286  60276  60275  60271  60265  60247  60216  60211  60207  60207  60163  60160  60139  60137  60136  60134  60123  60107  60103  60086  60085  60079  60071  60062  60040  60010  60010  59987  59965  59952  59943  59942  59939  59938  59929  59929  59902  59881  59875  59871  59868  59843  59836  59835  59811  59808  59808  59801  59795  59781  59756  59755  59750  59743  59739  59733  
59729  59725  59709  59703  59698  59681  59679  59679  59668  59662  59662  59654  59645  59630  59626  59620  59620  59618  59616  59611  59610  59594  59591  59587  59580  59577  59565  59563  59551  59543  59538  59536  59536  59535  59531  59525  59520  59517  59509  59504  59504  59501  59499  59483  59480  59474  59471  59468  59466  59462  59452  59450  59443  59430  59429  59414  59414  59412  59411  59400  59386  59373  59360  59352  59348  59346  59343  59331  59330  59328  59326  59320  59311  59309  59307  
59294  59284  59283  59272  59264  59261  59260  59255  59247  59243  59240  59232  59228  59225  59225  59221  59167  59166  59165  59157  59146  59112  59110  59100  59040  59032  59029  59019  59013  59011  59004  59000  58999  58987  58979  58970  58964  58964  58960  58959  58950  58936  58931  58930  58914  58888  58884  58879  58878  58876  58862  58861  58861  58848  58845  58814  58759  58754  58747  58722  58708  58702  58700  58688  58685  58678  58676  58673  58666  58660  58659  58645  58631  58630  58600  
58598  58588  58584  58573  58558  58558  58525  58523  58505  58486  58484  58475  58461  58407  58383  58382  58381  58367  58367  58361  58357  58354  58334  58327  58298  58282  58277  58276  58260  58257  58232  58227  58207  58186  58185  58183  58173  58167  58158  58153  58138  58116  58104  58103  58098  58095  58081  58072  58063  58050  58048  58027  58014  58014  58010  58001  57989  57986  57982  57979  57964  57963  57950  57949  57925  57922  57921  57914  57909  57905  57901  57886  57865  57841  57832  
57830  57825  57824  57773  57758  57734  57732  57724  57712  57712  57701  57699  57696  57696  57691  57681  57678  57631  57630  57617  57592  57589  57579  57570  57570  57560  57554  57550  57549  57540  57538  57535  57518  57491  57458  57457  57439  57438  57437  57430  57427  57427  57396  57386  57381  57374  57360  57354  57349  57309  57303  57297  57282  57254  57252  57251  57248  57238  57210  57194  57159  57146  57137  57125  57123  57122  57088  57087  57083  57082  57071  57055  57048  57047  57047  
57038  57032  57024  57001  56998  56996  56986  56982  56977  56944  56937  56884  56880  56875  56866  56862  56856  56846  56836  56831  56828  56797  56788  56765  56756  56754  56751  56734  56731  56724  56721  56714  56713  56709  56688  56677  56670  56670  56661  56632  56632  56630  56623  56615  56613  56612  56609  56597  56592  56590  56585  56560  56559  56550  56549  56542  56537  56525  56502  56500  56500  56495  56468  56453  56447  56443  56432  56425  56423  56409  56388  56379  56361  56321  56318  
56313  56308  56297  56296  56292  56283  56281  56274  56266  56259  56236  56217  56208  56207  56195  56186  56163  56161  56156  56152  56146  56144  56121  56107  56042  55999  55968  55962  55958  55957  55936  55930  55922  55916  55915  55903  55889  55884  55882  55869  55848  55821  55812  55809  55808  55805  55792  55781  55779  55768  55767  55760  55754  55752  55742  55712  55709  55706  55673  55657  55651  55647  55643  55643  55641  55641  55630  55627  55623  55621  55596  55595  55572  55568  55518  
55514  55514  55509  55503  55497  55497  55484  55479  55468  55462  55461  55436  55433  55414  55411  55409  55405  55401  55390  55387  55384  55383  55381  55371  55367  55363  55363  55351  55340  55326  55320  55311  55301  55294  55278  55264  55259  55257  55243  55240  55237  55223  55212  55209  55204  55196  55166  55161  55149  55141  55139  55120  55107  55105  55098  55094  55066  55062  55046  55040  55034  55022  55020  54991  54978  54977  54971  54970  54954  54945  54943  54906  54903  54899  54898  
54893  54891  54889  54888  54879  54845  54822  54802  54798  54793  54766  54760  54754  54728  54717  54707  54701  54692  54687  54679  54674  54656  54626  54622  54607  54604  54597  54586  54582  54572  54544  54543  54541  54538  54535  54516  54513  54512  54507  54503  54489  54488  54475  54473  54467  54454  54453  54450  54443  54442  54435  54433  54426  54393  54386  54385  54383  54380  54380  54373  54366  54346  54341  54328  54319  54308  54294  54285  54204  54202  54200  54195  54195  54190  54182  
54181  54176  54152  54144  54139  54129  54122  54106  54075  54072  54037  54026  54024  54008  54007  54003  53997  53976  53973  53971  53959  53957  53943  53941  53934  53932  53905  53897  53897  53894  53887  53875  53866  53864  53855  53854  53845  53844  53791  53789  53776  53771  53765  53752  53748  53727  53710  53702  53688  53679  53678  53677  53659  53655  53650  53641  53630  53617  53613  53536  53531  53521  53521  53515  53505  53498  53491  53487  53486  53476  53476  53475  53474  53461  53458  
53450  53448  53432  53417  53400  53398  53392  53366  53357  53348  53345  53341  53329  53273  53270  53269  53231  53224  53219  53211  53210  53206  53187  53183  53176  53172  53170  53166  53164  53163  53159  53147  53129  53109  53080  53079  53067  53064  53036  53033  53008  53005  52989  52961  52953  52944  52939  52935  52930  52926  52880  52859  52853  52852  52842  52841  52836  52829  52827  52814  52813  52764  52745  52745  52744  52736  52730  52725  52704  52698  52697  52693  52691  52688  52686  
52681  52672  52658  52656  52648  52648  52635  52617  52616  52610  52599  52592  52583  52567  52555  52546  52541  52525  52524  52443  52403  52382  52371  52369  52362  52338  52318  52311  52310  52306  52301  52295  52293  52284  52274  52260  52256  52238  52232  52225  52195  52179  52178  52166  52164  52140  52138  52116  52110  52088  52067  52058  52050  52028  52027  52013  52013  52008  52008  52006  52006  51999  51998  51992  51984  51913  51890  51883  51878  51877  51866  51862  51861  51857  51856  
51855  51848  51826  51824  51821  51801  51766  51762  51743  51728  51718  51698  51665  51662  51656  51639  51632  51627  51626  51607  51599  51582  51581  51576  51547  51545  51532  51530  51527  51498  51496  51495  51493  51492  51489  51487  51481  51478  51472  51456  51416  51406  51404  51404  51374  51352  51352  51344  51341  51327  51318  51312  51303  51298  51295  51287  51265  51261  51255  51254  51253  51253  51234  51228  51226  51210  51210  51194  51182  51173  51172  51167  51149  51138  51137  
51130  51126  51115  51114  51092  51087  51077  51076  51062  51023  51007  51003  51001  50982  50977  50975  50972  50947  50931  50930  50929  50921  50914  50906  50883  50876  50864  50858  50846  50844  50834  50815  50805  50798  50798  50785  50776  50774  50768  50767  50766  50742  50742  50729  50728  50723  50699  50684  50683  50681  50678  50675  50649  50646  50643  50637  50634  50629  50622  50582  50580  50576  50570  50549  50540  50535  50531  50528  50527  50522  50501  50501  50501  50498  50463  
50458  50434  50423  50419  50412  50407  50388  50383  50366  50359  50359  50332  50324  50321  50244  50238  50215  50211  50194  50191  50184  50161  50137  50137  50111  50106  50101  50097  50096  50095  50094  50090  50086  50086  50081  50080  50055  50054  50052  50044  50038  50031  50024  50007  50004  50002  49998  49990  49976  49974  49963  49950  49941  49934  49919  49914  49908  49907  49883  49867  49840  49839  49826  49825  49824  49822  49818  49813  49797  49797  49786  49765  49763  49760  49760  
49747  49741  49728  49726  49718  49715  49714  49711  49700  49691  49690  49683  49654  49651  49635  49634  49633  49614  49613  49582  49581  49576  49550  49526  49520  49515  49501  49486  49485  49472  49471  49466  49461  49458  49445  49427  49417  49405  49403  49402  49401  49398  49383  49344  49337  49317  49311  49309  49299  49297  49295  49269  49265  49264  49247  49246  49230  49218  49217  49212  49196  49195  49187  49184  49181  49179  49178  49158  49147  49133  49128  49113  49107  49107  49101  
49092  49090  49075  49071  49071  49063  49051  49040  49040  48996  48982  48974  48952  48951  48905  48898  48886  48870  48865  48850  48849  48847  48811  48804  48796  48778  48776  48775  48774  48724  48721  48706  48691  48684  48666  48665  48661  48652  48639  48627  48621  48616  48613  48597  48590  48588  48581  48579  48558  48551  48528  48526  48521  48513  48512  48510  48499  48486  48475  48464  48459  48443  48431  48426  48420  48420  48410  48401  48396  48394  48389  48386  48372  48370  48368  
48364  48363  48351  48345  48332  48317  48252  48251  48245  48239  48224  48219  48211  48204  48202  48197  48195  48194  48188  48183  48180  48173  48172  48155  48144  48144  48141  48126  48126  48123  48120  48096  48085  48079  48071  48068  48065  48058  48048  48046  48041  48021  48011  48004  47992  47966  47955  47945  47942  47933  47929  47928  47927  47926  47924  47891  47858  47846  47836  47828  47826  47825  47811  47782  47773  47766  47760  47733  47723  47700  47699  47688  47688  47680  47667  
47661  47660  47646  47640  47630  47621  47613  47571  47540  47533  47530  47529  47510  47509  47508  47489  47485  47469  47468  47460  47450  47449  47446  47446  47443  47418  47399  47388  47387  47386  47383  47382  47379  47359  47358  47353  47323  47321  47310  47307  47297  47276  47266  47264  47263  47256  47253  47218  47215  47201  47192  47190  47188  47187  47186  47181  47173  47166  47165  47157  47153  47152  47146  47138  47132  47124  47124  47122  47116  47114  47107  47099  47099  47097  47083  
47071  47065  47058  47039  47031  47013  47013  47012  47005  47003  46993  46993  46987  46983  46971  46951  46944  46943  46943  46936  46925  46918  46914  46907  46903  46885  46885  46881  46880  46875  46842  46827  46820  46817  46814  46808  46802  46771  46766  46762  46760  46757  46749  46748  46740  46729  46725  46723  46719  46705  46698  46659  46644  46634  46621  46621  46621  46605  46578  46549  46535  46531  46526  46516  46515  46514  46499  46497  46495  46491  46489  46487  46486  46485  46480  
46467  46439  46436  46433  46433  46428  46427  46408  46404  46403  46391  46388  46382  46347  46347  46342  46337  46334  46333  46328  46328  46319  46313  46301  46281  46279  46271  46268  46266  46252  46251  46247  46239  46224  46218  46216  46201  46194  46193  46170  46152  46151  46149  46142  46134  46130  46116  46111  46089  46080  46075  46068  46067  46065  46062  46050  46047  46039  46029  46021  46019  46018  46011  45990  45987  45981  45977  45922  45922  45922  45919  45905  45882  45880  45864  
45864  45863  45860  45847  45847  45838  45825  45822  45809  45807  45803  45788  45787  45787  45768  45753  45731  45726  45719  45694  45691  45649  45645  45643  45634  45631  45616  45595  45586  45583  45582  45580  45556  45552  45540  45522  45507  45506  45504  45503  45490  45476  45471  45467  45459  45457  45453  45450  45442  45437  45434  45425  45420  45417  45417  45417  45395  45380  45380  45376  45374  45371  45364  45363  45353  45350  45349  45341  45335  45335  45329  45325  45303  45298  45282  
45281  45273  45260  45252  45251  45240  45234  45228  45216  45205  45204  45200  45196  45190  45185  45183  45178  45162  45147  45128  45126  45101  45099  45098  45093  45085  45085  45079  45074  45065  45059  45055  45035  45033  45027  45023  45019  45017  45006  44984  44972  44967  44954  44942  44933  44914  44912  44894  44889  44881  44876  44837  44827  44825  44814  44811  44798  44786  44785  44779  44775  44772  44767  44752  44752  44730  44729  44722  44721  44716  44710  44700  44678  44650  44650  
44638  44624  44619  44619  44616  44612  44602  44598  44565  44561  44541  44518  44515  44493  44490  44479  44468  44459  44455  44447  44446  44442  44415  44407  44393  44393  44388  44384  44375  44356  44351  44351  44340  44331  44319  44303  44289  44256  44231  44218  44213  44206  44202  44188  44183  44181  44174  44173  44167  44167  44160  44127  44118  44115  44110  44105  44096  44086  44055  44022  44001  43995  43984  43972  43970  43955  43927  43913  43901  43892  43886  43848  43841  43838  43828  
43822  43815  43810  43780  43750  43715  43704  43694  43672  43660  43648  43646  43646  43639  43637  43636  43630  43614  43610  43603  43575  43567  43566  43551  43546  43544  43538  43534  43534  43531  43529  43526  43504  43492  43489  43469  43465  43462  43460  43459  43456  43447  43416  43403  43385  43385  43380  43366  43359  43345  43343  43332  43325  43322  43306  43305  43296  43282  43281  43276  43271  43266  43265  43260  43242  43239  43229  43226  43224  43204  43203  43201  43193  43171  43161  
43160  43158  43157  43153  43145  43142  43138  43120  43103  43101  43086  43049  43036  43033  43025  43016  43009  43007  42999  42993  42975  42954  42936  42930  42929  42929  42906  42890  42887  42885  42869  42868  42861  42860  42850  42803  42801  42789  42784  42781  42756  42707  42706  42696  42685  42681  42679  42672  42669  42665  42657  42645  42638  42636  42628  42623  42613  42611  42609  42605  42588  42587  42546  42542  42542  42540  42526  42525  42522  42501  42499  42492  42485  42479  42479  
42466  42463  42463  42457  42456  42455  42451  42439  42420  42412  42408  42405  42376  42370  42357  42347  42343  42339  42338  42337  42329  42308  42293  42279  42266  42261  42253  42251  42250  42237  42232  42228  42225  42223  42203  42191  42181  42176  42173  42172  42120  42117  42094  42092  42082  42072  42072  42034  42031  42026  42024  42012  41999  41999  41996  41992  41941  41934  41928  41928  41925  41917  41916  41911  41889  41887  41882  41879  41875  41871  41828  41805  41775  41774  41740  
41740  41735  41734  41704  41699  41696  41677  41669  41667  41666  41659  41658  41637  41602  41595  41584  41579  41574  41546  41540  41533  41531  41530  41524  41498  41496  41494  41488  41487  41475  41475  41463  41455  41450  41441  41415  41414  41396  41390  41362  41360  41351  41347  41339  41331  41329  41327  41325  41325  41321  41315  41310  41299  41295  41289  41289  41277  41259  41256  41248  41225  41225  41217  41194  41166  41154  41153  41132  41130  41126  41120  41120  41069  41048  41048  
41035  41012  41007  40997  40958  40949  40947  40938  40938  40934  40931  40924  40907  40907  40879  40858  40857  40850  40828  40822  40807  40795  40789  40787  40784  40764  40749  40745  40737  40707  40676  40674  40669  40656  40649  40639  40638  40623  40621  40619  40602  40597  40595  40594  40588  40587  40571  40558  40555  40548  40547  40543  40529  40528  40521  40484  40483  40474  40447  40440  40429  40417  40410  40403  40394  40391  40390  40389  40382  40379  40363  40358  40356  40352  40343  
40323  40320  40319  40288  40285  40283  40281  40275  40255  40248  40246  40235  40233  40225  40222  40212  40206  40197  40194  40187  40184  40174  40167  40166  40165  40162  40140  40136  40132  40126  40118  40118  40093  40084  40083  40082  40069  40046  40042  40029  40027  40026  40025  40014  40008  39997  39996  39994  39991  39973  39962  39959  39948  39936  39907  39902  39897  39892  39889  39883  39882  39871  39853  39837  39823  39813  39810  39804  39800  39792  39786  39777  39776  39771  39762  
39759  39750  39741  39717  39696  39690  39680  39644  39642  39629  39618  39614  39614  39603  39600  39600  39564  39563  39539  39513  39502  39482  39471  39467  39459  39456  39454  39445  39442  39437  39435  39427  39418  39409  39400  39391  39381  39374  39367  39365  39362  39362  39361  39349  39342  39331  39329  39324  39313  39310  39296  39289  39286  39270  39268  39265  39254  39240  39225  39224  39223  39222  39215  39207  39199  39196  39166  39162  39159  39158  39144  39142  39140  39129  39116  
39104  39102  39102  39076  39075  39071  39061  39053  39053  39052  39049  39041  39040  39034  39007  38997  38992  38984  38968  38968  38957  38952  38948  38940  38934  38931  38929  38928  38921  38919  38915  38906  38896  38885  38869  38855  38851  38842  38841  38834  38830  38822  38815  38811  38809  38807  38804  38794  38792  38790  38783  38769  38758  38746  38735  38735  38705  38689  38685  38683  38682  38674  38673  38649  38641  38617  38615  38606  38583  38578  38569  38568  38567  38565  38538  
38518  38513  38501  38497  38467  38466  38449  38448  38439  38438  38430  38426  38389  38377  38357  38346  38342  38335  38330  38328  38316  38316  38314  38299  38297  38292  38291  38284  38267  38255  38244  38232  38227  38226  38220  38188  38173  38167  38156  38130  38105  38101  38096  38062  38051  38035  38031  38028  38023  38004  38000  37999  37997  37988  37988  37978  37975  37965  37961  37956  37955  37952  37952  37939  37937  37921  37917  37916  37903  37902  37893  37872  37865  37859  37858  
37845  37830  37818  37812  37794  37783  37776  37768  37768  37760  37757  37749  37747  37704  37698  37678  37672  37643  37642  37636  37627  37625  37596  37584  37580  37577  37571  37571  37563  37554  37554  37533  37510  37500  37498  37473  37468  37439  37435  37419  37413  37397  37382  37341  37316  37308  37288  37283  37268  37263  37256  37247  37246  37234  37217  37214  37205  37194  37185  37180  37177  37164  37163  37161  37152  37152  37149  37136  37133  37132  37116  37094  37076  37071  37062  
37056  37049  37048  37047  37043  37038  37037  37020  36991  36941  36935  36930  36924  36924  36921  36906  36898  36879  36878  36878  36856  36855  36815  36809  36795  36787  36755  36752  36734  36730  36730  36721  36718  36718  36705  36699  36680  36678  36677  36677  36663  36652  36650  36647  36633  36633  36632  36600  36591  36580  36572  36570  36564  36548  36538  36534  36524  36520  36519  36517  36513  36497  36493  36493  36488  36486  36485  36482  36469  36468  36463  36452  36445  36405  36366  
36347  36341  36335  36309  36300  36278  36274  36252  36242  36241  36224  36220  36195  36188  36179  36144  36139  36139  36135  36128  36121  36121  36119  36097  36092  36061  36049  36034  36034  36026  36010  36003  35999  35993  35984  35965  35944  35942  35930  35925  35860  35857  35852  35841  35839  35834  35825  35822  35807  35789  35782  35781  35777  35765  35761  35760  35760  35744  35738  35733  35728  35712  35710  35693  35691  35690  35686  35685  35684  35669  35658  35656  35631  35619  35614  
35613  35597  35587  35585  35579  35563  35562  35553  35532  35517  35515  35514  35488  35470  35460  35442  35438  35432  35427  35425  35415  35411  35401  35399  35378  35371  35371  35367  35351  35347  35342  35331  35324  35317  35282  35279  35276  35262  35239  35237  35232  35230  35228  35199  35197  35195  35159  35157  35153  35148  35140  35133  35119  35113  35108  35102  35087  35087  35083  35072  35058  35056  35055  35038  35025  35010  34998  34995  34992  34983  34979  34956  34940  34930  34926  
34919  34906  34902  34900  34889  34880  34878  34870  34864  34852  34840  34839  34794  34790  34787  34777  34770  34762  34759  34756  34754  34754  34752  34745  34729  34714  34707  34706  34684  34678  34671  34662  34660  34657  34645  34619  34614  34587  34583  34563  34557  34546  34537  34528  34489  34477  34470  34465  34461  34444  34439  34423  34410  34403  34393  34391  34389  34386  34377  34377  34348  34346  34339  34336  34332  34329  34319  34308  34305  34291  34256  34253  34250  34248  34244  
34227  34227  34216  34205  34193  34180  34173  34168  34167  34167  34167  34139  34139  34119  34114  34107  34100  34098  34098  34083  34053  34038  34033  34007  34004  33992  33990  33990  33989  33982  33976  33964  33964  33961  33958  33948  33941  33940  33938  33930  33925  33925  33923  33920  33913  33911  33903  33880  33880  33873  33873  33860  33858  33849  33831  33805  33798  33798  33797  33793  33792  33790  33784  33763  33750  33747  33742  33724  33722  33715  33715  33704  33698  33698  33696  
33693  33685  33684  33675  33669  33648  33632  33612  33610  33593  33592  33568  33568  33552  33540  33530  33513  33511  33502  33479  33467  33465  33448  33416  33414  33404  33400  33398  33396  33390  33390  33381  33372  33357  33351  33343  33341  33333  33329  33322  33318  33317  33311  33295  33291  33232  33232  33228  33226  33218  33208  33203  33183  33176  33165  33164  33156  33143  33128  33118  33111  33058  33051  33040  33023  33007  32997  32993  32993  32983  32952  32948  32947  32945  32939  
32933  32930  32929  32917  32914  32893  32885  32878  32859  32841  32840  32833  32830  32826  32822  32821  32809  32807  32806  32800  32778  32776  32759  32737  32733  32726  32718  32706  32703  32699  32686  32679  32674  32669  32668  32659  32651  32640  32623  32619  32595  32588  32581  32581  32570  32563  32558  32521  32511  32509  32500  32492  32478  32449  32444  32443  32439  32420  32414  32406  32377  32367  32364  32355  32353  32342  32325  32311  32309  32282  32253  32251  32249  32247  32240  
32228  32223  32223  32223  32215  32206  32205  32203  32196  32189  32178  32160  32134  32113  32106  32076  32068  32060  32043  32032  32013  32011  32008  32008  32003  31997  31982  31956  31947  31939  31924  31920  31917  31916  31904  31904  31895  31884  31828  31822  31821  31820  31802  31794  31788  31775  31752  31750  31737  31737  31731  31720  31712  31689  31682  31653  31650  31650  31649  31637  31635  31624  31613  31592  31592  31565  31563  31552  31538  31537  31530  31512  31479  31477  31470  
31463  31439  31428  31393  31389  31385  31383  31378  31351  31345  31333  31333  31301  31301  31291  31286  31285  31282  31274  31258  31254  31246  31235  31231  31228  31226  31219  31215  31202  31195  31170  31161  31160  31145  31145  31141  31138  31133  31132  31130  31124  31122  31117  31117  31100  31099  31091  31089  31080  31040  31037  31010  31008  31006  31005  31002  30967  30955  30947  30916  30904  30872  30868  30858  30854  30851  30838  30824  30797  30782  30775  30772  30767  30766  30757  
30742  30742  30727  30711  30708  30706  30701  30679  30679  30678  30672  30668  30662  30648  30636  30635  30607  30572  30572  30568  30550  30540  30530  30520  30514  30510  30506  30491  30488  30483  30481  30480  30477  30475  30471  30465  30464  30463  30450  30449  30440  30437  30410  30405  30380  30373  30363  30343  30323  30323  30320  30313  30307  30296  30291  30289  30288  30286  30283  30280  30257  30255  30239  30224  30171  30170  30152  30150  30147  30146  30130  30119  30113  30107  30106  
30095  30090  30089  30086  30085  30081  30075  30053  30053  30046  30041  30040  30040  30035  30019  30018  30016  30011  30010  30003  29994  29992  29984  29979  29973  29956  29954  29952  29952  29926  29922  29920  29918  29909  29904  29900  29895  29882  29880  29864  29858  29854  29847  29835  29831  29827  29823  29822  29808  29801  29800  29796  29796  29795  29784  29782  29781  29778  29772  29767  29760  29757  29738  29735  29734  29721  29712  29712  29710  29707  29696  29690  29687  29676  29676  
29663  29653  29649  29636  29632  29599  29591  29590  29580  29572  29558  29557  29536  29520  29499  29494  29493  29487  29486  29470  29463  29458  29454  29445  29424  29420  29407  29406  29401  29400  29398  29383  29378  29367  29366  29357  29351  29342  29341  29334  29311  29303  29300  29292  29291  29289  29287  29248  29233  29229  29225  29220  29217  29205  29203  29195  29192  29171  29165  29164  29158  29157  29144  29143  29130  29129  29126  29125  29121  29114  29111  29103  29097  29083  29073  
29062  29056  29043  29036  29030  29029  29023  29008  29005  29000  28997  28959  28952  28951  28942  28939  28927  28920  28911  28899  28890  28872  28850  28829  28813  28809  28808  28806  28786  28771  28768  28748  28719  28695  28687  28679  28671  28660  28658  28648  28634  28628  28624  28618  28618  28596  28577  28574  28574  28565  28549  28543  28527  28527  28524  28522  28521  28520  28519  28518  28483  28473  28469  28468  28465  28463  28452  28439  28431  28429  28420  28382  28378  28376  28373  
28359  28352  28344  28323  28287  28272  28254  28249  28242  28227  28214  28159  28149  28148  28140  28136  28134  28124  28123  28116  28115  28110  28107  28106  28094  28089  28082  28080  28067  28066  28066  28061  28056  28030  28018  27983  27968  27966  27912  27908  27887  27877  27860  27859  27838  27831  27826  27818  27787  27762  27762  27760  27750  27743  27722  27718  27682  27658  27654  27643  27636  27633  27633  27628  27611  27610  27610  27608  27605  27591  27584  27568  27567  27566  27561  
27557  27550  27545  27539  27526  27510  27496  27488  27485  27461  27461  27454  27440  27436  27436  27433  27392  27374  27372  27347  27342  27339  27336  27333  27331  27328  27312  27297  27279  27266  27266  27257  27238  27236  27230  27229  27192  27189  27181  27170  27166  27147  27144  27133  27129  27106  27105  27101  27100  27089  27078  27051  27033  27022  26999  26993  26974  26970  26969  26967  26967  26965  26948  26947  26947  26943  26943  26940  26938  26936  26904  26891  26888  26869  26864  
26852  26848  26846  26845  26817  26804  26800  26779  26747  26740  26739  26717  26713  26691  26658  26653  26652  26649  26639  26631  26630  26566  26563  26558  26553  26545  26544  26536  26534  26527  26526  26521  26518  26517  26497  26488  26476  26472  26469  26447  26446  26445  26442  26419  26417  26409  26405  26389  26386  26385  26383  26381  26366  26348  26348  26340  26297  26289  26278  26272  26271  26253  26250  26242  26233  26223  26221  26217  26205  26190  26185  26182  26169  26160  26152  
26150  26149  26129  26125  26125  26111  26099  26098  26087  26081  26051  26051  26050  26026  26002  25998  25981  25978  25977  25967  25962  25946  25938  25926  25915  25887  25871  25864  25862  25859  25841  25835  25816  25810  25810  25794  25791  25782  25782  25781  25776  25771  25758  25755  25754  25753  25723  25722  25712  25690  25684  25674  25667  25654  25649  25643  25637  25635  25620  25615  25614  25601  25594  25582  25559  25550  25547  25547  25543  25537  25528  25518  25513  25467  25391  
25388  25374  25367  25355  25353  25352  25344  25333  25330  25319  25319  25319  25308  25296  25292  25286  25266  25258  25244  25243  25237  25237  25223  25207  25206  25202  25202  25199  25194  25191  25154  25153  25145  25139  25128  25127  25126  25118  25115  25103  25071  25069  25061  25059  25052  25048  25042  25038  25022  25014  24989  24988  24988  24987  24986  24974  24963  24953  24951  24935  24932  24929  24919  24916  24900  24872  24869  24859  24842  24841  24837  24830  24828  24828  24798  
24796  24795  24789  24789  24776  24775  24763  24751  24742  24733  24726  24724  24723  24713  24701  24658  24640  24637  24634  24626  24623  24620  24618  24616  24610  24604  24596  24591  24587  24575  24574  24574  24566  24560  24543  24543  24523  24511  24506  24470  24445  24444  24443  24433  24428  24426  24423  24412  24392  24385  24379  24363  24351  24349  24345  24342  24325  24323  24310  24303  24300  24294  24275  24258  24239  24232  24230  24213  24202  24198  24198  24193  24181  24175  24175  
24174  24173  24172  24141  24141  24134  24116  24104  24083  24077  24057  24038  24037  24025  24025  24016  24010  23994  23993  23981  23975  23971  23962  23954  23950  23945  23940  23933  23917  23879  23869  23846  23832  23828  23814  23801  23798  23792  23792  23791  23781  23776  23742  23736  23727  23722  23686  23684  23680  23678  23672  23633  23630  23609  23581  23564  23549  23538  23535  23529  23496  23489  23489  23481  23478  23456  23451  23446  23425  23420  23414  23408  23402  23400  23388  
23388  23379  23377  23371  23368  23351  23340  23337  23327  23326  23307  23289  23274  23269  23268  23260  23256  23251  23250  23247  23234  23205  23198  23181  23180  23158  23156  23154  23145  23120  23089  23081  23072  23071  23069  23060  23031  23022  23005  23003  22986  22985  22977  22971  22968  22963  22948  22947  22942  22939  22937  22935  22932  22930  22924  22908  22904  22891  22874  22873  22873  22866  22855  22831  22821  22807  22800  22782  22780  22779  22768  22767  22756  22743  22741  
22736  22732  22730  22729  22721  22716  22712  22692  22684  22671  22668  22651  22639  22638  22638  22611  22608  22605  22586  22585  22584  22575  22574  22573  22570  22565  22559  22556  22531  22531  22528  22523  22518  22513  22500  22486  22479  22475  22466  22461  22448  22446  22438  22431  22429  22429  22396  22390  22367  22346  22345  22321  22300  22282  22239  22238  22233  22225  22222  22221  22212  22207  22206  22202  22197  22197  22192  22186  22175  22154  22133  22131  22087  22080  22069  
22065  22012  22006  21992  21988  21987  21985  21961  21959  21945  21919  21919  21888  21859  21848  21833  21827  21823  21818  21801  21789  21775  21763  21762  21755  21745  21736  21735  21723  21711  21704  21691  21686  21685  21682  21670  21665  21665  21664  21660  21626  21615  21604  21601  21597  21588  21584  21545  21535  21519  21516  21508  21507  21502  21493  21480  21471  21458  21446  21411  21407  21389  21386  21359  21357  21338  21326  21299  21292  21284  21276  21260  21243  21237  21234  
21221  21200  21200  21198  21153  21129  21120  21116  21087  21086  21066  21050  21050  21030  21029  21028  21024  20998  20985  20979  20978  20968  20954  20939  20931  20911  20900  20896  20895  20889  20861  20856  20856  20848  20844  20830  20829  20821  20806  20805  20792  20790  20785  20774  20766  20761  20741  20740  20728  20710  20694  20691  20678  20671  20668  20662  20630  20624  20604  20585  20581  20579  20559  20527  20524  20520  20507  20500  20497  20489  20488  20485  20453  20445  20431  
20431  20429  20427  20411  20407  20407  20394  20385  20384  20382  20377  20370  20352  20348  20334  20333  20320  20266  20263  20255  20254  20225  20222  20219  20214  20208  20197  20184  20172  20158  20158  20157  20155  20154  20148  20148  20142  20123  20120  20116  20098  20096  20082  20078  20065  20051  20038  20025  20024  20020  19990  19986  19980  19957  19948  19947  19941  19934  19923  19908  19903  19897  19869  19863  19849  19844  19841  19824  19821  19803  19787  19786  19767  19749  19740  
19739  19736  19716  19710  19705  19705  19673  19669  19664  19663  19656  19652  19647  19645  19641  19567  19550  19537  19533  19532  19523  19518  19506  19486  19465  19463  19428  19422  19422  19420  19416  19409  19405  19395  19381  19373  19371  19371  19346  19321  19316  19293  19293  19284  19279  19265  19265  19255  19250  19248  19243  19230  19228  19221  19218  19208  19207  19206  19191  19177  19149  19144  19137  19128  19128  19120  19095  19076  19075  19070  19059  19053  19051  19036  19036  
19033  19018  19000  19000  18996  18980  18976  18964  18953  18935  18925  18916  18915  18903  18902  18899  18896  18885  18884  18875  18871  18836  18831  18825  18809  18807  18805  18804  18792  18789  18788  18784  18772  18768  18766  18763  18753  18750  18749  18741  18726  18725  18722  18720  18708  18706  18688  18681  18674  18669  18664  18661  18658  18657  18655  18647  18645  18642  18639  18636  18626  18613  18608  18602  18601  18594  18589  18572  18557  18550  18540  18538  18529  18525  18517  
18517  18516  18502  18493  18466  18463  18463  18456  18390  18361  18347  18346  18346  18335  18333  18320  18316  18313  18312  18306  18297  18297  18275  18267  18249  18240  18234  18208  18199  18195  18193  18192  18165  18153  18140  18137  18134  18134  18124  18086  18078  18067  18062  18057  18042  18041  18031  18024  18020  18013  18010  18006  17995  17977  17946  17939  17937  17935  17931  17914  17913  17903  17901  17899  17886  17882  17870  17849  17847  17845  17839  17835  17834  17830  17828  
17826  17823  17797  17797  17775  17769  17766  17760  17749  17742  17727  17704  17702  17686  17686  17667  17667  17663  17662  17659  17658  17654  17633  17629  17623  17618  17606  17603  17593  17574  17557  17538  17526  17511  17497  17495  17483  17476  17460  17459  17457  17428  17425  17422  17413  17408  17406  17403  17399  17396  17390  17375  17366  17340  17333  17324  17322  17316  17315  17309  17290  17289  17260  17258  17254  17243  17228  17211  17186  17183  17182  17173  17168  17156  17147  
17140  17123  17110  17088  17074  17070  17067  17052  17045  17043  17038  17005  16965  16963  16941  16929  16924  16919  16919  16902  16894  16891  16890  16881  16881  16878  16877  16866  16853  16853  16837  16829  16828  16819  16814  16808  16801  16793  16781  16766  16751  16748  16716  16679  16677  16650  16635  16634  16627  16618  16599  16598  16594  16593  16586  16585  16573  16569  16560  16556  16555  16553  16549  16542  16512  16510  16507  16494  16487  16466  16466  16463  16443  16437  16423  
16415  16391  16372  16357  16356  16346  16335  16327  16317  16292  16287  16284  16276  16247  16240  16229  16225  16211  16203  16197  16197  16194  16184  16173  16162  16148  16148  16128  16127  16112  16104  16103  16101  16099  16084  16078  16065  16064  16051  16047  16018  16016  16009  16009  15998  15996  15993  15972  15967  15940  15938  15918  15915  15898  15893  15887  15887  15877  15863  15834  15830  15821  15817  15800  15795  15794  15785  15772  15769  15767  15765  15754  15751  15750  15748  
15720  15708  15704  15686  15684  15675  15672  15671  15637  15628  15613  15580  15572  15567  15561  15557  15545  15541  15536  15533  15524  15519  15503  15496  15491  15488  15484  15474  15470  15467  15424  15418  15414  15394  15391  15375  15362  15360  15353  15346  15326  15321  15312  15303  15297  15261  15257  15256  15242  15238  15237  15236  15235  15231  15227  15221  15216  15193  15165  15156  15144  15142  15133  15119  15114  15096  15087  15085  15083  15065  15059  15029  15027  15025  15024  
15009  15008  14996  14996  14986  14978  14963  14947  14944  14943  14925  14922  14917  14911  14900  14892  14889  14875  14872  14862  14862  14859  14857  14854  14853  14844  14841  14827  14815  14795  14786  14772  14772  14754  14746  14743  14738  14738  14727  14716  14712  14704  14692  14681  14670  14667  14656  14653  14651  14648  14636  14628  14624  14610  14589  14580  14566  14561  14547  14545  14523  14486  14481  14469  14469  14465  14464  14460  14459  14456  14434  14424  14419  14400  14395  
14389  14374  14358  14357  14356  14356  14349  14345  14340  14338  14337  14335  14314  14306  14304  14303  14303  14281  14266  14246  14244  14238  14237  14233  14230  14224  14210  14181  14177  14164  14164  14145  14142  14135  14095  14094  14090  14082  14080  14079  14054  14045  14040  14034  14026  14023  14020  14010  14001  13990  13982  13980  13962  13954  13953  13952  13952  13942  13928  13927  13919  13912  13907  13893  13874  13863  13842  13830  13823  13819  13813  13784  13779  13778  13775  
13774  13758  13753  13733  13710  13690  13681  13670  13667  13666  13658  13657  13635  13631  13621  13610  13603  13596  13593  13593  13585  13582  13582  13578  13568  13549  13524  13520  13516  13511  13511  13508  13487  13487  13443  13438  13417  13417  13409  13405  13399  13398  13397  13384  13381  13379  13370  13357  13346  13339  13332  13331  13327  13295  13287  13266  13258  13249  13230  13229  13203  13198  13185  13166  13162  13162  13153  13151  13122  13119  13104  13102  13094  13092  13080  
13079  13064  13051  13036  13033  13001  13000  12985  12977  12975  12973  12969  12952  12944  12933  12929  12926  12926  12922  12914  12899  12865  12842  12834  12829  12802  12800  12795  12793  12756  12751  12750  12746  12733  12723  12719  12700  12694  12684  12679  12676  12665  12652  12645  12636  12632  12614  12608  12608  12604  12580  12578  12530  12523  12518  12511  12501  12485  12478  12473  12462  12459  12458  12456  12451  12450  12450  12450  12435  12430  12429  12419  12417  12408  12396  
12394  12386  12384  12373  12371  12370  12368  12357  12346  12345  12343  12343  12330  12281  12281  12275  12274  12232  12213  12197  12191  12186  12183  12180  12178  12169  12156  12139  12125  12118  12107  12101  12100  12090  12084  12077  12077  12072  12065  12064  12061  12043  12036  12020  12001  11972  11972  11968  11953  11932  11924  11900  11897  11892  11890  11865  11843  11833  11823  11804  11800  11783  11779  11772  11766  11755  11743  11723  11720  11704  11693  11688  11687  11671  11666  
11657  11651  11640  11637  11637  11630  11624  11614  11589  11587  11566  11559  11544  11540  11530  11505  11491  11491  11472  11430  11413  11405  11365  11364  11359  11357  11348  11347  11345  11344  11340  11318  11314  11308  11293  11269  11268  11264  11263  11263  11262  11260  11256  11248  11240  11236  11215  11204  11173  11160  11131  11122  11115  11102  11097  11093  11090  11084  11082  11074  11056  11052  11031  11029  11024  11009  11008  11004  11000  10992  10973  10967  10940  10930  10912  
10910  10892  10871  10869  10865  10859  10842  10836  10832  10830  10824  10823  10817  10811  10792  10773  10769  10751  10737  10715  10694  10664  10661  10658  10655  10652  10637  10636  10629  10614  10611  10611  10592  10577  10561  10559  10534  10533  10529  10499  10499  10498  10492  10465  10459  10457  10454  10450  10447  10443  10438  10434  10417  10416  10402  10400  10386  10374  10368  10357  10351  10351  10351  10350  10340  10337  10335  10324  10319  10312  10310  10274  10273  10266  10244  
10233  10215  10209  10209  10180  10180  10170  10155  10151  10150  10147  10143  10138  10116  10114  10106  10096  10091  10085  10083  10076  10065  10063  10063  10060  10057  10042  10030  10028  10016  10016  9996  9996  9985  9980  9978  9976  9960  9958  9951  9938  9935  9934  9928  9917  9906  9906  9901  9898  9898  9896  9878  9875  9870  9868  9863  9854  9851  9840  9838  9837  9828  9826  9822  9820  9817  9814  9810  9805  9785  9783  9782  9767  9748  9732  
9732  9719  9717  9710  9701  9685  9667  9654  9647  9645  9638  9631  9619  9605  9592  9582  9581  9573  9558  9541  9535  9521  9519  9516  9515  9509  9503  9498  9493  9492  9491  9491  9447  9414  9406  9397  9395  9391  9384  9383  9368  9366  9358  9357  9350  9331  9328  9318  9318  9310  9282  9281  9270  9268  9267  9248  9236  9234  9226  9212  9198  9191  9185  9172  9171  9171  9163  9158  9155  9153  9151  9147  9120  9107  9104  
9101  9090  9077  9062  9047  9039  9039  9022  9015  9009  9008  9006  9002  8995  8985  8961  8941  8918  8901  8883  8882  8878  8869  8841  8840  8832  8831  8829  8816  8793  8792  8779  8765  8764  8735  8705  8701  8696  8696  8692  8689  8671  8650  8633  8629  8629  8599  8594  8594  8593  8593  8591  8586  8581  8580  8565  8563  8561  8553  8526  8522  8511  8510  8507  8499  8492  8487  8483  8482  8466  8461  8459  8450  8421  8412  
8411  8397  8396  8389  8380  8375  8374  8354  8330  8310  8303  8288  8282  8259  8253  8251  8242  8241  8231  8219  8211  8203  8184  8169  8168  8168  8161  8160  8159  8125  8125  8121  8119  8097  8094  8081  8078  8066  8061  8048  8042  8027  8013  8011  8004  8000  7958  7957  7953  7949  7943  7934  7929  7917  7907  7891  7889  7887  7878  7872  7871  7861  7857  7855  7852  7842  7834  7829  7825  7819  7811  7808  7807  7796  7794  
7790  7786  7761  7739  7730  7729  7693  7693  7679  7676  7668  7666  7662  7647  7643  7640  7621  7613  7595  7584  7541  7536  7535  7505  7502  7486  7478  7476  7469  7466  7451  7443  7442  7441  7431  7419  7402  7400  7363  7326  7324  7319  7319  7312  7274  7268  7267  7267  7266  7261  7260  7253  7253  7233  7227  7203  7194  7178  7149  7144  7132  7125  7118  7115  7114  7110  7098  7096  7083  7081  7071  7067  7059  7055  7055  
7041  7040  7035  7022  6997  6973  6961  6957  6952  6939  6925  6918  6910  6885  6880  6878  6873  6873  6863  6862  6852  6842  6832  6830  6824  6819  6816  6816  6816  6781  6776  6775  6763  6759  6759  6750  6745  6740  6738  6737  6691  6691  6687  6686  6672  6664  6664  6661  6656  6654  6652  6648  6647  6647  6638  6627  6596  6577  6570  6565  6562  6561  6556  6548  6541  6536  6526  6513  6510  6507  6505  6489  6480  6478  6471  
6455  6453  6445  6432  6416  6410  6409  6409  6401  6383  6363  6360  6351  6344  6342  6337  6329  6324  6321  6313  6312  6309  6307  6273  6270  6267  6250  6212  6206  6205  6202  6198  6197  6196  6186  6154  6143  6142  6117  6112  6108  6097  6080  6062  6059  6054  6053  6019  6018  6013  5997  5989  5968  5966  5965  5942  5941  5931  5931  5924  5898  5898  5885  5885  5868  5860  5840  5832  5824  5819  5807  5804  5803  5800  5799  
5795  5788  5785  5762  5752  5737  5735  5723  5719  5716  5710  5705  5701  5692  5676  5660  5644  5639  5623  5613  5611  5598  5591  5586  5579  5578  5567  5518  5494  5487  5482  5474  5470  5457  5451  5451  5444  5441  5428  5364  5364  5347  5346  5333  5325  5324  5321  5315  5307  5292  5287  5271  5270  5260  5252  5247  5244  5230  5228  5206  5205  5202  5198  5193  5191  5187  5144  5137  5127  5123  5122  5096  5092  5058  5042  
5041  5038  5020  5014  4999  4999  4981  4970  4966  4952  4919  4910  4904  4900  4882  4873  4865  4854  4845  4842  4838  4838  4834  4827  4822  4812  4809  4809  4806  4806  4793  4792  4787  4781  4748  4732  4729  4719  4719  4685  4677  4654  4648  4643  4637  4637  4622  4614  4608  4599  4567  4545  4541  4521  4500  4494  4485  4480  4479  4479  4475  4472  4464  4462  4437  4416  4414  4411  4408  4403  4402  4398  4395  4370  4368  
4366  4350  4342  4315  4312  4293  4292  4277  4274  4262  4258  4257  4248  4216  4212  4204  4195  4191  4191  4178  4166  4162  4162  4155  4150  4149  4143  4139  4138  4131  4104  4097  4081  4051  4028  4016  4011  4008  4001  3986  3984  3978  3972  3953  3951  3934  3926  3926  3919  3896  3894  3891  3885  3873  3870  3866  3856  3846  3825  3824  3815  3813  3812  3800  3761  3750  3746  3746  3742  3738  3738  3713  3706  3704  3701  
3699  3697  3693  3661  3647  3637  3635  3628  3613  3606  3597  3593  3589  3587  3581  3564  3557  3556  3527  3526  3522  3513  3508  3498  3497  3496  3493  3486  3469  3464  3462  3458  3457  3456  3426  3424  3402  3400  3397  3390  3374  3357  3324  3322  3306  3294  3289  3283  3268  3245  3234  3232  3213  3189  3171  3169  3145  3142  3131  3130  3127  3115  3110  3088  3081  3075  3072  3060  3053  3053  3036  3035  3034  3029  3025  
3002  3000  2999  2992  2981  2974  2964  2952  2945  2932  2923  2916  2912  2910  2896  2892  2887  2880  2860  2849  2838  2832  2821  2811  2807  2799  2788  2777  2762  2759  2754  2750  2741  2739  2718  2701  2696  2683  2665  2662  2662  2657  2650  2647  2643  2632  2625  2621  2605  2596  2596  2592  2588  2587  2580  2578  2550  2545  2535  2510  2504  2485  2483  2480  2462  2449  2440  2427  2425  2413  2397  2382  2371  2360  2359  
2357  2334  2333  2331  2317  2267  2265  2261  2250  2248  2233  2231  2228  2227  2225  2218  2216  2211  2191  2177  2176  2175  2174  2161  2152  2149  2148  2116  2115  2111  2107  2105  2083  2082  2059  2050  2047  2044  2028  2002  1994  1989  1982  1975  1968  1967  1951  1945  1936  1934  1931  1930  1921  1917  1907  1888  1881  1879  1875  1872  1866  1858  1848  1842  1841  1840  1834  1832  1813  1807  1798  1791  1747  1733  1708  
1694  1693  1685  1673  1672  1665  1645  1645  1610  1608  1607  1597  1556  1554  1546  1533  1533  1530  1521  1514  1503  1496  1494  1489  1475  1461  1452  1446  1445  1438  1390  1384  1382  1381  1379  1375  1372  1368  1361  1347  1345  1344  1338  1312  1297  1289  1272  1271  1268  1266  1266  1262  1259  1257  1249  1246  1233  1232  1230  1223  1216  1214  1205  1205  1200  1197  1194  1182  1173  1172  1170  1170  1167  1158  1156  
1148  1147  1140  1133  1125  1110  1110  1081  1080  1048  1044  1041  1036  1013  1002  1000  999  992  968  961  956  952  923  919  911  907  907  880  878  872  866  827  817  807  797  794  789  785  777  772  764  763  757  756  726  719  691  664  657  655  648  641  634  619  614  607  603  588  580  576  572  569  555  553  536  531  530  514  509  508  495  494  490  482  471  
469  465  464  458  446  441  436  413  403  398  394  393  382  380  378  361  352  340  340  325  321  311  297  289  285  269  266  217  201  195  178  178  166  132  122  121  111  110  109  103  87  77  76  59  56  46  29  21  17  8  