55997  54287  42435  69623  50689  24699  73365  42726  64541  78487  50831  5198  29274  58006  56632  62184  78462  45738  93879  84978  80050  9268  14678  35202  54153  504  17034  49746  86136  7314  8876  2083  65536  52590  63968  36996  77282  81686  92018  6458  5068  2564  81611  99452  92177  92536  74687  96777  40446  45222  73695  70086  49644  22663  4485  74607  98944  18846  67096  12435  81706  67139  99522  71310  58094  87724  81257  60922  7856  3239  19992  41575  22562  56121  7295  
55653  16973  1354  44234  8284  15360  76186  31143  42809  21126  74254  48455  64382  52262  59926  57864  39034  67593  8118  16169  90597  32953  72660  72752  17895  39874  80106  98839  65380  48461  89877  33107  61589  63725  63088  90320  87409  77864  10514  3722  75679  93780  14431  6846  12384  81810  23747  69544  92613  59423  60460  8656  44240  13318  42606  40008  19912  60141  75714  73940  3731  22825  47294  55020  57052  61423  58844  25282  23586  83069  4045  30724  96037  13848  68759  
16059  53070  59234  92275  80716  62900  80823  5136  85640  10893  16505  62029  16092  25880  4483  7594  17985  979  28922  90687  8348  74950  29699  82576  46725  60782  15001  73240  60844  79994  19248  18709  62320  30046  96870  63048  11356  76035  27044  48039  79581  93190  82822  83815  17905  68744  43751  16801  66400  13686  60787  76571  58611  63526  92293  69319  35816  18743  6641  20886  30345  65885  35439  5152  46424  46008  69991  14879  4976  16014  97936  15917  81611  44132  51396  
62615  76880  76270  14686  50992  95866  80284  21669  89926  4158  14658  84926  54530  29688  78018  71425  38366  59707  12456  38220  34148  21426  43349  80076  4234  42588  36729  81193  58342  65320  18197  26399  61294  98374  96754  54979  66790  90543  443  13659  15000  72711  65304  36545  29385  46234  1691  44710  79703  91511  60351  64621  16785  84113  16963  40335  80756  16827  73958  32298  36642  73413  11495  14831  72227  95382  42061  82944  55596  9126  61432  43419  79625  20569  58514  
98284  31615  97842  62554  3215  52601  12815  78422  18373  873  59604  85123  26202  54766  91890  63905  74234  24939  81194  8067  27354  9916  91988  51580  65631  67049  33775  41963  24516  97476  74887  36296  2247  15484  84291  79924  81514  31525  3379  70668  98627  93619  35074  47206  7782  34154  62889  49332  39956  7201  9240  1393  74322  65658  19853  69324  95651  86718  63593  77035  41211  43010  27211  76312  61930  63120  70714  78341  3950  57375  77776  57716  70516  41374  3988  
26627  13521  7435  97130  64632  28220  37785  6864  80327  69349  10162  33444  84407  69679  12739  99215  82967  38116  3914  91677  67014  8054  62960  36805  8487  95900  42334  18555  76645  66044  97207  62107  78698  76533  60787  64618  51086  1540  38562  85313  1001  10898  81454  40682  80380  58560  73874  79  65510  50946  3304  3264  55161  57598  9494  62620  71155  71294  907  46954  36568  26774  15055  89044  68239  26655  68391  60890  75218  8311  10308  22696  55325  35088  38871  
65992  15025  6309  65028  48224  18141  5049  12438  57603  85899  64909  39297  69082  9627  23145  2328  29647  5629  6887  70078  40483  15926  54567  54473  19587  71570  1690  78140  13004  90824  3894  39635  68023  77306  64994  47312  4821  83805  67739  55345  9284  27487  47041  43515  936  25766  82208  70482  34044  80685  26029  69345  87523  92251  54274  96328  50988  12074  95821  73364  2411  7735  91163  24198  87232  79294  5005  18558  99654  72064  35903  93705  60869  75532  44173  
92663  13939  81978  75393  44634  99743  44849  74452  19647  53249  42862  69621  24435  70856  27980  75935  76692  77993  48034  23767  45855  83200  26567  44674  67552  79874  90278  80039  30330  3494  74359  70527  4230  79926  2158  78121  61558  65518  8065  8563  80720  54862  56598  67215  61879  77481  39555  93160  798  33286  21756  48062  74705  98438  54378  41902  22428  25542  62397  74224  43575  26056  89779  44801  95537  90694  67975  99155  99206  82743  97200  32825  64361  36462  31786  
55073  97800  87781  77351  57623  80603  38841  2501  65044  67604  48230  86461  37872  54203  40823  96425  63275  91753  19751  79434  15631  25663  56561  14665  77418  51083  35747  63770  55139  4120  68780  96279  25425  45198  83825  69387  6649  42268  62786  89796  21290  70071  40388  93760  54215  53889  95790  33465  91721  73244  23742  54913  72944  73735  14206  10705  88087  11676  20688  12411  24529  59427  71464  31500  65569  8265  666  81423  35620  45384  16699  81701  76456  69921  26320  
48320  51629  40052  32263  13813  54705  60178  1128  38413  59400  98206  46796  18305  35577  37504  61902  19907  80156  48889  46622  64001  62517  75562  330  17600  41345  44218  49388  82004  31305  9218  41252  40171  71924  3398  29283  70405  42857  75579  43840  96634  16672  31756  91052  39524  8158  39852  41363  92686  47279  13978  96048  82744  25382  64200  67259  62950  18299  71261  34565  12110  30903  78345  2060  67186  27999  47411  97375  42262  62507  72017  81103  68024  61939  16348  
83049  45434  9252  4995  89675  80489  97458  38552  97594  27414  85761  25214  73680  43980  3573  78593  4257  67680  36235  48467  27288  56062  44773  3981  10008  66463  17491  51767  41999  11087  41543  79394  55458  79648  98424  20749  46515  70986  78999  51404  50385  96449  95012  95272  83907  70757  18815  59892  34368  25133  10662  93524  27255  35776  51851  59303  13350  32996  71582  22522  7866  18898  75352  54839  4781  19399  29377  77728  54878  63033  84847  59340  82696  82031  7929  
55903  87808  3511  64244  18263  41134  87295  97842  91548  44220  55947  60484  21938  29907  11788  26569  23242  82441  82618  85222  19846  58862  92675  34801  28172  79469  45010  68681  15958  74267  47004  28226  31585  99114  30994  59462  17574  57718  36048  39520  22647  77761  16224  12351  8588  26912  96777  98973  88606  486  18059  89352  43757  18326  47594  81152  23682  51677  68049  85978  12425  50171  12010  9491  82794  7546  58881  11738  70621  31396  66098  59125  95579  36568  50536  
86055  50879  45667  12213  9568  58305  57514  99176  28011  42940  91221  46923  17963  79251  19404  67328  74  26638  20550  46650  38853  38202  42628  52359  71480  31025  61497  12628  12291  96320  17720  98835  75109  66047  28024  15515  93870  68682  86232  63132  27054  17699  30015  6581  76220  31549  95084  11572  70887  81992  24367  95298  54625  63811  10505  40848  71849  27614  69520  99021  56972  53964  29264  88930  68051  43736  65682  16071  28661  35729  22636  10390  32230  97183  55378  
315  93134  38667  71791  20154  71778  56767  32943  41074  45162  11817  39965  56402  58409  43080  93882  24990  63518  22828  51037  27260  62198  7430  13729  60642  