33607  35871  30803  31780  44476  85022  31359  76450  56704  95009  22147  42226  85208  91685  59811  26923  7142  60807  52950  21760  88914  75455  11879  42739  74529  59943  48596  18650  52492  32098  25439  6393  71244  93873  64325  19808  98069  98817  24157  40316  3875  40238  67236  97352  63930  128  16168  48253  74806  50135  58230  44481  50492  9991  27406  78842  94654  59727  79694  5077  33771  33594  21600  89789  84459  91980  50057  99553  48907  11934  75480  67148  76323  47887  64747  
64728  85925  162  53854  46209  9032  91550  47973  4536  77596  81313  19129  51606  67039  86253  85800  22214  82147  40820  62676  48849  90547  9506  83917  70824  50630  2979  59937  4034  73982  57560  57152  4504  66389  11930  71837  1244  47285  70160  38862  80573  96314  62549  69214  99572  6731  6477  47764  84664  60572  74009  23384  52635  75446  95545  78710  32491  93701  88176  33425  50638  52292  70728  31500  67480  67680  18547  32917  26587  81122  14426  38332  8479  55715  54714  
53409  22565  8453  52017  57525  77910  7204  68206  67911  13437  22281  715  76142  1282  81210  55320  18080  90095  13040  93177  31213  10043  49989  29627  74101  82425  18554  98411  80229  72343  8410  8831  51782  47788  95732  66501  80817  90653  57711  56903  48732  34426  16305  75698  33401  76316  5142  88399  63246  65822  50047  83630  86584  59952  8687  61453  11275  29384  65131  65747  43922  51409  96850  11867  1594  89739  55819  98182  39100  58700  47379  68487  99637  43816  8638  
99289  35195  57749  64965  2597  87371  36548  26511  14549  91352  50773  8770  46115  75855  4102  82432  25657  7950  45301  13953  13692  71607  26856  82931  1025  88044  96171  85105  48185  35902  66026  5599  81663  69201  13416  55685  24235  897  68402  56175  43529  35963  37364  6846  67879  11484  880  67459  42439  13215  64081  50600  850  2761  649  17377  98508  89100  60522  83914  87136  67788  44670  17216  77631  8916  18220  85706  60615  60555  56159  99680  52032  41802  15521  
51203  61999  41543  86695  57738  24974  82139  3062  72480  93035  34325  28232  83366  17769  30491  76133  3996  41903  8530  11455  17347  50497  20157  43964  13134  90419  92224  7702  34990  23094  39557  46273  67500  1516  28396  96380  18878  53476  98063  93333  55285  54288  84986  36684  61949  53720  10954  30145  77773  97834  99485  66976  32006  68872  10071  2752  43672  52421  32934  64134  47355  73534  25039  82155  50501  62809  63968  24239  98740  88895  10945  27868  69677  67251  43768  
90657  27142  58131  575  2082  43132  6793  59228  74647  41066  61668  32011  61095  73579  71852  27726  47412  25511  19257  27336  93438  73136  2432  67108  61202  79446  86960  28735  71690  54868  37562  5946  46014  57655  8047  53466  25016  11066  73389  67743  58677  98106  84099  5261  5708  13543  79063  32405  5073  15254  19274  65094  27938  80361  34803  32882  53930  71252  13898  26842  17447  21712  42099  74490  79574  84180  36915  78009  51597  54419  91851  50236  7662  54194  7182  
13717  11026  83522  62884  72793  9734  54031  37707  37951  40651  79105  81959  12281  33712  67322  82899  87476  54951  69334  26345  57609  11784  499  91647  20553  21868  91757  63587  68890  28829  74731  73185  81015  81512  59360  12009  76496  58554  17126  84914  2962  79877  75700  19541  84536  14668  13584  62425  53179  94636  34573  17443  47429  76060  39733  15297  90808  9945  7526  72473  43503  39020  35996  22777  50105  17696  14354  85329  48423  67195  18655  55025  99751  50056  47589  
67270  27921  93619  35852  43023  43400  10935  3330  30032  19292  92684  85826  66150  97753  24392  42127  41840  20884  95549  62543  83928  34640  66873  35194  51286  18013  85342  39779  52682  93264  65723  60590  89091  67586  58370  56370  23676  15356  82820  70189  66177  6860  46078  93713  49013  99188  21467  35742  94732  6238  71876  22568  90389  20969  54617  23087  20043  46443  96728  64540  19541  55863  82586  32947  36779  95013  70705  26827  66110  61270  45062  74411  22730  24801  49559  
63434  82272  43077  18019  86177  35043  62952  6231  90040  13644  35358  94720  87507  75502  3593  99827  56651  50444  57962  75890  70564  4635  49743  27276  75513  28432  24947  44399  38236  91323  23478  16030  59379  37841  57162  68056  84626  40908  74230  80808  24765  69197  16288  20378  62112  77510  18313  26276  26099  62555  50420  767  36961  33806  35193  42355  65014  13943  71854  59938  44724  16432  7380  94106  32228  14994  49268  94007  91875  45017  29136  22596  50039  1909  43263  
34801  13545  3009  62683  41606  5622  67629  60435  61210  48863  51386  20705  28413  47716  77962  79871  15897  66157  94563  35066  8919  31811  50485  48089  89824  80912  81345  33990  61896  87077  63856  37997  7691  71022  35396  83297  75778  7949  79673  56962  8572  68808  27620  98739  64507  14414  84264  55313  69337  78879  94101  78961  98805  41295  32961  93145  53246  83967  76143  49356  396  27075  80390  77841  58562  36791  71438  13248  98511  21603  87682  5844  97205  11813  65320  
15673  41831  95116  29631  74359  6829  59508  99293  40197  79835  74710  74197  10715  3297  46626  28977  2118  2236  49434  13839  44219  81524  72252  37848  87437  7863  13203  75984  89752  26339  46754  74759  74014  37869  93067  83534  7293  27035  18940  15366  61006  7401  76014  56837  42260  42891  17126  20231  38930  81160  4956  91396  66687  74167  38930  2248  83430  30283  5137  70064  14436  52164  69068  97342  61994  44124  78038  66173  86271  14793  93679  15033  10262  79325  277  
8795  54983  16701  30687  90793  80200  89172  75380  51507  35860  39  23680  75409  13007  49800  13111  55310  89715  56979  72191  34399  47726  53296  22809  32696  77110  69588  31603  92300  33347  48809  6121  18673  43652  59315  40807  93290  3218  75569  30068  70235  24513  17270  71735  79121  40693  85775  69845  12152  83213  60944  11942  70002  21097  54544  79263  59596  46250  23672  15498  59850  3865  49388  94782  63390  28806  1447  18752  6488  86888  80231  34468  58792  21757  44249  
44497  28239  47729  72786  25017  35129  40746  69242  99102  69996  9245  64404  15944  12550  94083  26164  85779  63892  30698  99206  26918  39443  98706  49758  87348  64182  35092  66666  76528  43662  69313  41360  32016  54293  79456  8010  47318  5023  28586  14310  84518  47306  37314  80265  78062  17991  2285  79497  1622  65367  18482  53060  48855  51557  71298  41719  13365  30879  35741  64192  48407  37589  81583  83404  13565  96511  27929  73519  4889  79180  87693  93975  48709  24444  5605  
10258  19230  47790  60988  30175  78755  66694  60301  20331  27368  62420  51963  1132  67114  53237  78522  87139  5175  2737  87460  5582  11319  25413  1380  92843  4304  76413  18745  74140  66599  8325  14168  13154  29734  78268  55122  32272  13921  76086  42234  44456  84182  49802  85381  16370  86421  52156  37095  34653  57891  90372  47780  97696  18968  28776  62551  30657  31973  90965  72789  74510  43089  26661  43417  57364  66535  58701  68070  46386  67873  51746  66826  61873  7703  68417  
19464  43955  99795  17983  36780  58612  59883  43127  68481  35661  27705  79680  44996  1612  12695  14483  77054  83936  6073  42682  35261  4210  65286  10910  51212  4768  58571  32774  70857  12936  32002  931  2728  29483  28140  40544  67639  22529  44749  33631  54605  76644  80140  10796  30635  4589  45568  57925  58686  24843  58612  65093  74855  5106  34501  14754  5099  93122  89123  1027  31809  94501  73182  88268  30469  70190  8819  58175  95461  20491  22057  40172  38416  92449  71244  
35706  15403  98201  4421  47883  312  98897  62868  8167  58237  53474  31071  67850  49156  96814  51081  52160  89909  63055  61093  8484  12705  13075  86918  94842  14000  73200  95987  54839  64706  74942  42995  49619  6705  48309  52287  66797  18666  5354  30496  30003  9979  65553  44549  14156  77048  59467  98931  92586  45938  35068  76142  44534  36334  73200  96147  75066  70935  63895  38326  17778  60133  96791  58110  78435  89839  93396  19072  9999  42914  83619  5120  73617  72458  37334  
34027  74990  68151  86776  96320  8022  21789  66343  55773  94741  7355  85597  45326  2596  260  13180  25014  61800  11265  23555  27013  6770  53323  83671  20801  92597  96518  16966  61664  78588  14272  28930  66812  16255  18758  33319  940  46234  28206  16000  90640  98663  32625  97678  90716  46640  35748  34618  58182  99954  88869  10750  60220  22317  23141  1145  63416  54941  62839  71778  23629  34384  14118  77781  20263  25944  78980  4416  80590  59759  12465  18107  5274  4952  16040  
82292  26563  95068  62755  62660  64152  18150  93923  76650  12133  79969  28328  21425  85820  66978  80175  60695  94788  94898  22270  84975  37321  46033  28350  71001  19054  83388  75976  87465  33892  29211  14783  42620  29363  5109  60357  56933  51608  78935  70914  92818  8143  19831  89442  52117  57966  10527  20876  42236  68915  61617  23198  43135  99853  96245  53031  24911  30319  13466  95660  52635  69748  44172  96013  50134  19073  87745  73201  72552  70124  59291  88383  51317  18407  70357  
86440  37398  143  18700  52816  60925  83062  43134  2362  45708  94793  4889  9914  58799  37521  82929  29439  84  84347  19892  6512  97376  55965  36396  76206  84877  64251  60348  59045  52897  31904  79895  86704  23734  40795  67000  88711  33756  39448  17778  53959  56779  50959  86202  70164  85975  93756  24040  32973  68817  36140  34982  39392  29257  58382  90987  29575  3833  7169  27213  41396  53683  654  48325  49078  26835  89128  17027  67961  74357  55028  49971  48273  22879  59195  
10805  69322  76963  54257  55883  13888  94186  21018  70117  19814  71599  17707  44186  1146  74652  70005  35304  16330  98069  79019  7068  14851  46481  77166  39355  26770  27061  95998  28509  60869  67934  88275  48472  52879  26336  54287  45911  82257  4326  8936  42859  32412  63564  18152  92601  99370  81018  98014  77913  56170  8299  5340  66236  71544  16577  20366  20215  76579  3877  41462  45493  26672  99828  21575  46675  74452  34415  75905  82774  95552  76532  57321  57749  67282  5751  
53131  51942  38680  84415  36452  20208  86833  91297  70704  79249  89080  63257  30356  77971  99302  86731  3546  37364  57545  67782  68492  3251  80616  44817  20971  76413  14111  77587  41725  27582  92568  88288  14152  34525  79552  81404  76835  57146  36286  36915  20311  76191  90513  97627  99524  71700  18339  39439  54910  77948  48662  7290  34435  61328  17054  32162  44322  7863  43088  38709  21240  61601  43007  31145  76274  14321  15052  74410  89275  73508  33750  50740  90559  372  52812  
37331  56658  69987  33063  50236  21271  27729  60921  50145  89397  94615  63530  26976  44696  67263  98980  21580  55538  89202  42136  82263  9445  59791  14002  79940  54921  19673  62869  22863  78982  32828  65158  70012  49479  46213  49395  89526  75277  35986  95788  91273  53869  24887  95974  45621  77334  17445  35276  95721  64676  65699  651  39192  75439  73752  37522  59531  33834  16912  63324  58099  12642  25278  26497  4030  97821  98614  72610  54961  85661  7550  35646  5449  43878  97760  
37741  18456  51722  90633  51698  23990  54119  50253  72445  63452  4386  46251  35684  6844  73253  24576  34867  27573  2656  13404  46551  45659  5273  15068  57167  86791  72324  37815  79498  20390  7311  18763  85126  81466  14198  70362  17205  36747  86602  71400  21359  90365  2169  62629  17509  24090  18418  29761  24402  46559  12729  95143  92339  30913  25682  14306  81107  12969  79423  94372  26310  91474  76785  98664  1056  60072  8467  58787  49263  5577  75021  42981  80264  52351  98732  
98331  75355  83925  38447  76324  103  90563  33640  8076  21376  3757  47979  75630  87346  94503  82105  45174  22987  28207  65601  91635  63776  4061  40523  15705  3175  6201  22095  7623  43121  33078  97888  1717  55166  48017  94768  41093  27511  79225  80681  22522  90511  39123  93994  63782  83573  79488  73710  33599  50495  12677  40815  78267  15669  79917  75593  39350  82374  43610  62475  32581  34932  32373  53830  56847  8116  71655  69622  66261  96621  16434  38312  46854  55533  32198  
10872  58262  89882  69562  52547  87551  28774  23134  3558  54429  7952  73026  9741  59857  82486  43069  32140  22346  40061  25484  75379  44223  93441  15469  25361  25156  48187  83021  91546  33121  53066  4268  38892  94963  64516  54366  15606  43574  54852  23299  29269  87991  90138  30468  78209  78307  56749  13949  92708  15184  6538  89998  58391  69933  15847  20065  79413  8200  1840  74517  92053  57084  75897  76745  55450  88040  94974  45730  26112  18251  60008  14413  95773  13020  46495  
10669  56707  80109  16598  92320  27016  55499  87803  9666  40892  81690  64684  61694  54444  85760  17998  49580  61224  60687  64058  42187  99195  29911  65374  3411  35759  51474  59603  19814  65621  1261  58493  61521  22664  35097  76910  85975  33221  48327  44661  99742  78361  82330  40606  25805  24983  11403  38690  5274  90956  50350  45452  34407  17815  43609  66605  33110  54968  7310  95006  2826  6664  38868  87776  76579  11837  29351  52610  64650  1826  25248  43679  81645  86206  50035  
72249  24102  99307  82608  23161  75898  13504  52980  43705  57627  19735  64750  39414  7368  34678  32261  785  84136  72870  63647  13086  82890  60951  72919  90546  24895  55046  59530  45246  89330  99566  22462  38137  18415  32260  46902  58134  56106  99406  86970  86305  4730  32773  37769  38390  4808  24401  56222  2865  84980  19830  65164  64335  93488  54906  83435  35920  72251  88653  8582  9151  51988  86390  24811  9554  48516  61852  27116  6225  85730  20604  43858  78439  70463  8174  
18650  47995  20702  5371  81366  91217  16468  92773  81703  60622  14579  6950  21001  99381  52933  69474  10090  10359  36102  90817  64681  69671  37644  95843  67790  30565  59506  91330  84257  15151  67210  37849  17527  19645  89079  96334  77844  55463  42770  903  40478  173  85074  21130  8199  12624  44887  93490  62167  9885  34860  75978  5640  68271  42784  35821  85438  5429  59590  60479  23022  42642  45039  6091  9444  14400  87009  99302  31081  23519  82854  75107  79694  65965  95984  
18290  50423  13825  45875  46676  59342  23134  44671  65789  8720  10212  93632  82043  76893  29295  37663  74095  91219  88777  78517  39860  12992  63002  62666  96745  33016  9862  32724  70479  18446  36817  34687  20588  75246  54172  90116  65530  81366  29499  44615  44639  34854  43775  2831  97098  23717  56363  23813  70210  2375  16985  34951  93342  65457  10836  90444  99545  68858  80396  94625  19757  48645  51626  66160  80014  42859  19881  15173  62046  31713  37292  16340  11991  56769  97409  
9045  77521  42620  13559  34171  81601  38323  59752  35303  61308  26907  3358  83011  89311  41140  14629  64307  26543  89366  5957  35337  69772  4335  44167  41861  41813  68807  64209  86600  22094  67207  4955  38848  15638  76613  24740  6241  37198  17010  34622  51965  26367  97883  91588  78016  32558  33062  89580  88182  13424  47268  48064  15922  89901  50642  45405  58849  13504  83286  75431  73871  41629  40204  17492  55593  19623  19081  32545  83486  95761  27018  85722  63066  62174  28838  
86682  53130  90755  79325  8231  59128  3993  59929  86693  57968  6124  73135  58140  43863  52982  44018  74889  48021  35356  68821  16083  21471  45228  48963  91965  86455  48342  56704  35262  10272  78021  70171  2509  93126  1225  68133  78004  88837  63290  13745  80956  16907  26460  48714  66237  56305  4401  24511  90624  63257  62266  80006  47787  98681  2282  79909  11549  22046  84310  76332  53140  97258  52752  29121  69874  42738  25241  69605  2454  63349  40846  42887  41603  19982  91510  
27784  50672  89660  88487  12958  10130  9598  24944  63489  16010  64448  67431  28820  15850  5488  44731  36328  34432  6343  68814  6115  20263  99363  36496  95720  42154  25381  65914  53037  49756  55006  10274  33255  31602  64801  91610  15712  38822  89669  56652  98109  87823  31146  49405  91716  96100  53561  85888  91327  71943  94251  40722  40690  99595  91106  84802  14822  29470  18210  67587  11777  9921  6780  34386  93342  24571  73835  14838  25182  87331  452  1597  37609  60141  44181  
23425  7722  61856  95833  19939  90639  26440  4388  66263  34323  45269  41068  82769  19512  12724  32942  33068  66468  22628  94028  27455  85061  61507  37103  93858  94865  134  76467  27182  76409  63645  94645  63594  50670  77865  17518  8573  80662  18834  95750  20621  91723  23238  38423  18216  7659  12148  56156  34834  7887  45435  77456  57335  7148  56406  40207  52144  80764  48320  70423  24422  75854  51199  93777  46675  22017  65703  89679  30971  76535  61743  53535  4869  49336  39970  
97185  37181  20765  37687  50176  87840  97923  91319  14655  7456  76744  90164  20606  61083  70702  95614  55590  3213  11814  19013  89393  32069  73453  31050  15587  30297  51221  74445  56050  17970  13351  40229  44269  22306  78549  25331  85129  58646  25328  17508  77456  82161  49508  15349  14929  29490  66729  29804  31146  69848  72158  97902  51475  90930  37573  39760  62877  539  92563  42002  26370  87723  59954  25172  15170  24250  77774  65388  36034  45015  18128  66200  97206  5584  68967  
80068  57362  87486  29780  43218  22124  66203  35172  816  16287  88188  75912  50696  51991  7420  86236  12284  76331  4542  98395  55094  25283  7135  11756  2694  47502  9835  98814  57178  68539  34002  17373  26888  35944  48305  40589  91407  44197  80145  59929  63906  45209  89059  8443  55429  88247  42320  54432  38694  83831  51744  68857  51442  3851  69655  76371  86235  93788  71127  97150  86006  33491  56105  19112  57568  89377  24514  91520  71614  15364  1183  3158  77923  55820  27875  
30917  50430  71396  781  93698  35146  87746  11730  63423  36530  73890  76536  51967  30469  38126  53858  19114  26727  32901  42250  65134  10601  32282  74940  76208  47184  34542  74740  79731  40500  10350  17401  22836  33299  92701  64570  91368  29028  80396  72237  20619  28171  9723  12487  20394  86737  54694  167  12604  74843  85106  96690  22621  48114  32250  21742  55369  6284  50448  80218  7348  38301  70767  43038  52476  31105  38178  69880  59294  51016  47925  37512  31667  34826  44422  
38886  8055  70497  34876  13087  73026  99108  68997  5236  30077  92944  39020  74728  81553  49535  42235  41907  32798  7652  90680  63193  90024  61430  15613  43630  95024  33522  85188  95800  36073  36223  49863  66170  93456  89859  31285  79252  46414  42868  44760  2681  43332  14637  1854  77343  85044  51405  59809  32654  80827  61341  79383  1987  21494  7660  79606  45075  94586  80623  82969  47599  35122  82314  58658  46125  33872  9272  76357  94197  63043  53724  53000  10405  93925  94028  
13813  66411  13174  29576  81369  4569  50110  6394  37269  94421  10128  52453  77633  45566  65353  34631  32300  98589  50884  76775  23799  1014  79611  76289  93193  51518  97201  85135  57997  79791  66235  9754  2448  51040  96173  82616  7187  19246  45340  97153  41281  65599  14726  52477  84437  37237  48131  39510  93069  1214  12528  14208  73923  63185  22604  89423  78323  60746  72730  83788  90877  69155  41432  23337  99957  72002  99560  90659  68364  47273  72996  99139  71868  8111  28899  
17569  59929  35091  82499  7378  86824  60513  94711  34963  81207  149  81068  26420  6980  71393  74446  30891  14424  23798  51539  82351  74502  38723  27112  16682  31095  57528  77821  14120  4276  43036  68092  71657  96673  18201  83444  51546  50280  3541  61639  75570  65837  37615  68834  40816  99730  11625  98505  95892  20158  58138  65160  36135  29957  82423  70590  34465  28956  42634  80078  7241  5763  21841  57188  90021  63644  35006  625  72137  18691  7857  83153  72833  34423  2571  
39932  11171  45480  29487  53328  19250  84365  13117  19828  94790  6933  56026  9600  17487  96993  30674  98813  76674  8391  73166  71211  65386  42550  75563  14127  465  93070  41921  41237  22252  18864  89100  73037  15941  80624  64520  19841  3062  91275  37563  79358  43768  87939  27987  75809  19470  43505  69355  12058  27308  64794  49004  98109  83449  93322  6813  52451  42825  41383  30004  5936  97240  93584  86067  7635  45135  62224  37521  70224  39114  99826  49332  58732  92147  10291  
56379  84888  61640  13223  5967  98489  94392  32476  72483  30382  98008  17658  18490  49695  19060  58673  55981  49153  68559  6136  63570  10516  77129  45655  21427  22165  60390  13739  46353  81252  28721  42400  26583  10292  49386  99934  5205  21183  99895  10983  1018  29292  60079  12810  6847  2486  56575  99468  17013  59903  6487  61763  775  64505  76399  56074  97806  330  80896  90184  80340  5502  93437  46204  19521  21154  44598  10727  79480  29783  63746  7721  27491  32209  66229  
94021  44678  67588  46288  69673  8676  91469  17946  75191  27843  17805  55494  63750  38782  14907  51915  43936  74425  20702  42315  69936  31791  10508  48418  50672  65719  98600  74095  32044  46544  72991  35851  5050  38842  76382  12725  56080  86506  8605  11717  93109  43204  19178  2849  15783  86833  29543  75520  28459  42450  27224  90877  65064  56904  1899  59580  17108  34291  28488  42416  6974  46035  56050  54293  65928  3079  5658  28727  55564  55954  64836  47002  55242  42938  12696  
29593  19997  55466  16124  70070  92981  69416  31034  74592  50093  44469  64400  86474  23846  77304  19724  16765  99790  36252  14731  59146  76312  30105  3491  88952  63227  51962  52550  51375  57264  9193  23410  35283  22856  20112  6367  12017  51610  15478  58406  295  20293  36955  32467  12221  49017  59016  5259  17360  85836  97560  59273  43171  95849  93933  16663  22021  36468  77253  2879  87409  38087  31306  8678  81645  55750  54216  79407  78169  45252  86113  78156  44441  97132  13320  
5623  58060  55898  75368  73333  89693  23405  98310  19502  60025  29233  16793  56176  69057  56506  468  19933  23027  46812  41574  47771  73877  26399  32079  17170  83818  58214  85071  16820  59927  78055  7575  13364  38290  78850  3608  13559  34811  13804  75626  81182  22123  80422  52967  11838  70455  10127  92054  30701  13217  45133  80326  42694  88121  86596  96489  28337  26330  34600  53724  17650  30676  50358  6517  64651  33819  10926  72759  11996  13877  59693  75180  93132  71347  68610  
24146  40537  4648  5102  42523  85369  49359  96386  42755  50159  23159  99808  33815  59452  55849  96262  94003  7745  48891  58934  91790  71624  5667  96681  10474  19081  99235  55469  37855  69382  10202  16166  33346  40159  33201  50574  55588  9841  68375  93051  4930  43591  37936  62762  68822  55032  12350  73276  44422  78272  24051  3400  79667  32439  55262  74693  86626  31970  45221  72109  8217  78820  95135  3337  59604  45363  17492  56393  55844  90005  74304  18333  41613  54587  22483  
92037  52276  22115  93378  27267  50772  98377  97651  22223  97910  15212  60911  35258  81099  99839  45836  79523  86125  56504  9723  52176  51083  55689  87063  4563  65084  82950  71041  86358  11052  34150  4397  18761  3152  25149  65476  35622  10638  30961  26713  46818  46482  1059  54747  80558  92036  38448  3283  86109  3802  25142  29219  99194  85200  68555  9874  87125  86329  33526  8055  96856  20030  55866  75543  47830  73926  45097  25701  93600  59867  72434  59998  27407  96114  94640  
14091  88329  83542  5107  65946  23670  51686  43702  94838  59321  97412  41074  77551  15577  66147  81087  15496  71211  82218  7083  73855  19442  81443  55541  85503  56825  74474  69574  50617  5860  36832  99452  33638  18636  2074  17153  48265  65337  43906  66796  80271  50954  77537  76345  36487  92948  15660  89967  42637  16504  36139  9807  8211  81872  92431  94625  25397  65700  37102  81618  31306  53288  78036  49662  20699  48108  62223  26765  44853  44976  89561  62942  33939  89225  70987  
77019  11993  54690  79034  30767  87881  91638  53564  24036  27736  87342  12950  39872  61044  10424  25171  10961  71789  93988  11009  28779  52133  94967  5114  29720  45552  17754  9928  55594  59804  33752  35215  57779  50162  77969  47012  154  50455  85415  33196  92098  71294  10660  46775  43924  66903  3544  80020  98189  46597  58316  62272  56810  73797  90594  34148  70231  41949  7210  60716  74306  35883  13406  79765  91734  16808  82555  28661  54844  63262  39665  50507  14750  60688  39617  
77317  3150  33109  91630  45294  38113  80232  65554  24981  52456  74590  60782  217  94735  39896  5135  23675  64438  3634  7139  29125  50904  85300  71430  31717  85977  41847  50960  65602  89548  96967  99208  51255  15718  96955  57413  67762  93703  85996  43239  3592  87737  24801  56965  4450  25030  35650  97852  47175  26150  54260  91535  33081  4138  39466  19810  48581  87935  89232  25553  46816  45387  92082  3225  75851  92921  1607  33926  31193  10296  52797  90587  64716  16214  82141  
94888  24730  87954  32106  43012  57058  40323  67611  56185  86207  3539  82086  58462  23031  50469  39204  42496  34346  6683  30121  57066  64438  64489  26008  22753  83204  90721  59516  95117  9144  7653  2393  49658  84596  12168  25853  52967  74378  9099  57625  79391  75772  41475  72260  89790  20000  6687  44354  3587  39119  25515  1492  61881  34187  5971  76110  69634  43750  28411  24832  97694  26889  15293  25449  81289  6818  47256  70359  82961  48982  23120  53171  23165  13648  43142  
32394  77182  67225  10928  27339  35954  19168  58592  10791  92952  18986  35615  54588  13356  73680  90187  74098  72747  94692  17105  28456  81428  38596  62650  99196  58674  64984  29003  93448  19808  34670  92250  55329  96732  5128  57081  35049  71648  16702  75468  72622  8273  94658  96987  70517  38427  7383  62502  87595  72546  72009  40657  14404  25950  82710  3174  37849  19182  95198  95815  25663  96015  68741  69088  46677  43089  32081  31242  31876  86203  77015  97878  53204  23364  55643  
99149  1105  26519  57540  11439  32379  53174  49578  77339  5469  59207  56437  13914  14628  90965  66955  28966  99392  71698  65060  7582  42177  47170  68039  57003  41014  27672  46121  50474  40369  79269  87230  21485  19875  17270  13040  74844  67281  38751  9390  33432  16200  85834  88159  72289  84049  92519  91471  80062  30467  4310  40106  20672  14378  71203  91786  63969  29223  38455  58268  14604  63119  69200  30983  89744  72067  11088  451  57079  85879  7322  57794  41050  67066  18342  
62281  79003  67568  22525  1247  68511  93051  38819  18148  86395  51620  86138  36217  46618  42260  38482  9886  99539  34655  41232  71205  42412  69488  66187  7820  36261  10728  50996  42737  90977  98823  43889  36232  48021  19937  47974  57042  88324  98413  39632  94266  41369  23100  4335  66157  20569  37112  2662  78988  43361  81330  87175  81613  48620  68907  16377  22025  40790  42389  16809  74867  97302  72410  78289  16950  34167  84177  40226  58840  54429  70756  27610  6237  65848  28795  
46890  46230  27621  56465  56549  21944  95618  95755  64039  35697  77784  35957  91738  51578  65792  34860  99427  37345  22718  21266  27720  47716  34573  11970  11742  69386  86147  69864  12300  6544  70358  23109  80610  28314  30241  45691  43338  60525  45797  66386  63799  34436  77423  911  41351  5809  57900  51756  69816  58906  69266  69411  11981  48733  2367  62517  91155  80379  12717  32966  81847  83128  70692  22335  52658  98311  55177  14892  49239  12360  41764  27013  46076  76798  61937  
83503  85311  903  61924  15023  63254  50477  37921  20257  23361  5536  881  73818  21370  39665  29571  93028  76297  8714  22102  61556  60265  80303  50922  3449  8727  83603  64794  18129  51058  9111  54466  92719  42628  44116  68078  76882  529  18794  12217  4399  32944  91133  43913  7165  5764  18828  70675  62463  62308  18789  93769  55941  44242  35045  89590  17331  70905  87461  95403  76621  73498  4099  88693  88715  11756  37333  57243  8759  19320  63456  37573  6173  8251  61768  
5157  42828  13986  31334  4365  54988  71283  53437  12001  36058  37480  37684  6085  22134  31878  87171  32168  56165  1526  82293  13675  315  92716  83407  40243  45628  19574  4223  1182  16883  34505  95235  51057  90552  4447  29360  24048  73630  94767  70101  12795  81098  4273  82117  55987  34106  53554  17369  8239  75559  18797  58699  59893  59399  16878  76339  3565  92759  32621  62023  13441  56760  72450  36469  78471  85067  82969  53038  11067  87113  73063  21646  36520  6117  31049  
14398  47346  11942  86264  52390  61305  90297  82264  93600  39033  83383  50956  31102  91479  71415  89192  14924  36898  85784  6991  73966  18425  10626  54707  55571  17802  22108  73183  45516  40405  73311  69992  97577  55032  94249  32216  95721  89585  79402  58697  22794  279  21054  32621  91732  4432  49432  46761  46253  32170  5533  86198  79495  18127  46774  81407  55819  27070  35488  3442  42525  5656  86487  57737  42348  82182  77289  74226  99668  87313  3118  17774  85664  2734  21646  
25076  58892  16630  76050  36010  7685  4588  45119  4917  50057  38255  22740  54229  97300  56484  23347  24792  97730  95591  6654  48474  51671  86710  28066  58278  4340  41399  23521  75946  59932  65699  89112  13811  81383  6823  81423  2420  45359  50912  77906  37256  88073  12547  5352  94051  13880  14767  68789  56821  70352  57066  3624  50851  33766  8346  89600  45040  68958  25730  57565  28304  61926  73511  24242  94446  78414  89873  60378  43181  31744  40812  30673  43752  85792  78191  
73634  40446  47484  40514  23555  68746  81208  39306  95792  76652  6481  89151  63095  33141  67579  89670  34422  4106  49658  48625  6426  82334  76307  9646  45309  124  89834  59419  11779  5360  32464  17700  6622  31672  40904  2127  1986  67562  96277  98370  55519  50275  8984  97194  9198  85566  42323  44642  39730  87871  99537  11471  65466  27585  83041  65472  33456  21560  22102  95489  78455  84287  39547  39266  59530  19938  3328  38607  59390  46094  90250  36492  8664  32209  56108  
52850  59493  96343  60546  44656  62807  65746  25822  10942  3486  98553  23970  55859  17402  4937  7684  45153  50866  32826  33708  30833  3306  71341  24161  80356  82504  2642  59702  47173  62464  61664  61084  5515  47501  9845  28953  40748  31203  23405  27311  6103  9322  13244  82657  40826  27595  88785  84930  93968  43145  57833  71073  88767  69318  36985  1662  77739  70813  52148  3158  7117  8332  76150  79127  12267  25638  77287  27844  83691  51620  52137  60093  35431  95179  1948  
30212  6378  8248  1592  48271  41644  52383  62327  62904  48123  13374  89293  57484  17155  79697  27876  87921  67426  56483  17608  50589  12178  72485  97099  13378  79650  71348  8785  97074  16209  82717  62152  77237  82298  6284  427  87353  12799  99517  66434  79725  65323  97034  48317  44554  69739  76688  19680  29719  35642  57893  56033  90631  60243  91329  14101  99260  45427  4092  39841  44163  61654  40566  87881  92140  2210  25435  38027  38180  78724  46454  41882  13511  2278  80550  
23265  77149  77415  87060  81149  61927  16879  69707  4504  23664  53031  70241  36650  27404  19817  53326  30381  1838  22138  6423  59399  4411  90769  58367  23884  68111  33579  55420  67003  22827  71901  53751  94926  61025  10045  82772  22958  91952  92508  38781  23007  13618  36959  9672  4314  83133  42078  50948  55951  15143  49462  98160  73560  3780  83021  20795  47090  31641  79178  81628  5722  70662  45732  50932  80870  75900  60364  62805  10035  1819  71644  63325  63731  24236  17726  
71918  71972  58062  24888  86263  47414  75855  11389  2743  63112  56327  25908  26278  70022  93677  69003  91774  36374  34185  25216  94622  35422  23660  51496  59333  98685  41191  79546  1080  29619  2571  1418  19078  34540  32930  13535  44389  20603  40448  81125  91071  15932  16434  17660  69794  98040  94765  54268  81684  82375  87243  21450  54174  1020  57683  30016  89645  21845  41086  18348  73705  75433  57567  62116  77621  50702  57062  87985  645  23362  28015  9009  76414  80415  67994  
58303  58361  91170  64084  62919  34292  31819  95819  87026  37182  79303  22271  66891  90105  50797  68129  73140  145  46194  35929  67021  87736  75773  64546  98947  73979  81245  3426  85891  46534  9120  39160  40082  40609  30556  87236  44518  72349  49610  79057  4330  62144  28744  27295  87556  2016  27089  91391  31886  36887  71850  28940  16222  55031  30763  9818  25804  13069  66469  15637  76213  52248  89684  61317  73247  49386  83810  72057  41764  80419  18340  55816  94865  48680  70836  
28172  15254  50098  77408  98165  9887  54470  92589  64478  30673  61606  72556  6337  63021  59874  5967  37093  9046  93956  75758  65975  84908  5809  49770  96801  25466  29960  48113  13242  89584  28565  66208  77764  12224  98439  5221  89670  17918  20067  15269  88797  7694  98646  33361  24233  61016  91230  85319  10806  1505  71212  44934  51831  54309  67263  9404  95564  33897  47723  24903  40732  74090  90661  25980  43625  19073  48299  54528  70494  19974  88981  64665  31215  22477  47011  
20037  97332  74596  21839  61460  47119  39790  44569  61552  54641  30974  8486  81169  10009  54564  47333  22479  15858  19094  49677  1211  90063  50568  84167  22040  58827  10917  32311  46577  31262  91904  45785  68587  42780  98440  6632  58550  90857  29264  53152  60619  72831  58567  8196  72459  63592  27739  87824  62911  23016  72305  64562  29423  8408  82987  87586  8696  73011  89281  76772  16616  56518  90502  36166  80272  71194  16678  80883  33296  81031  19556  56566  25600  8734  61975  
2389  96407  18668  86189  56706  91065  30679  41390  1872  41448  43465  81337  55657  91415  11465  19307  89125  55865  77433  5217  22990  8304  83956  42083  59369  54799  29116  20747  95072  84141  62001  15196  68925  29379  24173  23321  84297  60908  74084  22771  51441  99826  59016  15623  28259  18384  95955  14320  10834  79821  69765  27053  36050  26182  86058  78818  13536  75831  91826  30834  41420  11763  14871  90674  20925  31598  81556  57169  48913  70675  18360  43775  92341  15736  98158  
71320  45408  14593  84468  84951  97601  98964  50627  65671  10433  20117  46127  81179  52825  40137  92526  63365  98588  61797  75699  46576  34898  7799  85073  57658  88479  67975  99363  87165  10181  27746  27190  78702  91907  34609  58742  86765  18786  3843  34670  62206  66753  9558  74504  1994  94430  52563  15047  18551  9135  62832  80298  19008  79591  53515  46624  12852  93833  3536  3443  44587  78399  29855  23430  48199  99858  56204  57017  78593  81479  29471  14575  83102  34345  94842  
39355  46358  33113  367  21281  62061  90577  59594  52822  98429  12838  88257  33971  58167  79697  44991  3855  53223  23561  46325  41  35412  1433  5856  43827  81887  6478  10403  12715  97188  7328  31401  49099  21835  46296  89776  82200  12331  3460  25116  66669  9565  34308  76343  82804  4228  25563  88484  82341  34483  20981  36728  36187  16153  32135  13143  95332  45264  90455  17189  31252  51320  72043  62842  67610  62511  16662  60646  58382  19791  96797  63513  55705  79584  28828  
65835  47156  65002  90303  80048  1780  87673  55381  40956  88463  30126  59954  3161  83065  30954  41983  97281  77663  24720  13045  56974  73704  9072  68113  37728  82991  59282  54953  6521  85437  84745  41601  16235  93526  24080  77766  35964  69324  77591  42798  67756  89801  24950  86486  45619  83788  44951  32559  15981  82588  37188  74429  4271  54219  21133  81875  46260  48914  23718  43412  45539  72249  67342  87266  48562  76285  83183  46947  82921  49564  96764  83061  92005  4193  52864  
46922  60536  40415  29373  25552  99648  98620  64760  72071  97470  15533  26237  40506  21045  13415  66805  50649  95004  53298  48734  13369  45155  49382  32401  89165  76702  43579  80049  99208  93145  92578  33514  57733  50200  55446  20126  59988  98342  66353  65844  71166  43057  41687  12426  55221  68453  50557  96434  28180  6311  79120  27099  88327  47164  44315  57317  72821  8493  82109  51270  980  38485  95138  42898  59534  38752  71197  99762  46418  51709  22024  52100  94722  79837  15927  
4933  34077  78378  4356  24862  74910  57278  52530  90933  99719  71329  11961  94894  59997  49430  8929  2066  12915  91928  27121  29505  86862  40436  48152  74753  52978  82139  8626  70754  88816  6537  1876  86822  46850  75459  73526  77365  46477  39157  72925  43506  53158  12398  7523  52087  17234  48237  69894  12774  37858  47276  22400  38635  68318  2183  69970  96601  43170  39091  5010  75752  81380  74648  17689  12220  19491  86756  33907  52516  44867  6038  3501  36591  34428  25083  
5667  94458  47814  24168  87803  82096  2479  60078  72687  20485  35179  53539  29500  95714  77647  56834  27109  95853  86360  24793  19507  41020  15320  11690  5834  49887  57690  84857  8624  45236  81197  93462  55382  28258  49663  66537  80755  34110  55231  65627  75286  45736  86185  21654  59876  59582  72943  94866  74150  96273  89265  27147  70576  8788  85215  24959  60003  9807  82962  91472  45639  79649  81886  16189  42607  31415  16961  90184  91990  94149  70913  28937  16047  2123  87711  
64878  8920  6347  10607  92135  95698  12329  51362  59977  74782  60040  88738  67337  6346  442  10129  7003  4874  78024  90466  55450  44982  47517  88390  85694  49270  33614  24769  9150  68726  34471  1173  73916  659  61336  56427  95342  79245  45108  43291  66909  87213  7425  93313  36185  66609  98165  73385  88539  31437  35144  29861  7906  36841  26335  82578  53750  33057  28488  56244  40037  50223  59002  17875  89389  6059  15700  3235  76887  33651  68529  81001  29365  12865  2928  
18019  78325  88772  75686  39043  48787  74533  24614  67601  70945  98185  30892  73895  47528  53581  90608  12661  8309  75341  53408  94689  15253  82331  24653  74382  13229  8024  82187  92986  77705  45007  2028  30128  67367  47058  66460  62733  17151  47452  31034  20000  23037  88353  76879  28459  481  32464  86612  8612  23307  20305  72436  5707  60229  81872  68273  45109  52953  14710  47412  20920  86446  68648  91243  78374  77557  26333  81352  86863  58696  67050  46327  8276  10197  61815  
10518  70730  10100  5758  4648  73689  34337  99204  39225  8155  72343  64818  52058  29604  55100  11801  13768  72396  12007  10542  45755  66331  97554  30918  67463  25307  48861  9676  80924  82770  22829  70804  8847  25811  96394  85639  11516  90383  24557  4037  45600  7477  21193  51395  83263  71246  99567  23197  31040  59471  5288  85591  28933  47775  42361  71155  28181  10374  75974  69673  64480  29924  3129  87272  80890  20819  73975  22905  65492  16398  93557  79298  32521  27449  63565  
99390  75175  58928  34409  73858  2495  87227  53564  37778  63940  6682  86973  57892  17994  45567  6149  95577  27874  78996  69658  45843  40645  27107  83447  21444  70699  85857  14070  43780  56089  45884  18880  98715  35662  78488  30048  54706  20429  89175  6517  53824  75967  71615  23175  28209  99899  51269  21434  98728  27945  72237  76829  15096  70506  45101  59224  14936  24653  17761  25554  5683  30984  97796  26191  26994  32354  70472  80993  54387  22276  72278  3543  74953  44248  69798  
68196  97410  8226  7026  17343  25505  72414  36340  14333  86940  93838  48830  93946  5867  97962  36908  53536  6736  56294  49909  4087  11326  53710  99621  18748  2246  12285  10883  22637  64543  24012  32964  47693  65027  92543  42985  31266  97550  22987  69071  89707  9156  56689  49922  71206  33415  51981  41520  42987  91771  20889  6914  95763  76754  8472  9315  42328  7063  70970  30682  24211  13129  42785  72276  488  19926  92215  88746  61623  82538  29162  96670  29730  20173  80467  
69399  49985  41091  25274  95475  22390  87468  36373  74100  75907  76036  56807  48049  15989  11203  24627  99826  29748  56136  75839  83526  14799  98803  2169  37231  22577  20318  12696  91776  11519  63006  59088  77724  57095  92395  50298  49738  59530  33135  16113  77966  84024  96575  8184  24254  18659  13474  21429  36269  67742  20578  81744  62114  75415  48946  67011  94935  89417  79424  50537  69883  95913  81494  78095  19125  28851  6327  20124  28615  58737  27983  88690  42190  79948  60169  
69822  38425  38974  22596  40882  49765  72433  51678  41674  29780  94772  11094  35188  95183  14117  36918  41877  79290  8123  28894  54997  3439  99113  39325  61056  22833  14203  59420  83500  89893  45139  38354  56503  77895  62572  8885  44572  81110  92624  4004  83285  39500  924  17263  87588  16111  2100  36658  82050  6648  84134  16948  91632  34988  33475  57259  45372  94914  13469  16092  55755  3338  10175  11451  89315  56715  8305  78650  84685  29194  95081  15386  13254  14430  52965  
75285  48374  3220  25291  40529  8118  53215  82744  75090  54999  78005  32601  35678  61972  15904  27377  6013  60571  45374  2832  27066  44705  41226  75196  58748  12122  38583  87178  75314  74411  27592  21092  10070  41970  31781  61789  80784  22967  51954  32849  90710  85049  2681  2345  91591  72138  67476  64285  47796  61355  63996  17607  39305  50818  19070  3891  97288  88813  13601  16993  24388  36969  39987  55519  84797  85605  15769  27686  16379  21714  8529  71625  24659  30147  96001  
26416  85221  79339  89658  27349  31629  39044  56382  83732  71824  56506  3971  38064  13715  10580  99991  84411  36355  46726  24950  5046  59673  22511  17727  22966  26057  52649  61005  79765  10579  32611  26827  20719  89471  46321  68236  91683  78462  22452  30398  48581  71879  71791  38801  23669  9929  43174  65678  54147  92265  60893  41473  38146  41883  86026  93845  51609  30282  92569  17579  58595  85223  47539  46375  77550  52040  48180  88429  38138  69303  68581  17499  69538  3029  39200  
48145  27527  85526  67195  15949  68810  16153  44425  84012  98581  61868  41342  51291  25585  80563  45205  81266  77462  44258  19720  68693  99998  84370  6891  18518  25201  91029  32204  77696  31387  1628  30454  33182  70651  57780  4710  27075  97282  32098  91874  28484  62152  53204  2096  49654  35665  50953  23697  91910  52910  7598  17685  69261  96527  78098  63300  66299  55727  84620  16177  2005  56717  86346  38804  66185  50739  86043  61214  46670  49924  71029  64241  37252  41338  78684  
39488  43430  80837  93962  77323  41588  55747  58601  54157  44387  26841  42746  93404  95045  46958  53345  56130  97400  70437  26277  5062  52216  8610  60346  41804  43046  91067  50490  68472  30759  46219  63074  16978  10082  20256  42757  94727  38811  88520  19789  94818  59648  44072  31397  3581  74989  260  2223  22318  4204  91987  41454  30961  75009  48862  78807  70772  83678  67731  85658  7619  2897  82759  67264  18609  48170  13448  89673  97101  13093  28771  52825  92808  62736  45302  
69164  72488  12088  12314  64480  95471  96992  85268  84311  22717  19451  36192  53680  74862  64740  11375  20310  42359  57943  1582  83613  48167  65985  42958  76893  63618  98409  83333  97964  39824  29824  29531  26409  26161  81922  61060  32853  7759  18245  87986  13096  10080  28306  32308  42121  98517  22628  50691  39360  48149  12610  27074  36035  99732  90462  10004  77951  66737  84285  62048  33402  93844  36427  9709  60355  39190  53543  85946  64156  53528  35906  30983  23327  61745  12916  
35219  30775  31985  17394  23451  8839  57898  49240  39591  43030  1169  22674  76942  67440  64011  15841  3218  6454  14342  67967  22239  17953  87459  40613  58584  19019  6560  99701  30314  29433  18020  50048  58294  44261  39940  86467  42215  29086  85840  54792  71040  95143  74676  7302  74479  65018  26872  45879  41422  53205  90772  42667  31702  42213  17296  83263  87748  31988  57032  18706  54902  77598  43964  39456  52837  82209  75034  77474  4161  6181  81316  92582  85043  71819  66704  
33168  73548  89288  9727  38628  51647  19237  58752  33843  65262  79533  4897  16147  62604  76747  74712  72792  71330  91408  76558  14448  15818  45231  9790  32197  35523  99127  63039  79249  31756  96379  13552  48968  25382  64943  54642  55786  30526  83633  77269  30753  36813  67113  52453  84934  73461  4225  47715  54976  70765  34931  89247  95163  12091  9780  94731  7500  28487  61228  97043  84043  93862  21920  78143  31438  46264  62466  48437  77002  69128  43483  4164  529  32769  39793  
8885  14879  41539  96438  80581  97821  94419  62313  66337  11016  78821  17880  60143  24298  74197  82232  83907  88032  48757  55200  3030  75052  69240  65813  61892  49268  25779  60026  86743  47443  31669  2000  50132  13388  86751  76245  16416  72774  25494  83036  46967  7748  27507  59269  37822  6164  17916  12516  23883  31347  45950  27771  82985  50332  16474  86405  21642  5043  61541  87037  35422  92593  12913  99804  85288  43797  36283  38714  54425  96404  76662  10901  47776  84924  87612  
49085  76018  20155  44731  97712  21251  71388  81854  12955  51574  2355  25821  35307  27239  66991  15583  19388  63283  14887  11565  27416  32291  16873  77780  11205  19574  25933  48611  36559  1234  30876  64143  41767  30660  74346  8547  14081  20635  50057  19428  12101  99455  44321  75254  58729  13662  17444  29401  33997  55997  75674  95574  94227  533  77171  3813  51597  47883  47368  14146  70481  56245  31033  16975  39108  98986  22089  58420  58948  10669  84078  62209  99323  5149  21331  
70604  79658  87988  37922  59664  11593  97829  75835  48406  39241  67040  94470  23879  77769  14060  87955  34747  92535  55776  35790  30285  56393  6877  35189  85906  49081  8301  20615  96261  21053  89782  92668  54396  57087  14857  26657  94598  62195  44158  74523  97492  16181  7659  40329  99784  63719  53792  88626  3563  17466  80630  42598  5381  31063  68958  75928  77527  47589  41695  30655  57402  95977  76336  89212  73483  13487  51705  70314  69692  19179  31762  69495  75973  71022  62982  
72614  26171  20048  63078  65253  5700  96885  79617  87260  1827  71802  79743  13065  18243  24326  73601  46262  88800  37113  93469  70489  30527  87311  49613  55985  84226  89982  1076  71714  38518  80013  26961  46543  83231  4905  66444  60779  89161  12220  27022  77935  53247  68470  57799  63300  22952  21132  37759  15911  44299  97535  22663  28591  61926  18620  28366  68394  47763  19201  58077  57716  64062  20396  24211  24798  88226  18100  54223  95303  61917  71998  41280  70417  23635  3990  
40760  96782  4643  80482  39156  37495  46902  89322  86325  86792  972  32291  42646  82940  6908  94252  99963  97946  49216  91186  27603  53862  4351  84246  86986  99112  29361  49126  68643  23277  67106  68181  36116  2729  70295  29735  24134  25954  13508  99257  3724  82451  33222  73835  67336  42052  22875  51191  59437  52255  54163  24946  49608  31494  90146  51783  14458  74708  80886  22063  917  17509  68665  68866  41302  62290  92900  61132  27093  27080  8418  7324  65418  92768  36119  
73781  99868  23152  42594  40919  70373  27920  60131  22268  49649  62708  84438  50788  78648  62531  53405  41214  74446  95581  99217  32437  85403  92251  92850  17693  21914  68434  43543  66812  21215  43185  20438  54385  40004  14169  86864  52770  91835  43795  57325  18004  82539  11125  50142  1199  66792  35972  84232  7677  11444  71149  16865  37066  9670  68737  36777  40284  52285  57711  65587  94293  65806  32550  72271  68048  66187  35369  29824  48963  5974  29283  43958  52933  34016  83717  
44689  54786  71565  68525  84993  4664  81829  88122  72051  9339  42014  53261  82325  14982  64351  29162  74487  85927  3072  73137  83340  73945  95328  49830  77555  65681  20877  25163  28348  31608  68493  67956  7289  90263  64270  28601  44064  78956  11778  73307  4645  65578  21136  82944  73153  46796  6226  92385  68112  86599  14239  76393  99357  61203  5176  91974  8108  46582  69168  25292  84276  51850  85242  84255  76806  72206  679  40018  28067  44315  98735  86502  70839  64929  5876  
76127  74195  66217  11143  47530  16528  23063  35726  89326  76787  16817  30785  35845  53316  94718  92999  72285  18748  66887  45483  39585  43410  37883  56497  75867  32988  71579  17348  94528  71172  66749  82553  80677  30357  91997  19800  28287  79681  14797  97696  18357  40978  77749  89732  69658  82474  52049  58619  83606  82602  51782  50399  54087  56745  75199  83745  49671  8776  20037  22477  79975  46049  93001  11688  54772  24221  46768  13317  18871  75970  98281  71958  35915  62201  43576  
56450  96238  3963  23590  69905  68659  49222  64460  62682  80750  7782  50299  75065  5184  8312  1832  96986  55408  85250  25087  1230  73694  29761  66959  81283  39443  26418  82120  53917  23132  44690  7785  42878  81525  20731  11098  59368  97011  29847  38637  16759  56391  80829  56512  56447  95366  71940  10736  25215  86516  52501  7403  23027  70337  48555  93596  44573  12143  92977  75060  70482  2989  25467  69345  10654  42664  20201  71136  96821  14900  57851  91387  40154  22358  18748  
34956  4421  66926  26905  26673  42561  89464  57794  70377  33885  99293  42325  76938  81325  5015  55256  4158  88838  91971  69138  4819  78412  4650  2319  3484  49979  95433  34200  11521  60756  52184  22276  80246  53855  65243  5151  24380  21347  76135  85948  55778  29255  22325  34055  36793  5193  30380  71329  98267  33203  93275  9363  98472  80708  42562  44255  93610  27132  71193  16577  36162  4355  27796  24276  37859  76798  4683  78746  13329  69796  69665  46422  10596  65810  77010  
30259  63068  56879  43388  97727  43318  9732  94849  83616  81043  28299  84164  44348  56651  42132  12470  98830  91878  10361  18927  18846  53033  99620  22312  94977  77384  26242  19910  35791  28607  11967  55180  11440  69082  68827  2134  36666  14137  58673  36301  65234  92156  6738  76587  59103  45498  96786  76025  17395  99480  13330  38083  80345  47283  91381  73826  30129  27880  50580  71707  59707  57670  57231  12251  26144  95054  78782  45946  57906  10167  97995  17689  45112  37333  38479  
21714  42414  48151  41761  10776  5849  27647  717  4250  56029  11232  14923  15924  53700  85590  60437  51896  40117  29494  78951  3246  42724  17515  63800  93717  32319  36023  78335  75749  32734  22770  51025  55435  54398  68526  68688  92864  43602  55512  9999  18123  9065  99856  10349  75973  36441  42230  13886  71100  65238  83994  86936  5851  66170  46817  29682  82328  42511  35688  87123  59679  69135  10512  6956  59265  92503  19599  34582  80700  12034  1829  3638  87401  46069  24537  
25337  19948  14814  25227  22505  74216  22785  76755  44061  84702  25076  50561  98395  56851  48384  66805  34090  74323  35063  48273  76557  38132  71229  60104  12933  46757  61603  48611  16756  3062  40325  82473  72996  72545  46547  43266  19678  20549  46497  47186  57945  50241  57612  61840  29380  65117  63319  75525  96032  51056  73625  70991  1760  29201  53217  42940  66187  46723  11933  72118  332  52713  23383  37622  17989  20726  20448  59804  86787  64718  24873  97074  83348  10734  97249  
13988  88821  6596  1249  59185  74929  8695  57835  81587  47203  78507  38795  74865  17242  49724  87276  28570  81787  31449  23832  26581  67399  88416  5003  19262  84560  17036  23368  38845  48903  7683  3754  55820  94144  60497  46833  64639  53371  19274  73606  47824  92966  38315  59282  80678  20959  99079  55790  69114  65259  38579  88525  26233  60090  86683  45753  58131  80128  71404  97816  5274  59005  86386  83329  94536  71520  32638  37472  18115  16017  99372  75698  77333  96897  55903  
60486  49114  61955  68854  55751  56881  45117  33897  6268  4614  47131  63112  76725  1105  88420  9206  15232  6482  21071  40464  70029  12127  54628  99307  68982  88000  17320  19070  74276  75468  11618  38355  17129  7304  86720  36018  48768  7743  95242  92308  11876  87305  63727  38802  18907  36336  49815  57009  84485  73968  79406  43830  47104  99850  12720  17298  77939  69976  13978  65205  63835  86025  94269  99491  53144  88781  1745  8793  49711  14660  38550  62570  24370  53622  16334  
82352  7888  19647  84054  28380  74933  45431  34849  67170  83126  22062  25171  70411  65711  91944  76674  86014  66903  91894  75340  80159  53005  46199  98248  30923  47999  10860  52835  35992  46394  95897  45421  96948  41891  49218  66563  67603  11472  48841  82602  14867  86768  61825  50417  86202  65973  36318  9490  43576  51574  58831  64318  30317  62528  39281  75935  82204  25873  5691  9055  90776  52171  88307  89983  99923  50063  43961  31825  65463  31547  53832  46700  57631  75634  92232  
55280  50470  56749  82477  59820  27808  79522  56446  54002  50621  67449  22478  55558  22321  1526  25912  85916  82859  85453  84750  99740  15089  24306  74542  2669  83980  31075  91635  68805  21651  70541  19652  29161  19943  78192  96533  16136  55635  3741  46732  11349  73305  81715  60054  80028  41833  67275  78295  7914  18920  16706  3836  88219  13405  13081  64923  25009  919  59962  62255  13786  72976  45865  96653  44547  71291  17835  15886  69601  40924  45352  26910  59507  34874  8244  
15804  75779  43337  16018  19119  29441  29891  28401  76289  88397  94666  15036  46423  47336  57910  65673  26721  83684  14063  39374  81104  69045  1787  89845  22259  95988  76690  60321  23368  83076  18448  81244  21558  9127  31946  27771  55967  81790  10118  52355  30572  69019  19253  1317  79943  11279  68583  7170  88480  67232  46372  64110  6251  67342  86751  4204  91380  71781  13114  71685  86362  75528  15441  67950  28403  69819  56263  91065  59939  93078  1872  99763  95890  8985  79189  
40240  24876  36847  89031  62037  14993  10172  50957  11775  50141  46955  60527  15737  2340  39902  37373  72181  52177  98436  90964  80753  87289  69596  34249  12806  24452  94422  88175  65234  49122  95592  66431  44421  64049  32278  48453  32491  98887  18956  114  14837  8033  96240  56260  61140  30724  97323  13432  31369  18054  91587  33463  63564  31369  47915  80342  24347  36785  71909  62232  83573  84548  79292  43622  58528  37287  92400  32326  72268  43869  8980  16738  62540  23128  49461  
39718  98614  83314  11535  51474  22120  57665  61562  22953  54146  51185  5956  32301  8655  51335  66149  22053  26792  40973  7394  15457  75344  52030  25363  2504  9407  66062  57946  37437  43265  75846  21811  38637  55042  76854  31535  74708  66278  64221  55664  35757  7493  77414  54346  25580  11161  13882  58091  82460  30275  46170  73872  91280  6006  26036  32556  19745  58057  26755  865  63314  28089  66194  62015  33219  19416  54222  19537  85050  67280  31634  34766  78600  58719  87879  
49153  51309  39589  27692  32230  85876  18836  29818  69698  99144  90784  37654  19356  4736  20127  65108  30751  72539  12973  53742  94514  87702  97353  58267  79653  99248  52253  16043  11408  8590  69868  28629  83965  21323  70628  33271  12334  58576  59577  49382  96280  22758  55381  30711  26674  14877  43455  8759  36654  31250  9715  8828  41755  46333  88831  1523  94241  27456  24542  48909  11822  12511  88263  79227  97658  32475  57221  81290  56079  15022  93250  69753  26325  80789  96468  
25144  72713  13675  53208  5609  75016  82255  25737  49955  9318  27000  49318  94629  55562  25217  96037  28008  60496  23816  63475  47493  36496  44711  16743  9699  33562  18632  1831  69352  92805  72321  7369  61630  86025  99349  11181  23760  78482  41871  27168  59181  17097  12562  2943  69113  48405  68315  25914  57088  97202  11413  50929  69979  15710  57562  11035  56629  34648  98532  91349  83080  35665  76087  96946  2931  85065  3061  21912  77852  50590  58190  70483  37177  13038  11547  
49146  63397  84625  29829  62847  69716  769  75610  83716  14371  62332  93886  55934  76471  27028  10497  3316  50997  25996  79578  19774  51696  39010  14796  38516  62475  48145  31857  12798  28770  8112  85380  24213  28864  15422  9894  80326  1271  9779  17466  83372  28082  94575  3549  14955  78013  83270  83559  14407  34066  41878  19318  45076  71389  86054  49179  20199  9274  41188  25097  12663  28541  19590  68358  77075  77004  79614  9795  23694  93893  1781  34106  25778  23904  87256  
3578  83809  96480  15734  99580  6891  61904  93466  79076  18433  37474  63348  84683  78960  90487  5763  2331  3240  17795  49022  76073  7013  71349  57003  36317  48962  6041  65671  41861  89793  34  29321  10936  52318  78046  57993  36875  45589  80683  71629  78182  17488  14451  82483  47141  70762  73910  56679  56434  37657  62467  480  94996  11029  57957  59635  91645  35184  2493  25655  47264  91615  76900  57662  59551  34095  15334  55847  79655  20648  65384  2536  54669  33962  22692  
36423  14130  86563  69527  49842  32851  56523  79652  58198  84467  1453  27860  81621  17416  82490  12645  31077  38249  45401  74433  42869  96857  22130  86560  42139  31301  10924  74140  846  7048  60999  98984  26742  73079  50527  81101  34043  41884  32705  30797  25765  45740  6378  31570  38157  75841  15031  75096  55799  17305  33732  11715  14167  40942  2260  23306  71001  2668  59571  84365  23569  522  83741  97888  61603  59634  83226  56338  73459  51918  65026  45979  81477  57367  89689  
49940  18545  83191  21165  60544  2047  12313  99653  60266  12987  52569  59290  41711  84997  63807  78008  1626  99140  58354  92972  44993  30858  78264  27014  14756  23942  64150  6009  1008  81590  19885  49130  23348  52934  70409  74055  10690  78073  26122  70039  66138  60826  57907  44213  25353  26731  39097  71792  97613  18577  10359  90965  12805  70442  50663  23724  9332  67708  46316  93506  31215  79785  59464  63886  11757  97150  60295  54103  67589  93885  39833  53172  78477  99472  14763  
80621  53342  52797  15055  22547  11779  79243  66738  25799  90410  38706  69412  39629  14731  23713  73097  70472  81764  50016  84522  76272  53747  21477  5508  11593  62357  5158  22772  87720  28091  27895  90041  10748  35143  2813  18112  43113  2714  70485  41239  15684  1779  93090  95300  65835  72787  28847  78717  95914  27009  15086  34442  8726  61434  93099  58683  27437  1628  38302  4894  52857  88120  6747  82369  65049  70664  20879  98395  9534  7376  73835  55714  25874  13680  47518  
22076  52296  18551  73108  88500  48260  4441  36275  63175  24535  66225  59828  82600  6003  32673  49794  49335  17506  77518  36015  44718  59567  11460  37847  89749  84309  29860  5813  38291  84541  54215  33904  28261  71161  67973  52309  9096  91518  98878  7400  25174  53315  83194  48987  93173  6548  19982  33918  32267  74299  29173  73590  99360  54750  74573  10147  91507  44952  34996  3028  13889  15146  35985  18314  33530  25075  90406  93880  37372  1642  25489  5878  63306  83423  41906  
42996  68887  73912  39487  46299  84001  16224  55392  92085  21253  50199  40549  15769  45796  82837  85699  318  76808  98190  43408  71016  41502  27112  17348  40873  95296  67449  8261  85487  81603  97213  29782  41736  48654  82411  93164  61231  1020  22681  61451  29834  22234  61575  56359  3188  83191  90762  86946  6898  67785  57996  29339  91426  81592  32352  34842  63164  84553  73352  44803  73523  97938  37512  52181  98629  69872  78373  57150  80041  54173  4519  13108  36871  37076  27117  
77570  91506  38806  39441  89855  65486  14493  78905  77718  56477  46150  55272  38270  36394  96362  89467  36758  10149  29553  48973  85113  42655  96767  41401  84692  84259  24226  21122  46053  96631  58517  18581  45535  30075  67514  42381  64536  62433  52680  698  9247  12950  3523  13081  18466  13739  4889  87868  96703  98272  67949  84382  62769  41562  79502  83651  27772  18430  27101  38352  41046  54928  14131  29387  32471  60083  50491  89866  45658  46569  3737  31831  41906  17787  95586  
43578  35820  75245  84316  57231  11707  44196  37854  93427  61851  81850  27007  95891  61459  21085  59495  85142  98947  17754  28718  83038  52912  33873  3866  9543  71454  50411  48157  1668  51981  86485  24326  69866  2431  17473  56692  71700  86790  58831  70502  48349  53243  72777  27437  69010  75257  45692  57584  41756  99557  64511  79097  32787  68454  17255  87881  60642  16060  26446  79738  34701  28865  24840  6981  6861  98401  13266  90198  64477  97306  29706  68110  34916  36940  72303  
68858  95169  52665  49963  64842  82106  33138  43223  12127  78929  54002  57834  66699  31609  67393  85843  52863  42914  11993  79353  94801  14123  83786  94017  16961  53276  86059  82908  99331  36335  75244  91730  73935  73536  13204  77824  47623  14650  30705  61580  57495  64188  28621  61532  32193  70207  8196  19738  66307  34979  17885  37066  66960  48552  78878  84194  50906  93340  5975  89428  42396  34441  35360  34458  91011  90771  16201  22281  73755  21948  7870  99293  9188  81371  4871  
9746  47784  66340  65988  5967  58805  83514  94304  79176  95209  52604  14540  12547  93295  63603  16405  78543  81515  24114  66390  98263  33582  72489  8921  17093  84563  97054  18121  86648  39197  85766  42282  10809  12003  64296  99725  39677  71207  3302  16919  7947  89078  52597  49996  30053  52296  56109  34140  57889  50295  85066  48329  16101  99324  87319  9699  37260  30769  29411  68135  29727  54474  6999  64426  95308  17964  66613  32298  89338  92405  67346  82591  34174  80409  77224  
66648  82835  79064  73497  23518  73783  75713  9573  56547  17208  7150  81789  34240  37244  85626  85568  83751  48074  31576  74864  35034  94009  20818  77785  37065  33817  82328  15407  40211  36289  40844  53045  72144  22476  97957  43077  15701  94877  87967  58459  58798  97049  19266  63982  73148  59303  82480  33103  35344  86124  38551  83768  2673  31548  64877  67376  30393  28215  41799  42532  37107  3413  39823  30610  26259  22891  26971  46700  46993  690  88829  13321  29453  3526  37888  
2787  60864  70267  55913  52509  65742  93537  48437  2448  15601  8776  90033  54808  76685  18215  91264  84885  16013  74678  33559  93555  30124  83021  25456  32272  42665  37173  9219  69966  37850  58913  88486  51839  61993  95344  8619  45250  37426  49  69671  78818  68183  97792  85158  53979  10754  51627  33485  52343  18958  81064  4326  19386  89730  12375  40222  25162  79871  86674  6631  1779  41003  45680  15153  27030  64513  71677  1174  34007  59341  89518  16702  73915  84722  44165  
1076  39484  3707  72635  45797  51288  32844  29861  40244  91047  64144  58588  94379  88594  57283  145  46507  20744  66623  6781  79042  62185  27887  87385  81874  19031  32655  22374  52787  24802  61610  22870  24798  57704  51323  57287  24670  86210  69226  99842  5512  330  81790  61489  77700  62002  29550  77491  22077  62998  58527  56925  93152  62170  30913  95761  22753  63891  16937  7234  89335  98362  53805  85593  20077  34438  60901  17425  20730  87870  67638  13657  84149  53088  50886  
54737  92590  39495  61193  21415  45391  59820  43951  46462  7031  74538  85758  36688  89604  11711  84383  69295  30435  10521  58411  12857  66724  67028  47527  55557  64626  68380  44070  66076  91935  73020  82111  10819  36996  22704  66281  76387  38472  60168  66754  51255  58679  57307  34760  46104  86327  38709  69255  46012  85941  61789  90180  71916  31739  40413  25865  71152  97101  58762  3475  2374  55993  38609  75993  41973  89435  85966  39819  79694  23763  69068  12570  22776  98194  12574  
69605  96327  72905  94059  92396  40567  84240  55398  16873  9052  76520  49504  20073  97886  88075  93022  56639  56522  20712  69340  21285  61130  6026  72070  30276  4423  1632  98177  5879  25451  23617  60392  36013  2599  56248  72384  95986  35646  36228  16140  41520  9167  45690  96298  32179  68867  62159  93472  75324  88424  44828  71181  81726  15445  31004  663  56790  75357  24754  17555  31341  24526  73772  2934  66550  4481  38257  44911  62616  70136  85711  29805  16563  13197  44822  
42508  59164  62849  10899  82202  60706  49098  86280  77442  42245  49216  69075  82341  99724  76985  59095  56181  15844  7583  50381  35547  15860  79243  70266  75470  19725  82907  62846  20061  80724  20473  83103  36852  42183  4354  22673  86349  99076  57123  24009  27520  26139  43669  82565  73713  82240  59786  12762  98032  14125  3332  56093  64449  73211  17710  50060  93488  71645  66391  81556  81718  88292  8989  9576  35957  88906  17500  30412  29530  82464  4593  85071  81774  15482  12660  
15520  88252  22142  81510  77583  19889  56725  56428  44801  15015  10688  8450  92516  60344  40556  65052  96404  18137  40409  52294  96019  38440  27188  34721  34654  23439  70037  48493  89787  76497  41606  50393  20328  89186  28431  26592  81531  22672  43660  97551  27796  55290  97114  84966  98866  78683  34796  98852  888  77072  14810  37462  14205  43268  70293  54559  21666  74543  43502  97480  15301  66003  8484  6322  3854  33649  19290  4684  32560  62197  3955  13864  74327  24781  28894  
66149  50865  25729  8686  22989  99464  11153  3259  12633  3817  61208  62247  29224  2027  3134  78269  61835  79179  18270  70406  19636  33444  88312  63041  20400  71330  2703  20189  15611  61074  6830  25663  46431  12986  96606  45717  48480  95031  245  7438  62665  90822  66726  75666  8129  14178  76634  11435  74960  47153  84804  50916  75766  32876  1664  27987  39919  68005  15729  14820  60033  47571  39515  12906  11760  58536  20135  46374  88325  24760  3569  17867  89082  35514  39441  
83451  38259  61591  28034  60290  61225  36410  36771  73300  71208  45048  40481  10958  82066  77889  56359  42446  38801  77236  1721  30377  28735  70622  68651  77567  76738  81507  16350  68983  56331  39800  9869  56412  89341  47905  77037  7106  3926  90902  9367  4372  7005  65784  34768  43107  33904  97215  24971  40272  19505  71672  92228  36023  51595  78900  64110  91476  31516  60801  15522  64629  15222  38603  88477  25597  62797  7495  68400  50666  83517  284  6540  12727  3431  30704  
93683  59886  74510  13111  80904  40629  73582  72046  89357  1114  82377  53899  70414  23729  25119  4718  83429  44516  63497  39905  37455  97797  46957  32155  36106  29525  18945  21755  12349  75849  87434  11482  12208  47335  66882  72780  74358  49311  80826  83864  58947  90504  45835  31373  57863  33208  7362  13757  95648  49094  30321  42629  56001  29052  40477  52303  45446  94839  70193  77362  77662  17058  4640  13671  20199  53058  11415  52531  59328  93252  69264  79917  67943  41894  53845  
12994  86220  94350  64078  81635  57592  97487  41864  38971  73234  61986  45997  88020  17164  99528  93061  73494  94259  21642  17282  23344  16526  95567  52984  96751  62673  21681  19587  31799  21230  15472  4391  99741  66907  88984  13156  79359  39870  71977  21912  88635  98937  85670  46670  99160  2434  21261  15947  51506  25584  66837  41222  29437  84631  61322  78754  41976  25567  66777  23059  50446  4501  4847  64392  4901  88185  32000  38297  33716  93354  18937  82031  10043  19760  59670  
38789  71326  80624  97041  7234  44524  50973  2720  36057  50137  36698  65493  85798  31252  21773  72186  76058  75746  68700  97554  51585  74238  49965  57841  2103  75923  88546  54665  62921  90641  21770  52535  77933  22369  21658  41160  72285  97103  64398  62180  94887  77323  651  65811  87480  20384  52882  75703  57235  52412  88638  29905  68176  56744  45930  46604  36303  77630  91439  1594  95140  26400  95488  97356  59407  51370  36551  3174  50363  33782  69061  55260  65900  58236  65299  
96479  91107  79770  79472  39192  466  87149  38142  93569  36062  23500  30888  10107  22074  64731  72224  11195  46406  92761  76528  56932  99732  56405  38241  19574  37024  28123  81348  73960  78275  96740  325  67975  77619  90802  9503  79766  97777  92888  60291  76611  2595  85610  4170  10631  7104  83241  25517  46110  49089  56688  17703  83179  28139  80098  44987  26036  60660  91206  90935  60133  35870  71446  36894  72891  18047  94489  98309  44170  18505  46348  72221  72542  21645  88360  
88468  38300  76892  32014  56103  36273  5179  64480  22577  17959  59295  3707  61986  14920  10394  53364  69894  93766  54900  74619  94739  52527  33202  2745  73804  75329  20836  19721  17648  16541  37680  34492  13785  72007  13747  71283  47862  21755  53748  9024  30079  99207  47648  88551  18988  29795  62184  99510  36497  11443  32700  5893  54444  9442  87430  8341  34169  8875  90674  84101  73774  52725  6028  91822  66987  82967  50350  51384  68164  16945  53121  57983  26814  75533  54222  
34404  60846  1684  30555  98385  72487  38866  69614  92889  3027  58854  90564  31884  11310  39721  7146  1650  95460  87875  83197  49364  44366  43439  28196  5187  60309  1871  71845  3522  74874  90950  56047  43003  56790  50226  64355  30182  81737  3422  35988  67063  53744  57248  5746  7703  16786  3181  98529  17805  3101  70128  44425  22279  75488  48733  14137  95866  52679  48009  30037  38565  55788  36822  23912  75015  98376  91958  76125  75227  31766  70287  22534  76292  71804  89228  
40246  55466  50561  45256  17232  2766  52424  19940  36363  82800  83448  91069  42685  55814  77346  53038  7192  60606  68673  43656  70843  85812  35122  88661  19089  92272  61047  99422  78083  79713  13861  89223  18638  96549  9379  6315  3662  9012  34375  5716  15511  58517  47365  65445  44823  4792  87899  52191  83802  36765  32508  4013  99399  46678  67724  34419  38462  50453  53963  13970  60399  61712  77604  9579  76874  84237  30097  62136  90409  64954  25336  88860  18749  33468  9366  
97257  77019  56319  39206  11829  67471  19042  80900  42559  65923  98189  76278  48434  54782  97543  98729  94916  48513  87689  35801  17017  45785  99654  76449  80512  94800  46086  82705  71114  6290  36546  15075  747  84028  21597  61711  87305  6455  68935  94077  22193  56877  87760  99737  68287  34234  4494  68046  7427  2093  40876  3556  26732  51022  32371  92050  83025  5046  56047  929  61604  95648  80943  42499  54164  28212  67617  1528  4163  27681  12128  98758  60165  57621  24014  
4973  94605  33200  5358  4237  66637  80673  32656  22553  77729  28265  24347  36672  26780  56914  28870  3311  2141  97853  45313  72878  44977  39754  49976  23547  89849  9238  30971  28693  99913  74301  45371  88009  59362  42315  34028  67551  79169  95976  15720  70072  44623  32907  77990  35114  27538  46012  70899  66604  68959  62163  30430  882  475  79523  93048  13217  71796  69406  82309  69040  37623  40460  32756  12132  86474  19273  13354  4464  44277  16609  27084  94903  1045  81566  
30120  92143  60879  47321  5331  1016  12723  50375  4530  84213  58501  72509  35876  29255  70192  88785  89050  71108  86089  62456  84015  88668  5975  26222  17960  28165  11627  24781  77430  64863  60504  8989  98334  83535  88606  61106  95038  70649  35504  88055  53112  25118  27524  22760  58677  42165  41814  32046  59539  89193  74669  64532  41781  56817  97022  32358  62537  46283  22730  23075  89440  22713  79964  24573  80579  29434  54583  71452  18270  75852  86500  37068  5489  94065  98128  
48734  77943  41290  92709  82880  5374  10475  99978  26431  7606  864  89877  44900  10304  85138  14636  38860  88191  47270  8977  11740  13085  17982  82609  52981  71850  10865  63520  28345  82107  67070  26772  32802  36996  53048  83017  7918  40806  45001  32241  83813  34857  35740  50949  73814  34482  39606  72818  67079  2329  23161  94369  49776  29536  70519  36791  10293  15274  7420  49529  64585  72798  84451  38791  37957  52521  99756  97418  77131  12492  5923  12605  16994  79606  80464  
81028  59625  6704  81391  49985  38667  12022  64579  49903  94192  26305  6255  97144  17551  78318  12917  94913  22208  42675  5354  62441  58757  18585  70268  42351  47587  82083  66531  20088  31895  13546  53905  63574  81638  37543  11546  68028  1150  82110  60383  58603  83173  24559  50715  65662  17483  88647  64827  22618  34667  19432  55602  57156  15074  72490  6768  46419  6197  90103  82306  16645  66539  49509  43203  46127  74833  40671  98539  43338  70781  42932  40989  62681  45216  24229  
32484  23381  55570  82519  80311  67661  79041  31113  73232  8074  21865  29186  75363  45076  68462  57758  69326  81597  23277  16061  4307  41094  11212  2721  19720  91387  84053  50580  60513  72570  44327  75350  92839  55864  58018  15810  46889  48086  56522  26836  65077  85401  87297  32267  6164  12188  950  94166  17400  63034  30133  84219  1455  39792  1124  60842  61936  29459  43367  37023  31035  2692  76322  58410  88284  41003  99478  61311  30122  52470  55269  33432  4917  30506  43139  
26804  80495  2154  70121  41364  83033  74795  19560  6190  22757  70957  43306  57252  60794  23048  18643  46769  25530  9052  51390  25293  98781  59505  83225  85557  8385  72419  91875  5157  86801  42690  27813  4652  1740  11909  76990  77695  14273  19952  81425  8828  84409  84070  58567  76875  26723  56513  53495  75473  29160  31437  2498  12168  97533  66715  7120  60030  35828  47734  75222  62671  89613  16781  73681  36984  64720  84294  53902  99135  11903  55171  83569  25846  88545  60523  
58571  1099  544  8257  78269  54221  69161  75058  27091  84669  49916  11881  40208  97512  37356  14784  94056  4139  11025  99852  86949  49765  27152  61263  86059  99692  45458  92315  82499  52661  39835  36651  63218  1584  43279  33083  43381  10151  85562  21871  4871  29408  2961  39039  11981  33889  90908  78745  20524  65081  14835  91584  94732  8405  22523  36602  37729  59556  23599  1367  6300  44371  5426  37949  17814  99701  30846  7897  40454  20891  30053  69239  53940  81902  48659  
77851  40858  69637  80518  17146  20261  88254  56798  8984  91989  10897  23683  79976  65527  40804  81999  37420  10669  77657  3597  52276  58347  4924  12002  87332  90738  96537  38195  20602  39032  3575  4912  3685  36814  43283  8378  72099  57273  71084  87933  49880  10348  99976  97787  98654  64176  43635  57842  4606  82577  90076  40133  23425  63754  6961  72695  957  18482  79865  76043  82604  73971  41078  36487  60228  61666  91278  67262  94245  41145  13185  41612  46091  47586  66653  
1727  34395  53431  11923  2280  93512  85723  13151  15423  32144  52884  58944  75067  87578  29631  21659  32863  59350  4790  3634  34486  74581  93481  31084  16396  11080  51252  73621  83679  20917  90830  71184  69251  12766  47564  15326  47885  150  12160  44899  12628  1042  92655  99255  74005  56270  22279  2411  96796  8108  98929  68029  15298  89942  16430  6859  91831  50376  81311  6517  31311  93766  99411  69519  33985  16040  95560  65585  48806  46636  34780  19648  52414  95377  84916  
39544  37883  75311  10659  18316  35790  50354  9235  41236  85555  37147  77130  39938  47417  64049  36344  73383  11339  47907  47799  96767  42814  12602  37441  31678  54219  78017  88522  93259  24199  7841  55780  29100  56500  18576  43180  15455  55340  60314  21716  39985  4840  89775  54068  84913  55277  69401  15580  62738  86448  