74  79  315  330  443  486  504  666  798  873  907  936  979  1001  1128  1354  1393  1540  1690  1691  2060  2083  2158  2247  2328  2411  2501  2564  3215  3239  3264  3304  3379  3398  3494  3511  3573  3722  3731  3894  3914  3950  3981  3988  4045  4120  4158  4230  4234  4257  4483  4485  4781  4821  4976  4995  5005  5049  5068  5136  5152  5198  5629  6309  6458  6581  6641  6649  6846  6864  6887  7201  7295  7314  7430  
7435  7546  7594  7735  7782  7856  7866  7929  8054  8065  8067  8118  8158  8265  8284  8311  8348  8487  8563  8588  8656  8876  9126  9218  9240  9252  9268  9284  9491  9494  9568  9627  9916  10008  10162  10308  10390  10505  10514  10662  10705  10893  10898  11087  11356  11495  11572  11676  11738  11788  11817  12010  12074  12110  12213  12291  12351  12384  12411  12425  12435  12438  12456  12628  12739  12815  13004  13318  13350  13521  13659  13686  13729  13813  13848  
13939  13978  14206  14431  14658  14665  14678  14686  14831  14879  15000  15001  15025  15055  15360  15484  15515  15631  15917  15926  15958  16014  16059  16071  16092  16169  16224  16348  16505  16672  16699  16785  16801  16827  16963  16973  17034  17491  17574  17600  17699  17720  17895  17905  17963  17985  18059  18141  18197  18263  18299  18305  18326  18373  18555  18558  18709  18743  18815  18846  18898  19248  19399  19404  19587  19647  19751  19846  19853  19907  19912  19992  20154  20550  20569  
20688  20749  20886  21126  21290  21426  21669  21756  21938  22428  22522  22562  22636  22647  22663  22696  22825  22828  23145  23242  23586  23682  23742  23747  23767  24198  24367  24435  24516  24529  24699  24939  24990  25133  25214  25282  25382  25425  25542  25663  25766  25880  26029  26056  26202  26320  26399  26567  26569  26627  26638  26655  26774  26912  27044  27054  27211  27255  27260  27288  27354  27414  27487  27614  27980  27999  28011  28024  28172  28220  28226  28661  28922  29264  29274  
29283  29377  29385  29647  29688  29699  29907  30015  30046  30330  30345  30724  30903  30994  31025  31143  31305  31396  31500  31525  31549  31585  31615  31756  31786  32230  32263  32298  32825  32943  32953  32996  33107  33286  33444  33465  33775  34044  34148  34154  34368  34565  34801  35074  35088  35202  35439  35577  35620  35729  35747  35776  35816  35903  36048  36235  36296  36462  36545  36568  36568  36642  36729  36805  36996  37504  37785  37872  38116  38202  38220  38366  38413  38552  38562  
38667  38841  38853  38871  39034  39297  39520  39524  39555  39635  39852  39874  39956  39965  40008  40052  40171  40335  40388  40446  40483  40682  40823  40848  41074  41134  41211  41252  41345  41363  41374  41543  41575  41902  41963  41999  42061  42262  42268  42334  42435  42588  42606  42628  42726  42809  42857  42862  42940  43010  43080  43349  43419  43515  43575  43736  43751  43757  43840  43980  44132  44173  44218  44220  44234  44240  44634  44674  44710  44773  44801  44849  45010  45162  45198  
45222  45384  45434  45667  45738  45855  46008  46234  46424  46515  46622  46650  46725  46796  46923  46954  47004  47041  47206  47279  47294  47312  47411  47594  48034  48039  48062  48224  48230  48320  48455  48461  48467  48889  49332  49388  49644  49746  50171  50385  50536  50689  50831  50879  50946  50988  50992  51037  51083  51086  51396  51404  51580  51629  51677  51767  51851  52262  52359  52590  52601  53070  53249  53889  53964  54153  54203  54215  54274  54287  54378  54473  54530  54567  54625  
54705  54766  54839  54862  54878  54913  54979  55020  55073  55139  55161  55325  55345  55378  55458  55596  55653  55903  55947  55997  56062  56121  56402  56561  56598  56632  56767  56972  57052  57375  57514  57598  57603  57623  57716  57718  57864  58006  58094  58305  58342  58409  58514  58560  58611  58844  58862  58881  59125  59234  59303  59340  59400  59423  59427  59462  59604  59707  59892  59926  60141  60178  60351  60460  60484  60642  60782  60787  60787  60844  60869  60890  60922  61294  61423  
61432  61497  61558  61589  61879  61902  61930  61939  62029  62107  62184  62198  62320  62397  62507  62517  62554  62615  62620  62786  62889  62900  62950  62960  63033  63048  63088  63120  63132  63275  63518  63526  63593  63725  63770  63811  63905  63968  64001  64200  64244  64361  64382  64541  64618  64621  64632  64909  64994  65028  65044  65304  65320  65380  65510  65518  65536  65569  65631  65658  65682  65885  65992  66044  66047  66098  66400  66463  66790  67014  67049  67096  67139  67186  67215  
67259  67328  67552  67593  67604  67680  67739  67975  68023  68024  68049  68051  68239  68391  68681  68682  68744  68759  68780  69082  69319  69324  69345  69349  69387  69520  69544  69621  69623  69679  69921  69991  70071  70078  70086  70405  70482  70516  70527  70621  70668  70714  70757  70856  70887  70986  71155  71261  71294  71310  71425  71464  71480  71570  71582  71778  71791  71849  71924  72017  72064  72227  72660  72711  72752  72944  73240  73244  73364  73365  73413  73680  73695  73735  73874  
73940  73958  74224  74234  74254  74267  74322  74359  74452  74607  74687  74705  74887  74950  75109  75218  75352  75393  75532  75562  75579  75679  75714  75935  76035  76186  76220  76270  76312  76456  76533  76571  76645  76692  76880  77035  77282  77306  77351  77418  77481  77728  77761  77776  77864  77993  78018  78121  78140  78341  78345  78422  78462  78487  78593  78698  78999  79251  79294  79394  79434  79469  79581  79625  79648  79703  79874  79924  79926  79994  80039  80050  80076  80106  80156  
80284  80327  80380  80489  80603  80685  80716  80720  80756  80823  81103  81152  81193  81194  81257  81423  81454  81514  81611  81611  81686  81701  81706  81810  81978  81992  82004  82031  82208  82441  82576  82618  82696  82743  82744  82794  82822  82944  82967  83049  83069  83200  83805  83815  83825  83907  84113  84291  84407  84847  84926  84978  85123  85222  85313  85640  85761  85899  85978  86055  86136  86232  86461  86718  87232  87295  87409  87523  87724  87781  87808  88087  88606  88930  89044  
89352  89675  89779  89796  89877  89926  90278  90320  90543  90597  90687  90694  90824  91052  91163  91221  91511  91548  91677  91721  91753  91890  91988  92018  92177  92251  92275  92293  92536  92613  92663  92675  92686  93134  93160  93190  93524  93619  93705  93760  93780  93870  93879  93882  95012  95084  95272  95298  95382  95537  95579  95651  95790  95821  95866  95900  96037  96048  96279  96320  96328  96425  96449  96634  96754  96777  96777  96870  97130  97183  97200  97207  97375  97458  97476  
97594  97800  97842  97842  97936  98206  98284  98374  98424  98438  98627  98835  98839  98944  98973  99021  99114  99155  99176  99206  99215  99452  99522  99654  99743  