25864  17834  5346  21763  7227  13331  4732  5198  5321  7441  13104  6737  8487  11365  18896  17322  24658  25513  16084  16919  11009  5020  14486  7040  3885  21066  4637  1110  10447  17629  15029  4637  25614  14872  18525  25782  5092  20830  20320  8492  6507  3896  1694  16099  18657  11348  8793  18722  10694  11000  29  5451  12394  19869  3635  9101  25258  24428  21153  22446  1338  24198  19177  12922  17845  20939  8526  22080  13549  9493  23940  24830  12458  24193  12373  
18772  22692  9828  3426  20805  16634  25374  14164  1665  5966  11248  8696  21284  9447  16078  25292  5819  17406  1597  7808  18809  2647  15675  3029  25153  1452  18346  11264  11173  19371  23337  4143  24795  12370  285  8581  8553  22573  3697  25771  7907  10085  3088  2550  15133  12036  18493  5639  20453  24932  1266  11953  23993  7679  11892  18020  15671  1232  10715  24713  18346  5885  6740  1608  13102  18708  24953  18753  15261  17826  19934  23327  15887  11308  18249  
6781  2762  25755  11314  6627  7541  14090  10063  23022  19849  4900  23158  19486  18347  18517  14889  9985  18964  25206  7729  9868  18658  12101  25550  9236  14054  19537  13819  24859  24173  4403  18124  23792  3213  25637  15572  15877  12357  2267  2777  24543  5924  4475  10661  8841  8000  536  3593  9582  4342  6142  9515  24511  13384  14481  21507  5716  2480  18720  22065  103  10859  13962  3115  6816  24294  2083  7786  13568  14704  2750  77  21988  4485  14636  
5586  25981  7098  25601  555  18240  1446  22192  1842  25042  8511  15009  25237  5701  15767  5710  11052  569  2910  6885  2082  25308  9077  4257  10065  17  2999  18875  992  382  7194  16819  8375  22585  18655  10386  15533  9282  24837  10529  7478  9958  17425  12281  14238  6973  14944  18502  15795  13774  12914  6687  14230  19059  9535  20158  24610  20761  9015  1214  24701  15096  3812  16598  19844  20394  6196  6205  22729  18916  20334  9009  14892  4643  4166  
13080  14306  4162  12829  15216  12501  22087  22721  5038  19137  5042  1233  10443  12719  24724  4312  21299  22756  508  12139  22831  13166  398  4258  7502  19279  16801  8027  11024  16415  12343  12652  9976  17309  18297  20581  2923  13578  21745  17667  17186  24104  12985  18086  3486  20407  11102  1866  24349  19663  25649  16878  9960  8125  26051  46  495  13942  18557  8701  18208  3661  22390  999  18925  22768  20821  23630  16203  1967  16751  7662  269  16225  1921  
12973  11637  16881  4408  12118  12191  16924  6738  21086  9719  24763  6873  23684  2799  20728  6873  9491  4952  23307  4904  18165  11093  6759  3457  25835  1645  20024  11637  16549  14580  11236  11122  24634  22743  13397  10209  2225  4191  8288  7431  4787  7363  22963  2425  15142  5470  4648  5735  12077  16173  17797  10016  469  20497  21945  9328  20065  23538  21615  8696  3637  2177  24010  19076  2107  3613  21823  22947  25126  24213  777  20148  2050  11491  9155  
6661  12281  1194  21789  3693  16585  15887  19523  59  19128  13230  4622  19767  907  11630  4472  9022  6143  2578  14304  22924  11890  15686  15637  16016  17658  25582  10577  25048  19144  464  3557  1708  13094  6108  22935  21502  9172  15708  8159  8565  5014  22639  111  12665  26099  12632  13203  2248  5428  15087  4608  2596  15119  8097  20579  10465  20766  12384  2592  16569  21050  25286  15085  25145  17315  7739  471  15940  19243  12368  8078  16902  6054  2952  
21276  15474  21723  9785  10973  25223  6401  17074  12043  17633  21848  25244  11413  19645  6852  4812  22438  878  16127  24842  13585  17173  11260  3462  1266  14712  9267  6059  13332  1461  20120  8219  14841  24433  12518  21028  19053  1002  17742  23154  13954  3926  16372  3000  10016  22565  16929  4131  17110  5752  22638  12834  17043  21338  5364  7819  11924  12450  2838  20407  20954  7917  16555  20507  13357  23633  9901  16463  24869  17659  7041  8692  3130  6307  23535  
403  15519  2701  25690  2662  3060  21050  13198  5228  14772  18067  13778  19095  17913  10629  20208  13327  14667  19705  12462  7486  20861  9171  11968  19207  6562  13520  325  23145  24872  17935  19787  619  22821  4479  20184  26026  22986  24974  12178  2662  23060  23686  19673  4599  13346  6556  16247  1673  14772  23340  2632  10450  18199  25537  1344  10116  9310  8066  12430  22908  8995  10534  24620  23081  22346  15391  6759  12408  12274  19293  1262  14547  7253  19465  
12473  1607  15236  8061  361  14854  6198  7861  2440  23609  10652  7274  20585  380  10150  18306  13001  24986  6416  16229  20222  1807  16276  19420  13381  23377  10459  12429  22069  3145  3934  15257  11651  13657  12933  25810  10351  8466  3738  4500  22431  2832  21597  22233  2148  8633  14986  11823  7312  19036  8586  16941  9492  8510  2211  1170  3856  18766  5799  12679  4999  1872  14469  657  10151  23400  15424  9147  21775  21801  15993  9817  10076  20370  2002  
14925  23489  6513  6561  3742  952  4792  17260  17324  17654  19405  1205  3169  7878  23414  21959  1036  8203  21446  12169  15561  18456  1172  11779  6647  10402  24239  5737  7676  10057  14358  18804  19980  9198  911  19265  14020  12450  7476  19422  4966  18763  23402  648  18902  13417  13733  18024  25712  23917  603  19416  18741  3402  22207  8901  5613  10351  7253  10636  21545  10180  14947  17070  2849  23933  7149  10824  3713  4882  20856  25722  10096  13092  13079  
12345  2754  13185  23581  24258  13409  614  16357  2233  23549  10930  13398  764  17428  13982  20630  24596  7260  509  11347  7872  21516  6638  8048  24351  11357  5096  15237  15541  17182  22873  5567  25319  24083  17005  9906  6471  13266  16148  1297  11405  5660  22006  11566  8380  14875  7402  14716  21584  23680  1798  3870  10892  19532  3587  17847  25518  10940  8593  3508  5692  5441  20148  10138  10561  2916  17830  8004  26111  21818  289  3647  166  25620  22942  
16963  2191  24363  14681  11755  18275  4155  5122  8735  9358  9153  19422  8330  719  13379  6053  22782  1645  23736  5705  4865  16507  25946  3189  3390  1125  8499  24310  10312  12451  24385  25887  14424  1475  9519  21243  12419  17603  12077  23156  26081  13603  20078  3072  3813  1140  12694  11843  24951  919  10155  9366  14335  15863  17769  2161  11340  2175  24443  13667  24726  1840  13151  5292  18674  10114  14164  4809  11772  178  8941  18953  2992  10499  23388  
6536  14743  23379  7811  11897  21660  2887  6097  4138  4464  13596  22523  7871  2228  3075  16240  17882  1156  21129  441  21198  17931  15613  2485  24134  13912  19740  1381  22575  4398  2413  21827  20333  18010  16793  9896  15231  5482  1917  21992  13036  5041  20911  3746  15165  21711  6478  3597  7807  24742  24181  8310  5127  17254  7852  11472  6267  22282  22556  19941  17828  14653  25391  22221  16104  11544  8121  21326  21200  10042  16009  5474  20155  19656  1147  
9917  266  25022  11587  9810  10063  3034  9935  17939  3556  13710  15375  9980  15467  11345  16327  24303  17849  15915  15557  19647  21234  16781  18463  5898  8483  20255  588  4545  22574  4097  18642  5518  13952  2462  9631  19957  19149  22712  13775  13162  13953  13258  436  4827  9491  19897  9667  8650  6918  20485  1994  25139  1533  394  2588  17457  25723  17623  23368  4011  2427  7693  9748  7647  14911  1733  553  6832  17662  5324  15242  2896  1813  14827  
514  17366  10091  6997  7595  12107  22866  11783  12802  1879  19191  12064  3456  24988  9837  16018  22939  25154  14034  13487  3400  10434  20038  20384  10992  5965  2028  25237  18768  4437  3746  1514  20896  15326  24392  6313  23869  24789  23814  13582  5144  1249  6910  24841  6455  785  24037  22559  20895  11160  15025  11491  12001  1989  6570  11344  25061  17839  7693  9368  12608  2964  2580  16573  24775  2974  17340  12186  6480  7268  14079  17663  20219  13813  9898  
13990  14648  24988  23205  16148  12614  6878  14978  5271  20668  11268  17511  12926  13681  13438  21682  6656  5494  9104  10830  5579  2059  12435  9928  12944  19128  18463  1533  18320  11972  4293  25594  11215  18836  201  4191  20790  17995  12723  21519  15834  22741  18884  10842  8251  15996  6596  21665  3002  18312  18636  21704  25355  22479  17903  14996  19221  9414  20889  6309  14345  18466  2397  12183  634  3245  20691  8961  16466  6541  10244  2176  572  22367  21389  
1951  6691  12756  20978  20385  24637  16594  25243  8397  7640  5123  961  6324  21200  10337  13893  4366  1372  6745  15414  1197  11671  2216  24323  9226  9701  25127  655  757  17937  9878  13295  12746  9516  15998  6654  7891  25528  15114  22225  9185  12020  10170  20604  17168  8882  14338  8242  3035  19255  6763  7071  1791  8918  22570  18134  1268  5230  11723  23776  23529  2912  17413  17156  15144  2105  14142  23120  580  25202  8561  13229  794  3824  17977  
10028  9951  14010  19903  25199  16101  3131  24230  1530  2665  17422  9822  4139  23879  1216  9107  311  1503  12180  15418  25103  15684  19710  10351  23496  14996  17211  25330  24412  18137  827  14357  1230  11131  14900  20792  18529  4368  16553  21030  22873  25938  8765  8629  17476  8396  25776  24828  25962  11720  14857  26002  19705  22971  7326  9605  16437  10773  21685  3464  16466  14465  23388  20431  12275  6250  14795  17396  12700  16828  18062  2788  7178  18935  4479  
5611  16112  7730  16346  3825  8522  17667  23791  5723  14094  7466  22611  1167  1289  25128  6154  8094  4204  22206  6830  16965  3919  15496  4842  1390  19409  5840  1975  6776  3984  24025  25791  17775  10611  4806  3800  23326  21359  21987  19664  2587  18602  14464  5578  5989  23489  20154  25794  664  10611  14040  20774  19228  4834  16051  321  12346  14754  18335  18681  24174  10368  15238  19000  19381  14045  17408  7233  21260  9090  1048  22671  23408  25654  23801  
4781  8081  25207  21985  2231  7761  16766  2149  5487  340  13907  19803  11900  2116  12751  6410  10751  1841  10655  18589  1158  22429  4654  7266  22807  11688  8482  15360  25319  1521  19293  21087  18608  15303  2250  22486  13621  8816  21116  21670  15830  23003  24016  18195  24587  16679  18613  11256  16618  18516  16197  14181  12371  5287  17399  9171  20671  21626  8764  9039  6453  13874  8282  4262  25194  4748  17390  20142  23180  25859  9498  23971  22321  22154  13753  
17045  7443  14670  17228  12450  15567  1013  1259  24987  22668  17760  21604  18013  17749  11074  21691  11240  22716  9212  5785  6312  20348  23832  11640  3701  8119  16853  6013  13784  22222  9503  2605  9062  16197  7643  13000  10357  24038  2265  2334  6321  7666  24604  7319  8  5807  10614  641  14656  5260  9331  807  14023  18661  4081  24566  17038  15765  25014  465  6409  19567  18726  7132  24175  7267  1080  19923  13823  22780  20520  14589  11614  1182  4806  
8412  12750  16853  6117  4212  7055  24379  25816  4104  14337  20157  1382  7857  21407  1379  18825  2657  23742  11693  18078  756  16317  1257  14917  24574  2596  2152  10498  16047  26087  22429  3527  24077  22300  23962  25967  9120  14456  24591  12386  10664  7584  23005  9647  22133  11204  9996  2696  13758  12197  22012  17797  13287  9805  12396  22131  25643  4350  17147  5347  20116  3564  23722  1945  5206  17870  9645  20025  15321  1931  12156  15821  18750  14246  20123  
20524  8450  968  25071  352  9814  9717  24776  25978  8259  23792  22937  5968  17289  15672  17333  18041  16560  14177  3127  5598  6360  12800  22767  6939  4854  5202  20158  11082  7451  19265  15488  11029  14692  19218  5307  25667  3589  15704  11559  13508  6505  5942  6212  3324  1494  10832  20979  12084  18316  21357  531  1044  20489  9875  17727  10143  12343  17123  2261  10324  21493  15297  23420  13666  7110  14266  14340  18885  22531  24423  20931  530  8211  16635  
25926  25319  15898  20844  20429  16919  3497  9996  18626  6019  14349  10637  8231  2811  11865  25202  16748  18789  8671  9783  17618  3289  23828  23425  6957  7261  6270  10106  109  14545  15193  5676  3493  14095  7934  4809  13980  14523  10438  12478  6186  16423  22855  7115  4981  17526  8779  17459  24141  10823  12952  7081  3110  7469  5623  10335  14001  482  14561  23198  6206  7324  15008  18538  17899  8705  24141  1347  1982  6961  18594  21237  6329  19036  19120  
19986  1041  17403  21736  5832  19248  6432  10060  797  16829  21535  24900  11115  2535  76  10492  12485  6409  6018  25353  2317  1881  8883  3268  16335  2504  4370  19821  12636  21  3891  4416  11430  22586  5444  16891  23451  7887  8593  3704  20678  12511  15235  217  607  11293  23727  25684  5270  7834  23564  7621  14374  9854  12975  12072  12232  10499  2860  9406  14738  11589  25810  691  18234  20559  13249  13443  22948  8594  14459  17460  21480  18057  25388  
4719  17704  6691  8354  1907  9521  22518  10147  5795  1858  5137  1445  21888  16194  7118  3397  13064  19506  16837  14460  22202  494  23289  13919  2331  14389  4150  7855  22779  17495  8629  3081  14859  3815  16009  10533  14303  10967  18140  4541  19947  14082  16128  15059  3526  1546  24232  12926  24626  24929  5762  9383  5252  8507  1384  6062  8421  5860  16064  10457  5941  10273  5885  87  23954  1133  16487  9248  22730  14963  6648  16103  9826  18361  11804  
3986  6526  12969  3699  22186  14610  13842  25871  15720  2357  19206  24919  7829  20411  20225  18517  19990  19550  458  10215  3458  1345  9592  22175  16391  24723  24616  3053  22238  23071  5931  19033  923  5205  12604  4614  9710  11269  25915  14237  20214  1312  19948  25367  19000  24342  17686  4719  5187  23846  11056  8869  21292  16542  772  8792  5591  907  25841  413  21029  24444  22197  17606  10811  1223  1489  24175  7125  7668  2741  19371  16877  9384  789  
25333  23234  17483  23181  13119  1832  6548  5800  20848  11090  6775  23481  4195  18645  1875  4016  4480  13635  16184  6197  4793  15491  6565  12125  2510  20624  1205  11932  18572  19321  14469  8303  18153  13658  22985  15256  6112  880  1936  7536  15817  866  4729  3234  2047  21471  4274  22904  6647  21665  4051  2227  26098  4162  7203  15227  11263  17067  12977  6880  3232  14210  22513  25862  9558  10030  15065  5247  8985  9978  22345  3496  1271  122  15545  
10454  2945  3951  21024  3953  6344  25674  19395  18031  24560  9782  9934  19739  19075  16065  11004  22500  22977  9851  13051  22874  13670  17258  17946  24506  22212  1888  17088  10865  25758  16599  6510  22466  13928  7889  23456  2218  13863  8599  3513  1693  10319  17574  20051  7796  7613  17538  14862  13610  17835  21919  1685  11540  25782  18996  195  24618  20197  19463  18390  18725  9191  10769  7505  5315  19863  21601  11666  7419  12459  15751  24116  5931  2371  6202  
19736  10374  24623  10792  13511  18639  18601  18792  11704  19070  4411  7055  446  8591  10559  26051  20377  4838  4521  11972  24275  490  8241  25344  4395  13511  9541  14356  24963  10817  6445  3761  21664  14786  4567  2643  9898  12061  1148  14624  9281  16866  25781  14815  16894  20082  25296  19824  1554  19284  3846  18193  1246  4414  23798  8461  3978  15628  2382  15156  18688  2483  19230  16556  7790  15083  15893  23256  17557  11505  17375  6351  22968  15794  340  
20900  3036  18550  8168  21686  11084  13690  12795  4248  25069  1672  17497  3926  8831  2625  15769  15353  10417  12899  378  1610  15024  14419  21755  9638  16284  12330  4216  21919  22528  11262  17823  24543  2759  15346  9391  20829  6816  9685  25118  23251  5191  14862  1968  4999  6652  7114  25115  20740  18976  24935  23274  16162  11008  13830  6080  9581  9268  18006  21386  2044  11800  22800  13417  4402  6750  9820  8689  19346  10266  25038  25998  4008  25615  110  
8011  20741  9151  17183  7535  15027  11624  1170  7035  14026  7949  11657  8411  10658  14922  14566  6363  3750  23994  22531  1200  7929  9234  18788  23446  56  8580  8042  6862  6816  12684  25977  3283  18333  15972  15221  22638  7794  8840  23781  817  14746  21411  3025  5804  10083  17886  8184  3972  13339  4970  22239  13122  9006  13405  12065  21508  20254  1361  5058  24325  3424  1747  19316  7067  6952  16650  24172  3866  23089  6842  7825  12578  21458  1272  
3581  6863  763  1556  16716  9039  8161  21735  12213  23250  24345  13153  10209  18805  8013  15918  21588  22736  4277  8594  23371  20527  1834  16211  14080  5824  576  20500  9619  11530  17140  26050  18871  25635  18915  23975  22475  23069  4028  20710  24470  14303  22651  13582  17290  12523  25059  9654  7842  3706  3322  22732  22684  19749  13952  22605  3894  19716  20806  5193  2683  19373  9163  1848  12090  2932  8832  8168  6273  17914  21859  393  5803  9397  24202  
4845  21120  19641  23260  13631  20020  14233  20662  18042  19669  11097  17052  5719  20098  7096  19208  9732  7943  4292  16586  21833  24751  132  24796  20382  3142  2111  4462  8389  8459  20488  18903  16627  25547  16512  14738  17316  7319  18706  19250  12608  15754  12100  24445  14628  17766  10912  2880  7022  12842  18749  4919  14224  4822  16814  23351  20427  20968  6342  6489  10592  19533  10350  9906  11364  19841  14244  4873  25052  19908  14135  13524  11359  1930  9158  
16443  5898  7267  15748  8563  24640  5325  12733  872  9938  23031  10274  16494  14281  24798  12793  13593  13927  19786  20172  956  18313  15967  1110  2545  1173  4838  4685  6672  20445  16287  18784  4910  18647  3498  6824  25352  15312  3374  10340  25191  15772  25754  9509  22930  24523  20263  8829  9767  22932  14314  14727  22396  1368  2739  1438  23072  15484  24426  17243  18980  3357  4178  2807  8125  2981  9270  14400  8878  6664  2650  1000  7083  10910  23950  
9047  8160  9395  20266  10416  297  15580  10400  10180  3873  13162  19652  13516  17686  14395  7400  23478  121  9318  726  20998  11743  20985  25467  2360  5451  20856  9838  20352  20431  12580  16808  4494  25543  5457  4315  4677  15503  11263  1496  6383  18267  23981  2115  9573  7958  23672  24057  15524  15938  14844  4149  24025  5868  1375  20096  1081  16881  4001  23268  22448  7953  25547  24574  11833  9002  24989  14356  2174  16510  18669  2333  18664  23678  6819  
23247  9350  22608  19518  12645  178  24198  8374  16356  15750  16890  23269  9840  2449  10869  19051  10737  22584  15800  9863  22891  24575  3469  5244  3628  17593  14434  2359  25753  7059  16677  14651  5997  6925  12929  24300  7957  8169  17702  14853  10836  18831  3053  22461  9318  7442  24789  21221  18134  22197  14145  13487  2892  5644  20785  2718  18297  6337  24828  3606  11687  21961  6686  17901  7144  3294  15394  2821  1934  10871  3738  5333  9008  8253  12865  
15362  25559  3522  12676  18540  16593  25266  13593  18899  14943  10310  18192  13399  6577  11031  12530  23945  9870  9732  3171  24916  19018  5364  13779  6664  13370  21762  15785  15536  19428  11766  10233  13033  18807  2621  12417  11318  20694  9357  12456  5788  24733  15470  16292  3306  27611  26536  27591  28809  27983  28431  26242  26747  27230  28483  27372  28018  26417  26649  26517  28272  27347  26526  26779  27485  28110  28520  28429  27339  26804  27266  27912  28159  28067  26713  
28899  27608  27633  28106  27860  28829  27433  29125  28768  27643  28524  27859  26521  26149  27658  27436  26974  27033  26630  29043  27440  26447  28116  27147  27257  27557  28850  26233  28565  27229  26534  28030  29073  26250  27826  26217  27718  26152  28920  28469  27238  28549  27461  26182  29036  28254  27105  28628  26469  26846  26566  27877  29097  26389  26253  28687  29056  27762  28648  26999  26740  28463  27633  28468  26717  27189  28679  28214  27144  27333  28813  28890  26348  27539  26691  
27336  26385  26488  26383  27133  27610  26970  27760  28115  28660  26800  28527  26965  28624  26223  26947  26545  26205  29103  28543  28808  27106  26993  26864  28323  27461  27787  28382  27566  27526  28872  28149  27297  26652  28596  28123  28107  28618  27312  28521  27818  28056  28287  27181  28066  27192  26442  26518  29030  26190  26297  26221  28771  27051  26653  26271  27605  27838  28634  27966  28927  27567  28806  28080  26845  28959  26160  26967  26169  28134  28519  28518  26272  26125  27831  
28748  26869  26289  26888  28452  26817  26553  26381  28148  28089  26904  28577  26938  27636  26476  27279  29000  27078  26658  27129  28373  26967  28420  28942  29126  28359  27100  27654  28061  29111  26366  26497  27722  27454  26848  26129  27743  28124  26348  28952  27510  28344  26472  26419  28439  29029  26125  26631  27374  26563  27628  27682  28695  27762  28352  29008  28574  28066  27022  28939  29005  26527  27170  28527  28094  28376  27266  26969  26943  26558  27436  27550  28136  26446  28227  
27331  26185  28378  27968  26150  29083  27166  28786  27392  26739  26639  27584  28465  28082  28249  29023  28951  27101  28574  26936  28911  28658  27887  27568  27750  27328  26386  27342  26948  26278  26340  27561  26891  28618  27908  28242  28997  29114  28522  26943  26445  27496  28140  28671  27610  26544  27089  28473  27545  26947  26940  27488  27236  26405  29062  29121  26852  28719  26409  29130  29143  29144  29129  29158  29164  29157  29217  29229  29195  29225  29171  29248  29220  29203  29165  
29233  29205  29192  29289  29287  29291  29292  29300  29303  29311  29341  29334  29342  29357  29351  29366  29367  29383  29407  29378  29406  29420  29398  29400  29401  29424  50776  94770  45905  77389  98913  38815  44786  35228  99052  73237  44752  35781  55651  87619  53678  87633  82405  80306  53357  59400  43153  99412  90485  36092  55278  38578  84924  69596  46193  82950  51303  49741  61312  57982  95602  79695  72931  83061  83807  75963  29445  99117  61302  80014  57691  42587  96042  67806  78959  
85373  94994  78973  92576  53329  62747  45471  39959  96621  83653  93768  80563  46281  59483  30410  83251  36097  48141  31997  34998  65476  60387  55767  62506  89657  40737  75282  89518  36647  52617  84451  69121  46621  38674  89303  89083  69815  68176  31130  71733  48475  52989  43325  47192  84649  64692  32249  73835  68381  33693  30742  68347  50742  80257  74568  67738  99419  31731  71349  33404  60884  95213  86257  83536  36468  89723  49883  44289  81004  69887  37584  86862  40118  88261  50729  
63586  68588  85975  31895  40440  91423  76524  53366  30568  69842  96390  89201  94834  63085  63239  60382  40363  88482  85183  64571  45467  60782  37978  35056  37596  77486  34248  37076  49813  60410  63549  74916  56550  75878  37999  36538  50977  79158  41414  83217  90178  37956  49051  61916  63036  60134  87989  92638  32952  53957  82740  47485  72530  58014  82419  38885  30824  63798  79158  77739  36493  70460  61145  72448  85014  54488  65877  78285  77772  84832  96026  91099  65168  74612  79887  
42034  50031  89781  81975  71615  51254  95569  32948  76507  59965  52688  69526  80788  60160  99245  34707  39629  88277  73161  72137  56208  53688  49520  56361  48126  69090  83990  34348  49071  82278  50238  90244  51632  60932  70667  60519  33416  36188  61096  64274  57251  75396  82033  35760  93595  95248  41875  61974  68058  30797  90862  36633  54544  62668  38615  42588  39776  43138  30035  75052  94361  95986  78157  82434  78221  41007  76317  91376  74206  51115  61780  37043  83791  73471  96196  
40764  62113  59294  60207  59414  87270  38807  65898  42253  75000  89887  59811  46388  49839  81298  72922  72562  79476  63536  39792  57949  31226  95480  66731  66440  97046  69374  92826  46497  64954  45298  39159  57159  54386  45809  48528  70869  57088  30296  64975  96788  62296  76847  80142  53491  82286  79259  97375  99839  58959  94034  64989  70203  30440  53976  63152  71401  66256  52195  41153  94486  73754  29499  98005  68792  81313  94609  40623  34583  80228  70541  51866  65213  40410  55915  
88878  59739  71054  52836  41696  82857  95097  64110  35942  60686  69639  49466  54674  67226  60648  77741  95776  68213  75340  62463  67153  59591  94016  61180  78385  48486  46903  93626  31005  90465  85160  63770  68722  78764  83846  41390  62697  36898  62511  47124  72375  90809  67324  53864  44493  50094  45128  30150  40246  56597  98029  71460  60784  55514  99008  39223  45374  52311  43567  63674  53348  85535  50931  33176  50864  50054  30289  89913  95775  75770  81140  29580  43534  58153  92788  
35999  67125  33568  68592  99387  67294  95752  32674  45476  84268  73295  66477  34870  77453  45074  41531  83674  60631  93534  60733  45023  45251  57210  82576  67109  43204  48197  72506  61995  38934  90973  85776  73861  43385  62716  99760  37937  41225  45204  56884  88056  48041  32947  49417  53183  50921  52362  34714  43984  90567  68136  83881  79406  44206  49071  99802  63081  57630  70375  75017  46480  66895  73799  62708  65996  88402  93795  80595  36705  84852  67040  91282  31477  42072  77842  
47353  89175  40529  88786  81454  43828  43534  49311  62597  98525  64527  85518  93510  69470  82429  34906  66285  48621  67084  54328  76926  33513  74564  89146  84988  33502  29676  43575  96820  88679  87213  98392  70037  93937  67956  46875  49818  73353  94165  46018  86699  32929  30767  34926  29558  61097  47680  46268  85881  87337  72673  38842  47107  36278  84440  30053  70087  51194  68688  42485  92017  44447  73308  34840  96991  39365  61643  80218  43296  71897  41677  76122  42408  53170  52686  
33165  39482  95476  50463  99608  96020  86769  65835  60308  91527  32878  48691  45694  50844  64185  57374  76102  98777  97074  62394  46313  84902  81942  60419  65767  59654  77947  46347  95798  99317  87070  65171  57427  64118  66302  30854  45860  37038  87823  31231  68669  53875  55712  52067  90992  54122  59284  34489  61869  36469  99622  44894  93450  57146  56297  69287  47266  35102  53498  91792  59311  55141  83688  72655  35232  89815  37988  84883  96943  75274  75545  51234  40947  47929  54943  
99568  87810  45731  29952  43343  82084  48046  35834  38000  76562  40358  74279  37397  40934  34423  72653  83811  87817  66106  87787  48394  87740  55120  59531  76432  77762  82491  53458  29952  92455  78124  80998  68937  81084  89720  35710  46427  46021  54507  83171  36195  45234  73734  61510  55514  52953  32251  52295  79811  48368  45457  97355  67735  84669  41740  55643  94541  81690  33156  88629  40669  38583  33958  87332  46408  74531  32178  89592  54754  95544  61356  88238  53080  88762  84881  
73232  72944  88028  86226  53630  80443  85178  89945  78805  44388  30480  75721  44213  78047  89762  54075  42628  43160  67660  43489  71743  94834  46944  61443  40132  45098  43492  53474  33684  29954  58461  51312  41889  91373  95559  31821  87053  73720  44181  88426  42685  90571  90942  92679  86903  80851  78421  34114  93461  83391  41579  77857  43025  68413  83722  80838  34173  54385  55320  97790  83390  67597  60107  63567  80086  33333  31246  62212  38062  49344  88776  92003  83438  91251  88143  
96364  46266  31920  91545  99742  93159  93498  51639  65618  79130  45260  88113  85208  29854  66390  45825  96140  33790  43007  99931  93847  69427  44375  61164  76616  53067  71901  48558  62289  79293  89207  52935  47276  99163  61647  82610  30465  97864  78346  62272  95716  98441  44624  32008  78404  58361  47640  74917  50501  33923  72959  68556  41533  73073  33913  49728  42850  49614  51210  90790  98104  40621  32223  47165  84706  91087  57964  42347  48144  64827  30040  53941  67078  90734  88212  
70422  41498  99879  43970  83290  97772  80485  91662  82724  58167  33592  84992  33291  48684  79631  50798  87850  75675  60779  43546  64898  51226  83478  45055  77895  35656  60903  70000  36482  97841  64538  60472  58673  97047  71978  78467  83608  93843  39268  61637  40555  35119  87793  55433  96978  63093  43927  82687  43366  45216  64678  45726  82615  77586  90262  78219  84291  44967  84476  72834  90316  30530  50576  82867  31613  88168  96886  49063  71611  34794  67649  72969  35351  46436  87496  
92194  99505  56502  95330  88576  88502  40707  29690  98663  56525  88538  61970  46757  64731  77152  87423  80884  59645  52744  99870  63433  36309  50081  95782  34657  84389  70946  35347  44811  70667  92124  64391  65841  97329  71103  36878  81685  48245  63772  69095  48172  41530  93860  70288  97986  56996  78588  57560  79684  57712  76959  45691  77256  48459  50646  81570  75696  75042  67762  90457  46065  81395  58048  65600  78762  97295  55243  33920  89265  65084  74206  62820  61700  32364  93053  
51599  93353  39564  66146  97663  35822  51295  29992  77921  74475  29760  70268  75077  61222  34100  60993  81158  65506  33357  92250  83408  79640  68950  56986  30119  59836  62214  64970  72825  33903  98467  32581  49654  80792  29781  79166  96805  53752  96109  29795  49550  76972  44340  48396  70166  49040  37625  59681  76078  83250  55621  85112  90220  84786  50419  67780  55196  54607  31947  32993  82453  83620  45645  49747  95393  57724  85589  38497  58814  66988  66330  64610  84203  54443  31258  
97416  64171  62168  48048  94812  88309  95254  52006  30916  48776  40619  93899  44202  77062  50798  59868  83688  61338  52961  35613  56236  51253  47992  61892  41329  43145  46328  82774  78729  33880  55643  76911  57696  72832  65148  34098  68214  81838  44825  95667  98963  56443  41012  90226  41295  32414  67326  61105  42261  84476  52028  52546  84667  98199  55371  65058  61524  64885  88956  85989  64530  72433  89229  85509  30550  33530  75145  55363  96594  42860  72847  77318  40008  68707  76496  
90128  75212  47927  65623  66886  56670  91743  88506  45282  85016  67684  45586  91369  36513  32060  43332  87805  85968  47418  60308  73142  52592  87336  43142  83733  77221  58354  82512  91672  94884  87077  50906  52525  33317  85388  44779  97768  47321  80697  69966  90542  63808  96262  75052  41595  86821  66321  29707  32205  59517  86810  68421  30040  40924  52693  44561  70349  71863  94413  89546  31737  79386  40390  50004  40166  87625  65450  82609  88611  99852  95113  81243  88270  76999  34389  
39040  69873  64590  98469  50683  88642  74722  98481  80171  96429  75934  91453  76287  89060  70659  31538  82930  44889  39313  39614  43201  41299  42542  43551  48721  35693  50535  91235  37845  76129  82259  50052  33343  76803  37062  84993  58862  87924  37048  89730  78213  29895  32509  42540  72611  30471  43224  80776  39539  44105  38466  38244  97003  44827  94019  83656  31939  81409  99280  89765  48386  72828  60103  70741  31274  93472  99454  83238  97884  38794  64134  48804  58914  43403  99208  
93999  99032  60298  37988  38330  47215  69516  34756  30450  33329  40194  52238  51062  46621  57194  74893  83517  99864  92064  31202  80216  66395  66025  89583  40588  60555  58014  59610  54181  84917  61816  73138  93477  66986  47942  87719  74622  53765  59272  52829  96713  79957  66787  84224  30488  91293  76181  62308  85491  64783  80336  36941  78605  97867  81945  34671  39140  66325  67107  93793  77981  89592  54717  63794  45341  35401  67459  48345  91525  64739  35965  73050  62727  60452  61967  
32821  94113  73694  64800  35055  43120  65817  53971  97414  80941  91594  46151  97797  45017  36678  61448  86897  61231  31080  58879  94608  64023  75882  87577  98363  90407  70685  68362  64321  41130  66993  79238  79814  40118  78593  68945  98676  59414  65657  50111  86614  65491  41120  70537  78381  32933  68676  60660  88453  81246  85788  81864  54003  49760  89838  32011  70548  84871  41488  51130  89515  69332  59228  79390  80816  50095  50699  34619  38449  81651  78526  72726  37413  96501  56281  
46439  40674  75474  52672  58063  80810  62501  46467  71633  43101  48188  44096  95621  59750  76615  53791  54319  58931  76973  81549  54008  66468  50137  67931  99739  43704  37133  64610  60216  53845  71695  40594  32945  62050  85311  57437  70851  95128  63809  88206  34537  59755  74632  78242  38841  35157  39310  50055  35825  34332  36486  73551  78877  70650  46983  99468  64040  32406  38518  32914  91700  50359  41256  54454  70305  44331  45033  63492  30483  73981  42357  44490  71845  71571  94625  
96024  68100  83237  65275  55107  77398  47264  48579  59474  82593  45417  43276  73504  47190  37747  75225  41315  79113  87535  86173  62333  36274  44678  40850  77375  64608  68443  59808  30904  70000  94602  62721  66063  52232  30947  94036  73537  29926  47388  96624  87097  45395  54893  43603  67564  30323  40597  66427  67504  42930  76131  61220  71328  68168  43086  36135  45353  80619  92043  42707  62884  77765  80697  36061  85181  51077  40938  37916  60604  71270  41882  46019  47071  60071  61755  
29847  69769  91942  49187  94472  90782  77634  41035  50096  78793  82176  66498  32841  42343  99207  77937  36548  74449  34107  66102  75234  85640  79888  70595  47153  69897  99940  47449  84486  81660  68076  94548  51149  95530  49107  58759  44954  67043  60010  33164  88563  83162  79501  99816  42228  66936  80993  39456  60756  96189  93924  82327  29778  53531  71679  58960  68643  74542  75513  43016  54037  60276  98812  87956  54541  98945  40233  85311  38028  35744  46333  94554  83738  90742  46029  
49715  40639  77935  81581  59929  82104  89171  84595  64848  58878  56592  29591  54176  90915  51576  53521  64272  91286  89597  76254  49113  80379  34139  69404  58486  51582  42026  69699  58232  93501  54701  81240  33511  34614  96243  65975  90297  72205  95341  64199  77491  89024  54597  58685  48202  34083  36734  75187  43281  51478  90276  81999  40014  44256  82375  78668  66103  56542  39418  34770  63926  90945  34004  45085  44351  66017  74077  63146  29979  66740  60265  63451  46247  55869  43639  
55411  87241  97300  59243  50876  69061  42542  81539  59330  49178  42420  83568  60867  46433  68307  89482  95656  51498  51857  43614  66892  33784  43345  60827  68440  33831  92960  35371  80130  32013  33805  93077  40548  91221  94806  58505  30506  83269  80972  50637  91514  41524  55647  33632  59112  83090  42609  91339  54467  50528  30288  33698  79065  34461  43913  75979  62252  89022  36878  85284  34662  91176  33989  45822  61429  51489  33669  46337  95176  34470  36242  93014  73898  77564  60460  
87792  98326  60139  43322  60882  99201  76872  77747  49683  98481  46491  60301  37768  70343  73548  61393  86511  53789  56797  49501  51298  99178  38809  72300  76614  85897  44022  68193  68137  55752  84568  80950  77156  71515  84539  95537  77520  38426  56977  29984  31428  53450  80894  31720  44721  65074  73819  60767  57963  67865  39871  77585  35738  94825  79754  72607  85553  63431  82727  64331  59881  62862  42225  66983  93315  39471  61283  55384  65694  99433  49714  53536  53887  44407  75850  
38284  87690  80360  87874  55572  66047  61447  44174  53897  87172  89975  63806  97667  49515  57830  64600  47218  99000  85574  30280  32106  35195  63535  75194  72645  36517  57252  71177  82685  29663  97380  71251  75215  60627  78333  59504  37794  81775  73758  54426  65744  55340  55623  82715  46516  81576  48510  55405  31133  32478  45922  50038  77094  56998  57734  67254  69907  74019  31439  96295  67146  56846  59429  93198  47836  31040  62514  40857  42337  68802  56937  71523  98113  87815  49700  
92061  45552  84768  79697  78559  30672  92629  53163  81382  91188  47005  87854  32668  44616  37757  39324  98949  72373  86096  35669  94135  93013  66895  50522  96199  93516  88069  85898  30089  61819  88553  91697  75627  47667  68513  31006  83261  37961  30018  44912  80878  62417  32570  96542  93804  83063  51076  45380  55497  45205  76424  37865  79602  85043  76635  83549  65791  76897  53159  89409  58183  45506  63619  79098  53129  60605  87444  94717  41120  29823  98018  38467  56296  53932  38641  
80418  76387  85119  79904  79009  78289  84670  92966  69416  74129  62679  74184  35148  47621  85171  92878  30086  69625  45281  57491  98897  59040  86961  41699  86195  34839  71307  45864  61745  67995  48974  59412  69511  98898  89204  53486  90539  81740  59261  91154  39162  42623  99038  97248  94695  53432  98748  34759  67378  78613  86782  34787  45863  66865  78884  56321  83413  60163  49264  72470  94647  85041  95910  39442  95588  79606  61892  34291  45335  68551  72625  67577  38851  83490  87271  
55409  42954  91256  47013  32623  95856  88508  73812  30955  35857  39104  93774  90706  55237  93120  77230  88149  38906  78938  59504  81612  80952  34684  88105  74979  82733  62470  37500  81537  45126  79227  38682  81808  79539  95049  90658  35782  35930  98676  33925  90918  87181  96377  89787  43955  53655  33976  58382  84267  94338  46252  86365  82398  52274  96778  40026  89849  96022  67736  54152  42203  43672  38792  43385  86653  57773  68185  86874  75957  83504  53166  29900  85504  90714  88256  
44876  31089  97935  41667  52382  84073  62838  74329  56670  95294  66408  60040  84755  47099  73307  40394  94270  53273  51698  61511  61650  41325  92907  97138  36570  54435  87092  88710  82540  86785  87405  98130  63515  53164  54489  34880  43359  86940  75725  53398  91730  45595  69818  53505  40656  34995  57712  98107  48058  57248  86682  58484  75918  84848  77087  31351  59929  75493  50366  57841  68147  51877  37194  32939  70368  56982  97134  50407  44775  58666  66413  78066  37283  34852  80216  
46499  38299  82476  92446  52369  34180  76628  36445  79258  75088  92586  48865  85432  84869  70243  72075  78598  72566  64081  40858  54513  81595  87446  62241  59386  81420  97403  64241  68791  69036  64421  73823  58276  83937  87388  38921  78929  68400  99569  48363  47188  85487  78798  81140  63018  97282  98182  31145  33925  57886  74081  40528  90464  90851  68605  44814  33218  97206  46634  54898  56560  68018  33552  29782  67047  39061  44785  54373  46152  32826  99928  40165  60803  43810  69240  
72515  94189  46885  68671  51265  44752  90738  96252  97712  93341  83156  43648  30107  74808  50834  69740  93876  80104  39837  52006  55808  98452  33111  37858  76149  96948  46433  34645  56751  39053  91382  31820  56447  99226  70537  31917  51493  90316  33311  43158  41396  43459  34168  84174  75297  82498  65976  32032  67894  70994  78128  82548  45880  50024  41911  50767  46621  77943  81753  93888  40547  60346  94700  61494  84078  99527  76271  78115  78759  53270  84806  55657  61932  99741  59011  
53702  44612  97478  57950  87037  57758  49403  47446  78884  71643  72045  64906  46725  33860  73716  67982  68984  68019  71177  99943  33722  60500  86136  35925  88483  99867  45631  79801  48079  87776  43637  88315  70666  78012  91178  35427  52764  45922  60621  79111  49974  73702  93782  41415  65522  59587  72367  64537  78999  83395  30838  68151  67154  42993  33685  59662  83200  38565  76662  30085  85439  40997  91162  85046  97109  84008  90931  81529  98245  96555  29557  61343  46943  96564  44455  
42936  95830  73358  81325  95430  61462  73703  29599  48666  54144  41704  33858  71274  50622  61447  97222  53448  57549  38316  52841  84780  36787  91309  74412  41992  58708  70632  46487  59221  68488  30858  90835  80800  43282  42999  46403  58588  33992  45787  30090  55149  58095  47201  82970  31291  85548  44942  87961  77314  48952  33051  39409  34205  42172  59348  46011  97743  59004  50501  35108  77100  74514  79015  57038  78160  50097  89845  86563  31775  58227  79508  62333  49265  87813  66217  
94656  79347  87990  98640  95324  48443  64969  99173  29956  69209  51801  45490  97159  97599  58888  33648  68375  89761  45634  34900  75194  49461  72484  79930  37533  49247  83844  80348  79844  85969  53005  75572  82084  68482  68825  73589  69795  74971  40025  49040  42094  68485  68619  70915  88195  74287  55166  99348  74066  41362  84216  59729  85579  85834  55387  45768  82506  70928  74670  45977  43566  94550  32223  47253  92351  33040  61223  65129  46766  41487  67494  89896  81846  36003  77368  
53776  70978  43694  84092  52827  86714  37577  60123  78947  72505  42789  40749  55479  46918  61326  44722  99298  92059  30514  74444  48431  67722  89479  34528  68663  38448  62545  91242  47924  73927  71974  38357  40323  60079  69415  66550  90286  47782  68087  29710  64315  60385  52293  94568  32859  58659  46925  89078  58884  47122  54204  49633  30113  38735  70921  56195  39948  78453  70953  43469  68425  31682  70729  83186  46820  99448  88271  73951  46301  68424  94274  45453  97906  77179  88911  
96896  61220  68194  69080  56107  55468  46149  86422  38232  99337  82375  92287  79600  51656  97750  64439  32595  76077  73420  44638  78547  79929  30320  57309  57589  60937  52745  73930  46936  71947  94139  44110  49246  94735  67922  84032  98192  75816  34305  82452  67399  89855  74329  87545  62363  51255  51492  47065  76349  81057  80374  35378  85027  65982  69490  29904  77271  75805  40391  90204  42665  72208  43892  89691  40931  83512  31650  60207  41475  48011  76293  91188  69572  70273  51662  
82151  76486  72232  30540  70931  82918  33540  45753  39374  34403  69244  86260  80918  62266  61839  58573  49179  48004  40084  96346  45540  38783  65438  72578  61021  49472  66497  98514  32439  37554  32806  66962  84332  70341  63959  89578  81257  59551  52859  97474  88906  67781  86247  88858  39207  57354  59346  69055  92393  53176  42784  72816  31235  87521  54535  47688  37749  30481  48849  90178  65738  58027  62053  99262  79972  66528  98893  61759  38746  69806  35470  59594  98722  59100  47469  
55098  37164  60708  70522  97337  72745  30701  32686  49092  32930  74242  79371  42251  54626  51984  31512  37768  48195  75405  96000  95067  33381  66042  35562  58645  71339  94276  29636  68015  30727  34329  74349  65169  78888  39690  34256  52648  29767  78071  74715  85874  54285  32679  98366  46907  46993  78914  44837  76762  67863  71525  84703  63943  54393  36652  44459  47613  48239  80720  33990  61014  34754  49458  64778  43305  42861  35331  47630  84409  72525  71923  71767  74404  69624  43848  
94299  73825  58584  95066  90544  71430  46328  63720  39994  69741  66895  77223  60668  86599  98881  63167  98116  57087  65583  67565  75914  77628  53400  49485  61070  59326  87454  98273  47058  40248  56500  46535  55805  99355  69274  93706  95655  36179  69382  36034  43538  89143  69882  97071  71676  52656  44602  30130  73805  80663  86800  88595  42176  69161  77960  73249  32822  95045  40784  42223  62953  70898  60898  66657  92759  77999  37704  45583  43036  79236  99520  93988  87647  35342  63122  
49950  79717  89234  47116  62494  34979  73215  29827  59247  43203  43161  88571  85006  29800  91481  65984  82800  88152  77648  86578  55630  57457  30757  62262  82786  87296  70809  67901  34193  84265  45981  54798  47039  91267  37818  83327  38769  41048  62012  47811  35517  90314  79324  96761  65059  46201  69747  47509  59733  93132  34308  84174  50728  50080  93583  97936  35587  39513  62354  86133  99391  56632  97064  60526  29801  67978  76990  87639  90729  86646  76969  81892  56308  57360  55062  
40162  81142  66509  93496  59618  29696  86959  91980  56468  95014  47933  41463  65872  36809  75741  55706  73607  72708  92381  74855  57303  51821  37975  75117  92220  39142  59679  30449  56856  97616  34983  57458  68413  52050  47138  47825  40795  55595  94076  61351  62163  82889  94264  94397  46089  34587  98462  93982  88310  75646  32228  54512  42120  82531  69576  90584  90275  45162  32189  81872  96172  57123  92844  95576  70573  37094  29994  55999  35197  72990  53341  65296  95251  91230  63107  
48332  92605  96208  56152  65211  33226  42499  63533  91051  37965  75967  41126  85084  97141  32203  73831  68119  51167  40126  32800  30147  97544  80766  90979  69078  41540  32893  65807  38855  69418  44984  56875  97298  95481  68247  68504  78012  84196  67181  81971  42173  32008  97082  90485  44115  31161  73084  54622  86540  45807  50215  86097  68871  64446  73327  51862  93733  59536  64337  44619  42339  93534  33990  98254  54604  36699  92161  73510  74739  90636  51481  92682  46880  72082  68020  
67143  72656  87577  79353  38346  43995  57681  29493  32669  92538  84800  99142  66923  62939  67050  65436  41584  93549  88047  93818  63258  59165  29653  90982  36049  32253  67872  87736  46729  93216  74044  78220  70182  95646  67407  92239  51848  80981  38220  35460  99251  99810  89641  56661  72841  95350  42657  75836  81761  63329  56714  37783  52013  78721  46251  90328  96701  36564  65335  59801  88686  59577  95123  67487  29772  37247  59843  71578  73593  49401  75914  81248  97665  53894  84452  
55381  76266  97895  36519  51743  52926  77847  76679  87480  84223  51137  80480  40212  53109  69017  88191  30711  37921  45919  70590  43531  59795  44598  38689  62568  68918  47766  93955  56731  92871  87770  90058  50388  82677  59307  42024  62625  88710  78281  86379  56754  84999  95456  48898  77331  40822  90409  30081  39644  78367  32223  75708  29712  97575  81071  61777  54366  65542  42279  40285  58185  46885  67369  56453  77627  68135  32699  99547  91553  33479  58407  54380  80309  61208  69995  
68554  35230  60885  97057  46698  41455  66902  39741  31008  63551  92268  93262  89843  91297  89204  89695  50774  51087  91272  54802  66688  65613  73680  77557  37246  77872  47181  54129  80706  99849  99546  97208  68259  68543  77514  62119  87592  39502  92176  75067  73264  67622  79071  54760  37152  58383  85966  57824  81751  54190  60578  94255  34410  43266  37903  33351  99727  61139  30851  88241  80758  41325  59260  45504  36730  96873  66976  39889  89630  35686  84730  55161  45582  81122  50458  
31884  40027  77774  44167  60414  81709  30766  31333  82966  42672  92659  46075  74377  80467  57832  86012  95083  58676  62311  61259  56259  43306  79648  76978  65799  34391  82944  60694  50332  51883  92172  47533  76880  65161  39800  50527  70085  68077  90041  32003  34253  97265  95550  43049  70448  78145  47386  80323  81439  48317  78603  54954  69518  37056  72424  74525  65731  65106  57032  31552  86756  51318  59620  48211  75601  66552  96738  55760  40206  73929  94826  45147  33911  39642  64779  
59630  90097  84899  60357  72575  56409  96432  90958  42906  94573  59468  65331  52225  31563  40029  94216  42611  70415  35684  36241  54543  55916  94903  80889  60416  39997  75279  55094  63167  70038  35765  83194  59146  66253  61420  57925  85061  60987  79011  97472  82768  82954  79440  87400  62467  80248  62839  76437  42455  37580  36405  30075  64868  40638  66388  48905  74866  89303  46062  86800  34940  83804  37636  93111  41740  72814  78998  46514  62023  36663  80483  63695  88961  62318  79119  
37997  59232  82452  99205  40558  53959  43750  65748  73714  41310  75833  29864  76552  76956  81539  78325  69965  32885  82029  67937  75983  62440  87886  76308  34250  36485  38031  61579  62647  77088  86493  69381  73153  92744  40083  46814  60876  54991  92278  42929  62997  42929  45459  78928  56283  82090  91436  45556  36935  61665  49218  53269  66323  88883  61024  35411  63037  73759  68986  33880  88464  43260  37152  92427  64612  94858  52697  52027  45450  82742  43544  91732  85244  64687  79674  
37859  39804  82201  50194  95308  99660  57381  77122  95621  48886  39225  30475  77559  54516  89664  64141  65868  70038  29487  65998  56207  71712  80631  84239  63229  61606  32206  98152  34902  37435  60379  51766  31385  61983  60620  33715  37185  83903  48850  44468  70163  49217  30678  49976  80103  95672  87529  96432  61403  55363  72937  33696  87213  86293  69437  96463  50044  35614  91520  71318  83814  79202  56318  41166  99680  93960  75645  86136  86246  65597  31345  85090  96649  54026  94103  
44446  43529  59466  58950  36721  46993  66595  47359  85770  63623  52698  69078  90394  64936  55139  88243  80070  49128  36632  59538  67570  84374  53461  97461  94123  73624  60928  83027  63065  93099  84198  95742  54473  35425  83087  85937  92270  37177  84883  40447  91209  61242  38919  93513  94739  55383  67080  93628  39762  56156  61919  37952  48512  45838  51001  81302  57921  88237  53036  83825  73940  36755  92536  96994  94458  99577  42479  71397  49824  49963  48224  29831  45882  42092  77950  
97277  45434  58964  84427  74193  78515  82824  57125  45059  34563  44881  80728  99137  70734  87406  62233  44118  41928  88963  47450  82419  45987  57865  57570  55294  65073  39265  51126  84581  39445  99284  39102  39603  47826  58558  84606  62180  67928  69441  98362  70070  65146  45006  55882  79782  56788  69429  36795  75047  66113  37468  66631  88971  29712  36856  70367  92427  98946  39459  58845  76399  67817  95242  40483  81143  61651  34754  71153  70611  83595  87239  30010  50972  79520  96243  
63809  87866  44001  35399  55889  71972  94928  54891  55034  57592  85325  37627  83330  30868  99286  63935  65784  90706  95870  42501  31333  91601  30041  33341  54707  95379  68282  36906  83270  50244  32076  70576  52610  96831  54202  92470  88111  52814  67780  43465  60997  57349  48251  57055  46723  60291  61786  74959  86015  40343  97425  81477  54433  97262  88507  48351  82240  65749  36815  65682  42072  98481  53521  61036  33228  69235  56828  95695  74917  44442  39289  39750  31828  91732  44772  
62506  94339  50412  76631  73924  80932  67453  37161  64037  73850  47661  46216  98550  97952  61721  49840  85421  88163  94946  45363  56724  47540  42463  42329  60247  86137  58970  55367  31282  91278  77312  35984  41475  92402  85076  36520  38297  71321  73614  56630  42756  71871  62189  48155  99649  50570  60302  75552  77737  73384  76174  34777  98279  60697  58072  68073  68161  93393  50501  50649  55958  63932  93609  35658  88709  50540  97336  60469  67742  74804  93116  76483  82847  98841  33208  
38673  67089  65577  38957  95916  49486  53172  49711  70852  94099  66334  98434  90240  92984  53064  55484  59264  52164  63588  34930  52583  67868  99365  90045  57825  51856  66421  70339  90851  81421  82347  91948  47166  91886  93659  54572  62187  76023  30146  36220  44231  68899  94129  31010  79263  76021  88888  81335  43838  99951  39996  68407  35760  36144  83045  94155  54906  79730  65268  80358  55809  71269  76655  61132  60579  34729  84420  71928  60795  41734  50815  47310  53855  53206  46279  
40281  57071  44183  67650  65264  37812  52140  53008  93596  98057  64090  30106  71474  32759  51547  42492  84976  54308  46134  57439  95435  95227  45273  49299  51607  67980  75503  39467  41999  58861  88866  34393  37776  94371  73043  60512  30286  99495  84283  83142  83348  83012  92672  61880  75023  93326  49826  87581  51665  31750  32706  80210  89230  73575  80549  65912  42405  93180  65409  32353  99505  58260  52088  43380  81015  87586  81261  42308  85993  38683  94743  62176  95393  48847  31383  
48096  32726  45085  57570  35807  92739  31649  56042  71231  62646  81839  76715  82362  53943  70744  33058  66874  64952  45183  71391  73405  81777  82879  58367  39400  47733  33232  38567  54450  58979  64528  96365  99644  64813  75574  72077  65811  81390  86485  33398  90089  39296  61032  37217  54195  70312  62488  75156  83090  69332  67281  68085  66689  40167  36524  72027  38568  86173  30323  90514  62575  48811  47003  46943  45507  33372  41259  96013  33747  47157  87805  87726  32215  55257  85335  
56146  88095  59808  29796  54822  55903  98542  47945  35553  78048  56549  87251  33715  80652  35841  42293  55390  64823  97741  41496  36026  37382  90592  44319  42885  78703  39614  82932  42376  98143  36139  97412  79923  84344  70272  39936  40595  96763  60833  73468  47510  87887  67002  35597  71704  83838  55936  59525  48252  58298  49402  60610  71395  69667  99529  60461  70037  65210  37955  52403  66222  52944  70660  62265  66363  58688  46039  95846  80859  70431  40403  82024  82878  35690  58630  
81438  56388  56713  55596  39973  48665  86526  65777  76592  49195  80960  55311  93816  85383  62632  87529  62255  96298  37049  47187  63156  68992  82432  94835  95680  96311  82970  41887  86092  60062  77635  65069  56609  31124  90661  31635  52616  40356  47323  64587  63981  63892  55436  31219  99190  85662  96492  58848  80893  85095  49998  93655  62038  69317  90163  68673  42463  76278  86240  29734  91634  91021  47460  41351  37256  30095  84927  52166  32311  53710  41805  55709  32718  92090  91527  
62476  49295  32521  97785  92414  73717  47307  70452  29882  88380  52599  36921  93432  67397  63927  49907  52853  34386  34557  85666  52939  97724  56765  96310  44188  61719  44729  63523  41925  45035  29858  69749  33675  51878  73120  84513  73650  50101  47012  58525  73511  77451  31689  43462  77018  73029  84098  76889  39034  95117  64225  38389  39680  85106  40807  57047  57579  67531  57083  30046  63404  49763  39618  78764  79943  49690  31389  44393  52256  55401  88002  37893  51861  43504  79569  
50383  64200  38105  53417  31822  81576  40235  65970  45649  70711  38940  41194  59781  61924  75717  32563  53210  97195  90789  35324  51352  47383  29835  68287  39437  56423  93118  53679  54442  38023  61003  87697  85294  77589  66381  40319  55503  83202  78925  98027  68628  59939  36366  82527  68296  55962  66354  47468  80592  64266  96949  67728  69204  75305  90993  68419  73514  68810  61982  97376  39270  79908  92207  44914  51999  30283  54903  52371  47256  76280  64185  30011  32833  87802  35789  
90326  91398  69146  97952  80204  56425  33763  75067  98747  67073  46987  62021  62411  58116  30668  57047  49196  63953  76179  54294  75351  88030  42525  80321  96672  50498  81484  47358  72468  41360  67324  77160  39883  66140  66888  85055  48401  56161  87984  77295  65597  71557  51287  89710  75999  96815  75171  98995  78085  84009  45349  31037  69390  80891  84710  71731  96295  58010  67779  72866  40255  51341  90734  48464  41347  50678  59902  95301  77933  97055  99775  51406  58001  31138  70905  
74800  88688  68598  53866  74634  68691  95218  76042  39329  42669  94119  71137  76153  74478  31002  96511  78072  78648  73917  70680  85693  91677  78825  65021  37205  59835  74931  55754  83452  45616  73040  32778  41775  83048  47846  62249  45803  86526  67512  33118  80971  37163  70156  59110  42237  56217  40222  76875  56612  32983  48120  83877  61985  56677  92045  61479  87204  90128  65404  60286  81832  64822  92865  31378  55040  73218  64806  89366  97270  65805  96212  80779  92726  62093  96435  
59543  34139  41666  64421  45079  76245  36677  42370  82708  29922  59320  85723  70166  66364  79976  79126  94403  52842  48982  59499  97036  68141  53854  64352  75957  88442  42457  99995  90180  92741  44716  98628  59462  49269  34745  98541  73323  73814  37214  39349  67987  42801  37149  64980  72146  35860  39600  73367  35579  58098  29822  68595  95932  33940  39600  60211  40389  34477  40828  71998  46047  29454  32043  38649  33390  46526  93606  70214  74860  64038  57254  77095  65902  92870  80812  
89336  74119  30648  67437  59563  38377  85275  77629  91658  67611  39367  59536  99629  46067  78438  35072  58158  71607  85724  94527  63202  99680  57430  92133  47529  39892  39991  38992  79884  95888  91836  73770  78003  51404  35944  73822  81448  49398  83289  50211  47297  80693  96345  61785  33873  78931  33698  88035  94798  87364  37917  95136  86601  96829  30463  90386  96057  77974  88785  38227  86024  95903  91898  74440  61378  46740  77705  55641  62576  84215  57909  39075  50086  82489  39331  
35761  70880  37316  66793  71449  98797  67805  29784  91455  92776  66892  93409  77533  90560  85255  81016  62183  79051  45350  88217  88186  82969  77422  50768  91274  69456  50982  59616  36493  88320  59611  55212  89020  58186  75723  99740  67281  86750  62910  46762  98701  55509  87817  49914  94681  55768  59679  67968  47660  92323  95558  36119  46515  35488  52745  72051  93744  41321  33742  96960  99854  98915  91948  86021  34053  32247  99265  68839  75797  93119  57554  69777  90517  53345  74521  
61004  35262  38705  62611  81793  86124  33964  54200  44700  63297  32588  90458  44798  30380  87986  31215  30053  53905  61384  66803  90311  50321  47173  69402  36591  61600  68406  78130  92185  58334  85117  57696  56274  38167  40093  87804  86522  57979  99320  72249  89798  45093  97154  89576  51416  83762  42869  62517  69470  95359  65576  63606  96778  76869  65645  77004  80541  80192  51228  64549  61813  51913  62590  94520  57732  66972  80254  59000  60766  45178  46842  83990  35317  92725  70476  
84558  70158  95079  30003  94046  46748  74433  56590  78522  41069  80189  50742  59013  84767  64371  42645  85838  82702  55497  37643  88786  58257  52524  95765  80861  80909  36534  49090  40602  45371  49797  39962  99691  67648  94177  80369  84287  51487  87717  62973  70042  86794  76391  74398  62050  55326  98299  95976  66699  48588  88350  90213  97332  61830  39053  63314  38156  50531  47571  52555  49576  80076  74566  98573  89077  69761  58987  88726  32492  81555  52852  77785  71460  90693  75553  
76840  48661  67594  76162  81965  35619  56831  94524  90424  95268  70104  67603  54766  90255  40187  76613  89913  58600  49786  74724  40046  88567  67204  70177  89319  35585  55957  42696  69050  45190  57986  56495  47508  79438  87171  83825  59167  74777  69257  63183  43447  98679  90123  84794  38035  64970  49760  67834  69283  90269  57538  96315  51327  92544  73208  53997  85573  35515  64175  99757  64502  42781  96030  65368  73481  45864  49726  78799  81342  61023  42868  43193  35728  50184  58754  
63686  34216  34444  72560  61777  85436  54341  95719  46659  60137  87799  59725  40140  68096  88846  84597  98911  64547  86163  47097  65876  48389  30679  40521  61165  43815  78030  78889  93898  95599  39696  98937  34762  80190  71291  38335  30152  76276  69736  69620  66590  68863  84443  59029  96681  41339  47858  42266  75562  62904  85447  43171  34167  45922  84270  84305  62263  36121  46319  81527  33793  64997  65453  76016  34660  63974  81008  33414  61267  35733  88085  50086  87758  95713  85216  
68292  71569  38316  51182  56500  88013  69043  84542  80577  37180  84879  35839  38606  76720  89286  69305  39144  97261  31479  32325  49825  99467  88161  89015  76148  33007  63801  38538  78487  66527  83933  36347  52813  50883  96309  78983  92351  66591  36718  37872  90233  90076  69262  35685  33318  98351  95221  81537  70501  76577  55264  75182  34098  97062  29572  62781  73755  54582  36879  39224  50930  29687  76423  85100  68919  35432  69803  75623  33448  50106  54889  69976  90174  43460  46271  
85806  88879  62475  44086  93416  98681  79335  83697  88201  92643  95808  59875  50090  62771  85959  53476  35140  77371  43229  57989  98598  59535  68880  85079  88775  51627  76086  32651  43271  31956  77238  64587  42613  77674  73306  60585  86519  68613  74371  90982  30363  77727  29918  89709  79211  34790  32581  94684  71120  38226  76102  41999  57297  40042  61783  74215  51172  39786  60885  47530  70327  99032  87157  69762  63882  89530  48774  95346  57427  87091  79866  89059  61175  41494  48420  
42031  90096  79725  69783  69221  45417  59698  38984  94155  88698  68814  56292  87176  33792  59743  88344  69848  54453  51352  93472  57617  57122  74319  35993  44415  78964  34167  42232  60712  45099  71079  77838  35367  98181  91471  74936  77695  49635  61052  42679  40474  68950  42191  93701  94272  82807  49822  93318  69922  71625  73594  80524  95984  40352  72747  70457  52178  46068  58747  80432  51545  55627  50681  80546  92323  58103  70267  35058  91235  93931  96303  99872  40136  58523  85060  
99944  67995  37308  92227  54106  47646  64046  80432  80993  36752  68926  80604  39007  76000  35691  64779  67797  86599  84053  61590  55414  72587  76452  38291  33400  35415  58081  74587  59360  42117  48126  85999  86477  75583  98927  31393  69469  39362  98343  84538  31565  31712  80727  33232  51581  41774  56585  53659  84988  79396  39717  82784  56537  92230  97494  71881  62372  91110  43822  68754  82522  93474  31470  57701  68993  38968  73560  59703  65114  62871  99476  46347  60490  59668  49765  
82962  33183  69978  58475  55884  63520  64655  50723  73976  42451  96138  84691  67306  92007  76664  72195  44160  98029  36855  84623  54182  87668  38685  90879  35010  75731  89903  82178  80015  84997  68904  65191  93154  45425  93721  71958  34227  60739  85402  58558  48194  92419  85253  90260  96969  53727  79449  35087  55930  38617  58367  89365  71357  57540  32160  41546  61447  60275  90203  63480  60086  91531  63295  32993  59443  42338  59871  46971  83836  91780  68273  59343  56756  93181  43456  
70060  83128  86910  93823  98101  81703  97274  65406  81152  65080  98628  29909  95088  51344  33948  68481  37952  37902  46771  43841  70184  88348  98693  45027  57396  68161  93319  76244  85819  70735  71752  91412  61884  97906  29757  78107  66305  66994  30706  83563  42636  70350  67760  67041  41450  85983  47083  70780  66743  96803  77345  70375  78814  75786  40879  90632  63979  46760  77110  41941  49941  97315  99973  32703  71924  44303  59943  64291  45788  76397  90343  61040  42479  48627  41327  
73819  98169  54383  54024  68773  58173  90197  53187  39222  80334  89166  64890  45252  65657  68184  96687  55240  92726  79350  30171  38929  95709  66401  55968  70455  87517  84399  62422  76102  41828  79790  70760  93241  55066  60551  49181  50629  84145  45442  29520  42439  31091  89449  86058  59480  78306  95766  81206  40484  76772  91209  47013  83246  37047  46802  31141  46080  80491  45200  30291  92611  86088  71917  85912  53617  65909  31145  92351  35631  68774  82166  41248  78366  97871  98071  
71641  39116  45417  65284  39882  93030  38438  86553  37571  89226  92868  87892  58327  40907  77353  72206  52880  31916  29470  90577  40320  86592  43630  47828  48951  79518  38811  75485  64662  33704  98879  75485  31228  52338  99503  52318  39049  47446  51003  53973  39361  96255  89149  82622  78273  89340  68710  60136  32309  67657  41735  73224  99327  93651  51456  83716  65575  56144  40949  89648  62196  95558  86223  64880  95582  75907  80715  38735  85174  94846  31285  69783  32367  50914  40789  
43265  67367  89184  54687  80314  31737  79422  40184  65222  86451  66887  53219  99488  81526  49337  35276  78044  40787  94558  80391  39071  94889  76796  32420  45847  71556  65079  73967  36633  38948  48426  98443  38328  60602  88580  40069  64400  47760  79337  96637  77606  29494  86516  54503  92909  39853  31624  79733  83874  33798  75201  76010  69654  74379  75437  62828  38439  52704  83903  98169  78867  49427  41132  81451  88321  81229  46194  52306  46914  33849  48068  78893  91556  39823  86932  
73842  74196  61244  95910  69567  56866  86941  61516  96714  77468  60085  44218  40288  64481  67580  65351  93072  49613  59938  39777  55020  36128  84845  85786  94031  53613  63198  77314  72706  72192  70692  30742  49133  94553  99566  88762  66663  29463  77714  73479  33390  61959  61672  93260  46224  83654  34377  79497  47773  68328  49075  73461  75686  73923  83787  62478  35279  81607  38130  34956  88599  30255  51495  97012  98533  60859  49990  34119  43033  80797  37672  40197  31904  44356  65243  
66318  95268  93993  86623  75428  58964  72674  48616  73930  59255  76901  73075  51210  69808  60383  84319  67594  90960  37510  32619  56734  82144  96940  94216  43242  78901  58660  43636  57238  95529  98182  88282  78852  73391  36930  30239  74245  74837  91662  32134  60557  63995  40649  31592  99482  49147  47891  65321  68740  60271  30635  67203  53475  90094  58702  63565  51626  80783  91955  38896  64404  56163  29735  48796  58277  68841  36252  97773  71976  69127  59501  85124  83423  68889  57282  
75116  75823  93396  65932  77355  41659  64047  38569  84139  43103  82718  29632  58936  61144  48551  35282  29738  88132  97975  62567  81856  61802  52567  83659  87493  60627  35712  45376  69368  53641  82750  83549  40283  95771  43646  33964  55821  62211  38830  30170  31100  53224  73385  51173  94091  63984  31653  68531  56623  39362  55518  75603  67557  57905  70474  31301  78542  39454  43157  92952  39254  61060  51826  58678  89749  33797  29676  79532  91117  50002  44972  42522  81946  76830  82148  
70579  31463  97148  29458  59942  68795  90259  83769  85696  63888  65920  52691  74309  54139  83423  75109  43009  33295  43416  49691  63660  45335  98766  50947  41934  45420  75579  67858  48870  33941  94635  63151  49526  56379  55781  68028  36300  69831  41658  66869  34678  90805  46817  63978  31650  77320  36580  80907  65277  69902  47928  74455  48065  51404  36488  89952  84319  84342  65492  56186  59471  70262  49445  79426  83681  98703  93344  44565  36034  92430  85912  99758  78547  82937  45580  
64424  50846  59240  65198  47132  32355  74646  86262  74734  67234  51998  97477  50423  68742  51855  72558  76719  42181  51530  74918  48173  97133  30662  47489  61887  80297  80715  41879  43610  62203  67212  46605  89356  62457  52110  84762  51114  74539  41871  46130  44619  72976  48613  72154  71823  34007  41289  74451  98416  69327  33612  98107  31160  50858  62225  66071  87577  53771  86601  72799  44767  74348  47099  84562  73560  56613  78680  71116  96162  69836  79134  59987  92480  33467  49317  
58861  85651  98753  54538  58357  35532  49919  69124  54793  91248  97066  75399  77466  60646  81112  87995  97283  31099  56615  50805  86922  54586  50191  80633  86927  67891  33610  48370  86259  64152  55461  32640  56880  58104  37263  56862  98539  68818  45196  64012  62418  57550  37439  67309  54679  34878  74115  60316  52635  97509  97816  77469  49297  55105  33930  52648  58876  89373  79401  80967  76511  32342  65350  34227  79886  62002  93493  32113  64362  68684  30477  85311  29590  81762  66474  
52138  79977  44710  55259  32809  34439  97794  37020  51728  58138  66394  35133  95272  67182  74326  69660  62332  77903  89421  31752  44351  91642  82357  64728  72927  76893  50643  85697  36139  91032  47399  72166  36452  31924  33873  73369  31802  97138  68108  68388  79974  79071  85370  60667  90944  89769  81492  80307  70658  73279  88157  54978  76338  99339  72285  48204  66590  83868  46489  47186  72150  51472  59283  78418  67376  39391  41277  66367  54072  88419  88269  34346  31301  84390  78414  
98310  70563  91956  81459  67752  44730  40174  54970  88225  45325  75357  72725  48180  38997  34706  59580  40958  76708  40676  46334  41154  40745  74901  50324  57001  39813  46239  82822  71178  76790  35239  43886  68922  33568  89264  65848  40587  49383  77156  33143  53079  51890  97269  76166  59411  73593  99611  39041  45719  85150  45364  88765  85953  86842  73863  35038  48021  92289  59662  49230  61701  44479  30343  89134  84522  36677  63921  94554  95735  30464  87429  79364  86839  91476  42975  
97757  50549  43226  90304  87815  30772  81342  74313  45990  61250  52301  73881  72657  97720  58381  66351  96742  65299  36991  67572  47146  79165  48085  96079  67917  98943  99187  42890  85056  69495  38790  33961  57024  39759  62162  85728  45522  37571  99634  92623  67367  70610  77329  29796  39102  86806  55742  84180  83812  59756  44515  77015  35777  38101  80902  60330  31132  85735  76955  35025  50161  52730  91000  68770  79316  98775  68510  35852  75212  38430  72386  88237  69441  82018  59352  
60321  47955  89964  32443  85851  56721  70485  94733  63649  91596  84324  30224  86989  82212  76957  54899  98034  49101  80448  80789  66233  64217  93535  38314  97592  72330  75875  52284  90734  71168  87202  51092  68478  86009  56709  78355  95997  71958  46485  96837  65427  72911  66310  84460  83686  46142  65155  46170  84131  39902  73111  93237  57631  66833  40907  61976  41602  42466  70631  91080  50929  78165  98057  87849  90854  99066  54728  54945  64839  31117  76836  86138  29649  47379  31637  
68424  94679  59452  82350  81623  30510  48597  62373  45303  94186  70946  39286  31122  81454  68903  36497  93006  30437  36680  77721  67299  43660  72906  72680  77615  69225  79824  42681  48652  84816  91456  82152  45228  95081  80577  88886  66878  88001  54007  87364  88335  48590  96174  49934  56313  72767  32558  44384  76454  30708  34919  67114  51718  93807  77380  66651  92446  61109  84025  97196  53487  56266  70509  34465  48410  39196  34033  97669  68356  96369  87504  60321  49158  88998  97020  
36010  64992  69139  94106  41996  90757  73480  77539  96272  73709  39052  48521  53934  42887  84701  62414  37678  86468  71710  40417  78978  45380  93808  96217  51527  90560  65835  31788  60557  64551  69648  61109  83173  67361  32449  49867  85609  55922  88840  87225  37554  85522  98131  91727  50580  57535  36341  61447  65834  42638  71048  70857  82844  65703  53748  34319  69093  99084  42412  99954  59430  69983  48364  99119  75483  80884  37234  43646  95625  44173  29721  62515  64027  48071  90798  
65932  46808  80002  97808  59373  48123  65522  59331  72013  91416  86086  33724  85783  30607  84055  65644  39240  95778  96334  62974  93332  75918  67536  94685  36463  87250  57914  34864  45019  95024  46881  31982  54879  63778  93839  53476  46116  44933  37419  45101  32737  50766  39907  45787  32068  81358  91149  87036  30405  82600  35199  50582  29880  31904  33128  54195  98392  38758  71647  71288  38869  36924  46391  94308  46578  97440  32840  48996  89768  79526  77767  35083  59626  75647  42526  
88442  38004  58631  47700  64792  78081  70212  35087  71870  67112  49471  37830  68671  48144  37642  97034  82289  65764  70670  45065  59509  32807  62073  81236  81306  74428  95348  95175  92085  29973  97370  32917  93746  67413  63159  56944  42546  76085  95801  65405  53897  39810  90883  46827  47114  64634  69614  38931  65015  52930  62329  99342  58050  93748  36924  79559  74128  94337  37498  48513  76851  65386  33798  98173  68865  48706  47443  46719  52058  80090  77225  73805  91627  50434  48775  
30313  43239  42803  90388  59709  79111  63959  39771  83118  73393  39129  47926  33593  32830  51007  72685  76724  36600  57518  49718  59620  36650  46951  65505  81300  52725  31254  50675  45329  68297  46749  78700  52443  98949  77254  39158  88797  69141  61556  84644  91584  32511  37037  85005  33750  50785  63914  78093  35237  96420  49212  56121  96147  99400  63234  81117  99398  81910  95157  31286  60869  85842  91525  68875  63670  37341  62846  94965  50634  40938  30373  76467  48219  38096  88737  
74848  89722  62925  44650  83888  89536  62080  70281  37698  97043  86133  91499  94635  96362  46382  96039  82417  87835  92964  34167  59225  99421  88611  95812  55779  93870  35159  49634  53033  33322  63996  96102  54977  56632  77097  88976  65769  48372  78581  52008  89421  30775  49184  54845  36572  91542  90634  55301  48526  31117  98962  62507  76988  79342  51762  63854  41331  48581  58930  74058  81171  55462  38834  76127  74805  73055  51824  64755  51496  51138  82226  90057  50359  86757  51261  
91408  73124  59520  89752  94826  37071  87595  57699  47382  84414  89713  97049  60892  92923  70720  39381  76949  53211  33938  86265  42082  88751  79066  45643  92948  97731  29486  88931  85097  32196  74256  56688  43780  64454  41928  77053  84455  47723  83512  31794  33465  79122  44127  70182  46404  46050  78084  65686  38342  87594  29536  52179  69612  59565  83723  38804  34339  74756  82041  33396  62781  61669  95175  41637  88387  61198  41441  89400  65098  46705  70933  51992  58598  61895  74214  
47263  90493  46111  78759  40571  86345  42456  44167  98479  65228  38188  37563  87314  62745  93890  52736  62254  61855  40225  54888  93518  77774  54380  66963  91006  59952  64067  42605  95480  99306  54656  34752  37760  59157  85571  30520  85134  49908  62081  34889  41574  52116  74956  69942  40429  69961  69564  54692  53392  35438  57048  94697  93835  31195  73258  36730  66569  80878  82377  42250  71074  95909  34336  38952  37473  47124  92424  97307  63248  64816  44541  87291  91725  35514  81476  
91921  47152  94067  99627  30491  34992  38292  50975  94276  92521  52013  99223  73127  55641  73776  84139  65106  32776  86247  30872  71731  92968  96577  98856  90825  88218  51023  87590  60010  75674  96479  54971  67558  53147  57137  98314  75212  89893  35371  34038  43715  92115  99879  65338  30019  50684  97560  73716  55568  35563  37288  48724  63912  37268  62699  98232  35153  73859  88595  43526  62126  48639  40382  50137  69206  62380  45847  37939  52310  93527  70144  71240  82086  45437  76331  
89433  56432  34546  84819  57438  78438  44055  61426  97429  41916  91757  39435  66778  84204  31170  70641  45185  90525  39166  55673  62685  59225  85247  64786  86742  95629  60652  78117  76311  49797  98516  46486  79781  96818  48183  70292  50007  79823  72798  55223  54346  89184  76388  81982  30572  80143  84462  38968  88394  99104  55812  92073  71539  87656  44393  98028  99098  68287  46428  52541  62898  97616  59328  30636  89210  65197  86270  48420  77928  77972  77132  62623  86412  41669  65598  
84464  30967  58207  91435  86321  83204  32733  73834  52681  74221  73018  99973  61109  95617  39427  47387  66833  55351  82947  39199  77495  38267  46342  67055  51374  33203  41917  32240  72625  65568  63473  80724  79631  77608  78103  80151  54475  89866  51253  79693  36335  60724  48778  77251  87534  93027  47031  61235  42706  71828  30572  32282  55792  98118  94799  72951  87632  35442  52008  90760  30782  63730  70916  46495  81274  68325  82471  93840  30679  95962  69799  85150  69011  60394  74985  
38513  92799  33023  45503  65642  96194  49405  38928  36121  57922  86209  98211  76123  81161  55848  76222  62930  75645  52260  85633  59450  53231  49581  53650  43901  93618  96002  46531  38173  31537  97429  36718  39897  38501  77724  83102  87488  74117  67119  38051  98002  32377  74941  46644  58282  44518  73266  34244  49582  90320  77831  41289  85015  68299  51532  75354  55022  31530  39076  53515  57901  94022  42012  69281  61977  97417  41225  74990  58999  62992  32500  49651  92409  89540  55046  
59309  40379  32659  74909  68663  81831  83688  52658  57678  87417  68004  38822  32997  34377  75181  57082  57386  58722  33982  56559  70287  55209  67641  84341  36224  53844  97866  38255  80258  80180  65234  65780  41217  86252  37116  87123  79502  73485  97258  58700  38915  49107  81340  83921  96089  47688  67083  98902  98157  47699  66908  32444  39215  80277  98628  31592  60807  67141  48499  56836  29920  72265  53677  66280  92322  77820  39342  43972  65684  77897  96845  63658  37132  35113  79469  
77311  92649  61189  74305  40543  63899  63610  30307  49309  46218  66281  44650  30257  87532  86791  39563  85374  70774  59166  47966  55204  29808  88574  37136  76941  30016  74058  40275  88969  88818  85200  88936  95368  62786  70105  81503  91219  40082  41048  85923  59019  84459  84082  70119  79240  46549  92305  45240  59032  69881  