18159  19045  9211  3068  10111  17380  14406  1687  18513  18921  3214  19188  18980  7621  3192  8817  15202  9520  7446  17793  6811  16334  16584  18550  7758  4151  1589  19678  1607  11866  8397  3811  16760  755  10708  19215  5174  10610  11068  12443  9860  986  9780  19212  5396  4280  18774  720  16547  2109  8075  14827  1800  6094  15795  3790  7245  18364  2981  19493  431  16116  6631  6102  12291  1057  2248  6252  16333  7950  17268  8738  6337  17442  11075  
16298  19561  12012  1947  6256  5953  16106  13775  16379  3308  4819  8647  15948  8732  9157  5359  2588  19089  14827  8310  18619  14822  17836  11916  13876  11484  100  18813  12658  13043  9757  5919  182  4511  7689  5655  18861  18093  18407  3759  11994  19553  15940  5343  1946  2902  9991  8534  12886  17604  17824  10470  8829  7221  9060  6834  14798  12848  13956  905  4979  396  8477  9056  15733  6077  15844  13952  3193  9930  13145  18196  2047  8626  4872  
18859  18850  16666  5630  2185  12228  7376  6179  8959  11459  2801  11994  881  7436  424  9808  3800  8783  9331  12974  17987  5030  12472  10484  4350  16557  3986  14533  17380  4033  10588  12397  8810  15660  10278  10740  18534  6933  12700  16122  14800  165  8450  7107  10910  8785  7156  9716  9560  2515  2069  8616  14770  6744  16881  28159  25846  23222  27654  29703  20170  20200  23832  21605  26201  21989  21706  25497  21373  20644  25196  23125  30755  31234  21423  
27866  27568  21483  29062  26903  24440  22775  30432  23098  26461  26957  21389  19924  30446  25907  21147  24035  30437  21231  29714  30717  26900  21014  22732  22815  30707  26287  30348  28500  22546  27224  25100  27236  24128  22766  22038  21830  31950  22613  29510  22127  28580  19908  28592  23487  19996  21312  28309  22209  30376  26828  21259  20455  19978  21591  20740  24812  31961  30966  27689  21224  29156  28475  22505  29958  28173  27795  31324  31710  27693  20200  20912  23767  31091  20332  
19895  28890  28230  28165  24444  21901  19848  26210  20974  22079  26416  29599  23506  25840  31854  23679  23640  26451  20871  19983  29627  24457  30192  20509  23348  31149  25327  26318  35396  35409  32615  32379  34391  33140  32610  34991  35223  33118  35398  33800  33947  34822  35132  32527  34997  33143  33756  34005  32347  34655  33964  35367  32710  33404  35157  34858  34491  34963  32365  34149  34342  35029  34536  34164  33242  35167  33756  33769  32014  34379  32032  35013  33860  35136  36501  
35949  36112  35511  36404  35487  36471  35883  35489  36509  37046  36680  36933  36827  37071  36601  36508  36905  36518  37105  37239  37270  37345  37549  38001  37680  37447  38343  37957  37945  37940  37562  37747  38398  59305  76697  88434  39411  46100  70807  58042  39065  95811  60627  65000  78528  80354  70746  49231  45947  91850  79974  55554  64314  84542  77769  54110  88647  51984  40846  51196  72303  68784  96103  92199  51592  76833  89999  49413  50398  39992  86113  40410  64610  39478  89180  
65540  80720  55920  53590  56866  81328  83998  83832  49736  69724  70056  52986  52549  68198  42478  91470  84675  99996  38674  64056  41098  46660  91681  63538  84374  77068  80446  67082  77223  96582  89930  56919  52886  83082  63555  85400  84270  85141  96503  92795  49926  75085  52013  91499  47354  75685  39740  84200  53173  53352  84317  40356  52453  49353  70892  57478  65675  49936  47807  68743  74819  75284  88805  92748  59940  79032  53345  72941  76136  44597  73151  93968  84015  70417  44904  
52147  43104  81657  68451  58263  56773  91767  79680  76887  94192  85511  61726  76762  85863  93213  74302  64852  72560  44596  49911  55111  48662  94066  42576  38761  63407  42469  74529  55580  52393  50124  79808  85954  45573  39770  45380  94991  70408  80097  47030  66844  57544  49205  39257  75003  41788  69904  81581  51317  81231  52003  67055  85316  46395  62063  63929  64777  52456  83495  84061  98143  48778  78005  91718  72341  68162  67223  62268  44085  93730  69398  59259  56831  85429  39589  
88611  95361  54285  38782  49181  93879  93564  81881  79605  59255  86942  88927  84002  61651  54458  65961  97706  54689  45894  73238  80288  66909  59342  97738  44814  80443  47523  99720  53334  97730  94484  45698  41886  90584  81641  46221  98190  93503  71008  45806  50267  87626  56472  40185  93304  89940  67753  43756  54159  82220  76778  86718  51193  96737  87073  92000  90832  89013  96082  58840  69532  78130  56131  97501  66542  48675  53837  60422  46114  97462  42247  49598  87607  79393  51987  
51763  78033  97461  88026  44580  60449  39039  45366  50057  49000  60073  47834  46548  54993  62452  47845  72522  81849  60036  64397  66615  72121  39236  60534  96573  66854  45948  70876  93380  83977  69135  89447  57122  53250  58613  99389  70505  80145  43548  95187  57692  64403  94680  53935  59995  64010  99686  92995  43605  48792  46580  55046  47475  91650  38893  91787  88591  81108  86584  69750  57968  61337  91882  62553  87133  50711  57304  44565  48226  84060  52256  62161  66124  48130  88605  
53370  85428  42279  44535  66115  75533  90065  55646  78851  57778  51634  71398  72837  61082  93835  64626  61585  65299  53915  92579  90884  52580  83072  51775  85151  49250  93822  86376  65306  65468  95390  93096  61647  49621  50305  60839  84840  49431  39783  54152  42516  72698  49467  47189  67606  68070  74757  53947  96650  43067  66796  68058  38926  61835  80980  85367  94048  82724  88832  73566  43059  51835  58469  86600  83655  43111  84616  65083  64190  90111  69102  76812  88544  56918  42154  
48751  59911  78726  86978  51347  61299  88655  41005  61634  94359  58930  78229  46584  85869  42378  57712  93528  98321  43550  64515  79848  48187  41507  69827  44879  91252  59867  66317  68193  70146  54755  62863  46381  49977  76210  89781  90150  98660  69378  94716  87205  91979  81966  78396  70051  74851  94848  66225  66437  49991  41474  54424  90885  86171  92101  39060  86849  51628  91068  86765  87422  49540  79835  58535  97588  50410  54381  39216  69064  88033  52147  62874  88145  93673  43786  
94471  79150  88983  46388  56334  84982  57423  65228  75930  51246  72671  50766  77629  63525  71926  81636  85393  72798  92864  42307  99851  72714  60986  40113  81149  66902  88107  59801  71041  85226  41714  68327  52717  97977  53207  48930  47667  50421  99706  48485  83764  38574  84345  47691  66729  89250  56370  47343  62799  55079  79195  44804  69681  45730  72770  75617  70897  86736  42138  53038  92227  42496  54045  59007  77433  95188  62384  77018  68824  55718  57230  59503  39784  73399  66286  
60912  52353  62596  64786  69700  53589  56733  81390  88727  79461  63980  72872  49400  69030  56065  71060  46494  83674  68364  77806  66198  78656  42840  56326  24063  