100  165  182  396  424  431  720  755  881  905  986  1057  1589  1607  1687  1800  1946  1947  2047  2069  2109  2185  2248  2515  2588  2801  2902  2981  3068  3192  3193  3214  3308  3759  3790  3800  3811  3986  4033  4151  4280  4350  4511  4819  4872  4979  5030  5174  5343  5359  5396  5630  5655  5919  5953  6077  6094  6102  6179  6252  6256  6337  6631  6744  6811  6834  6933  7107  7156  7221  7245  7376  7436  7446  7621  
7689  7758  7950  8075  8310  8397  8450  8477  8534  8616  8626  8647  8732  8738  8783  8785  8810  8817  8829  8959  9056  9060  9157  9211  9331  9520  9560  9716  9757  9780  9808  9860  9930  9991  10111  10278  10470  10484  10588  10610  10708  10740  10910  11068  11075  11459  11484  11866  11916  11994  11994  12012  12228  12291  12397  12443  12472  12658  12700  12848  12886  12974  13043  13145  13775  13876  13952  13956  14406  14533  14770  14798  14800  14822  14827  
14827  15202  15660  15733  15795  15844  15940  15948  16106  16116  16122  16298  16333  16334  16379  16547  16557  16584  16666  16760  16881  17268  17380  17380  17442  17604  17793  17824  17836  17987  18093  18159  18196  18364  18407  18513  18534  18550  18619  18774  18813  18850  18859  18861  18921  18980  19045  19089  19188  19212  19215  19493  19553  19561  19678  19848  19895  19908  19924  19978  19983  19996  20170  20200  20200  20332  20455  20509  20644  20740  20871  20912  20974  21014  21147  
21224  21231  21259  21312  21373  21389  21423  21483  21591  21605  21706  21830  21901  21989  22038  22079  22127  22209  22505  22546  22613  22732  22766  22775  22815  23098  23125  23222  23348  23487  23506  23640  23679  23767  23832  24035  24063  24128  24440  24444  24457  24812  25100  25196  25327  25497  25840  25846  25907  26201  26210  26287  26318  26416  26451  26461  26828  26900  26903  26957  27224  27236  27568  27654  27689  27693  27795  27866  28159  28165  28173  28230  28309  28475  28500  
28580  28592  28890  29062  29156  29510  29599  29627  29703  29714  29958  30192  30348  30376  30432  30437  30446  30707  30717  30755  30966  31091  31149  31234  31324  31710  31854  31950  31961  32014  32032  32347  32365  32379  32527  32610  32615  32710  33118  33140  33143  33242  33404  33756  33756  33769  33800  33860  33947  33964  34005  34149  34164  34342  34379  34391  34491  34536  34655  34822  34858  34963  34991  34997  35013  35029  35132  35136  35157  35167  35223  35367  35396  35398  35409  
35487  35489  35511  35883  35949  36112  36404  36471  36501  36508  36509  36518  36601  36680  36827  36905  36933  37046  37071  37105  37239  37270  37345  37447  37549  37562  37680  37747  37940  37945  37957  38001  38343  38398  38574  38674  38761  38782  38893  38926  39039  39060  39065  39216  39236  39257  39411  39478  39589  39740  39770  39783  39784  39992  40113  40185  40356  40410  40846  41005  41098  41474  41507  41714  41788  41886  42138  42154  42247  42279  42307  42378  42469  42478  42496  
42516  42576  42840  43059  43067  43104  43111  43548  43550  43605  43756  43786  44085  44535  44565  44580  44596  44597  44804  44814  44879  44904  45366  45380  45573  45698  45730  45806  45894  45947  45948  46100  46114  46221  46381  46388  46395  46494  46548  46580  46584  46660  47030  47189  47343  47354  47475  47523  47667  47691  47807  47834  47845  48130  48187  48226  48485  48662  48675  48751  48778  48792  48930  49000  49181  49205  49231  49250  49353  49400  49413  49431  49467  49540  49598  
49621  49736  49911  49926  49936  49977  49991  50057  50124  50267  50305  50398  50410  50421  50711  50766  51193  51196  51246  51317  51347  51592  51628  51634  51763  51775  51835  51984  51987  52003  52013  52147  52147  52256  52353  52393  52453  52456  52549  52580  52717  52886  52986  53038  53173  53207  53250  53334  53345  53352  53370  53589  53590  53837  53915  53935  53947  54045  54110  54152  54159  54285  54381  54424  54458  54689  54755  54993  55046  55079  55111  55554  55580  55646  55718  
55920  56065  56131  56326  56334  56370  56472  56733  56773  56831  56866  56918  56919  57122  57230  57304  57423  57478  57544  57692  57712  57778  57968  58042  58263  58469  58535  58613  58840  58930  59007  59255  59259  59305  59342  59503  59801  59867  59911  59940  59995  60036  60073  60422  60449  60534  60627  60839  60912  60986  61082  61299  61337  61585  61634  61647  61651  61726  61835  62063  62161  62268  62384  62452  62553  62596  62799  62863  62874  63407  63525  63538  63555  63929  63980  
64010  64056  64190  64314  64397  64403  64515  64610  64626  64777  64786  64852  65000  65083  65228  65299  65306  65468  65540  65675  65961  66115  66124  66198  66225  66286  66317  66437  66542  66615  66729  66796  66844  66854  66902  66909  67055  67082  67223  67606  67753  68058  68070  68162  68193  68198  68327  68364  68451  68743  68784  68824  69030  69064  69102  69135  69378  69398  69532  69681  69700  69724  69750  69827  69904  70051  70056  70146  70408  70417  70505  70746  70807  70876  70892  
70897  71008  71041  71060  71398  71926  72121  72303  72341  72522  72560  72671  72698  72714  72770  72798  72837  72872  72941  73151  73238  73399  73566  74302  74529  74757  74819  74851  75003  75085  75284  75533  75617  75685  75930  76136  76210  76697  76762  76778  76812  76833  76887  77018  77068  77223  77433  77629  77769  77806  78005  78033  78130  78229  78396  78528  78656  78726  78851  79032  79150  79195  79393  79461  79605  79680  79808  79835  79848  79974  80097  80145  80288  80354  80443  
80446  80720  80980  81108  81149  81231  81328  81390  81581  81636  81641  81657  81849  81881  81966  82220  82724  83072  83082  83495  83655  83674  83764  83832  83977  83998  84002  84015  84060  84061  84200  84270  84317  84345  84374  84542  84616  84675  84840  84982  85141  85151  85226  85316  85367  85393  85400  85428  85429  85511  85863  85869  85954  86113  86171  86376  86584  86600  86718  86736  86765  86849  86942  86978  87073  87133  87205  87422  87607  87626  88026  88033  88107  88145  88434  
88544  88591  88605  88611  88647  88655  88727  88805  88832  88927  88983  89013  89180  89250  89447  89781  89930  89940  89999  90065  90111  90150  90584  90832  90884  90885  91068  91252  91470  91499  91650  91681  91718  91767  91787  91850  91882  91979  92000  92101  92199  92227  92579  92748  92795  92864  92995  93096  93213  93304  93380  93503  93528  93564  93673  93730  93822  93835  93879  93968  94048  94066  94192  94359  94471  94484  94680  94716  94848  94991  95187  95188  95361  95390  95811  
96082  96103  96503  96573  96582  96650  96737  97461  97462  97501  97588  97706  97730  97738  97977  98143  98190  98321  98660  99389  99686  99706  99720  99851  99996  