8  17  21  29  46  56  59  76  77  87  103  109  110  111  121  122  132  166  178  178  195  201  217  266  269  285  289  297  311  321  325  340  340  352  361  378  380  382  393  394  398  403  413  436  441  446  458  464  465  469  471  482  490  494  495  508  509  514  530  531  536  553  555  569  572  576  580  588  603  607  614  619  634  641  648  
655  657  664  691  719  726  756  757  763  764  772  777  785  789  794  797  807  817  827  866  872  878  880  907  907  911  919  923  952  956  961  968  992  999  1000  1002  1013  1036  1041  1044  1048  1080  1081  1110  1110  1125  1133  1140  1147  1148  1156  1158  1167  1170  1170  1172  1173  1182  1194  1197  1200  1205  1205  1214  1216  1223  1230  1232  1233  1246  1249  1257  1259  1262  1266  
1266  1268  1271  1272  1289  1297  1312  1338  1344  1345  1347  1361  1368  1372  1375  1379  1381  1382  1384  1390  1438  1445  1446  1452  1461  1475  1489  1494  1496  1503  1514  1521  1530  1533  1533  1546  1554  1556  1597  1607  1608  1610  1645  1645  1665  1672  1673  1685  1693  1694  1708  1733  1747  1791  1798  1807  1813  1832  1834  1840  1841  1842  1848  1858  1866  1872  1875  1879  1881  1888  1907  1917  1921  1930  1931  
1934  1936  1945  1951  1967  1968  1975  1982  1989  1994  2002  2028  2044  2047  2050  2059  2082  2083  2105  2107  2111  2115  2116  2148  2149  2152  2161  2174  2175  2176  2177  2191  2211  2216  2218  2225  2227  2228  2231  2233  2248  2250  2261  2265  2267  2317  2331  2333  2334  2357  2359  2360  2371  2382  2397  2413  2425  2427  2440  2449  2462  2480  2483  2485  2504  2510  2535  2545  2550  2578  2580  2587  2588  2592  2596  
2596  2605  2621  2625  2632  2643  2647  2650  2657  2662  2662  2665  2683  2696  2701  2718  2739  2741  2750  2754  2759  2762  2777  2788  2799  2807  2811  2821  2832  2838  2849  2860  2880  2887  2892  2896  2910  2912  2916  2923  2932  2945  2952  2964  2974  2981  2992  2999  3000  3002  3025  3029  3034  3035  3036  3053  3053  3060  3072  3075  3081  3088  3110  3115  3127  3130  3131  3142  3145  3169  3171  3189  3213  3232  3234  
3245  3268  3283  3289  3294  3306  3322  3324  3357  3374  3390  3397  3400  3402  3424  3426  3456  3457  3458  3462  3464  3469  3486  3493  3496  3497  3498  3508  3513  3522  3526  3527  3556  3557  3564  3581  3587  3589  3593  3597  3606  3613  3628  3635  3637  3647  3661  3693  3697  3699  3701  3704  3706  3713  3738  3738  3742  3746  3746  3750  3761  3800  3812  3813  3815  3824  3825  3846  3856  3866  3870  3873  3885  3891  3894  
3896  3919  3926  3926  3934  3951  3953  3972  3978  3984  3986  4001  4008  4011  4016  4028  4051  4081  4097  4104  4131  4138  4139  4143  4149  4150  4155  4162  4162  4166  4178  4191  4191  4195  4204  4212  4216  4248  4257  4258  4262  4274  4277  4292  4293  4312  4315  4342  4350  4366  4368  4370  4395  4398  4402  4403  4408  4411  4414  4416  4437  4462  4464  4472  4475  4479  4479  4480  4485  4494  4500  4521  4541  4545  4567  
4599  4608  4614  4622  4637  4637  4643  4648  4654  4677  4685  4719  4719  4729  4732  4748  4781  4787  4792  4793  4806  4806  4809  4809  4812  4822  4827  4834  4838  4838  4842  4845  4854  4865  4873  4882  4900  4904  4910  4919  4952  4966  4970  4981  4999  4999  5014  5020  5038  5041  5042  5058  5092  5096  5122  5123  5127  5137  5144  5187  5191  5193  5198  5202  5205  5206  5228  5230  5244  5247  5252  5260  5270  5271  5287  
5292  5307  5315  5321  5324  5325  5333  5346  5347  5364  5364  5428  5441  5444  5451  5451  5457  5470  5474  5482  5487  5494  5518  5567  5578  5579  5586  5591  5598  5611  5613  5623  5639  5644  5660  5676  5692  5701  5705  5710  5716  5719  5723  5735  5737  5752  5762  5785  5788  5795  5799  5800  5803  5804  5807  5819  5824  5832  5840  5860  5868  5885  5885  5898  5898  5924  5931  5931  5941  5942  5965  5966  5968  5989  5997  
6013  6018  6019  6053  6054  6059  6062  6080  6097  6108  6112  6117  6142  6143  6154  6186  6196  6197  6198  6202  6205  6206  6212  6250  6267  6270  6273  6307  6309  6312  6313  6321  6324  6329  6337  6342  6344  6351  6360  6363  6383  6401  6409  6409  6410  6416  6432  6445  6453  6455  6471  6478  6480  6489  6505  6507  6510  6513  6526  6536  6541  6548  6556  6561  6562  6565  6570  6577  6596  6627  6638  6647  6647  6648  6652  
6654  6656  6661  6664  6664  6672  6686  6687  6691  6691  6737  6738  6740  6745  6750  6759  6759  6763  6775  6776  6781  6816  6816  6816  6819  6824  6830  6832  6842  6852  6862  6863  6873  6873  6878  6880  6885  6910  6918  6925  6939  6952  6957  6961  6973  6997  7022  7035  7040  7041  7055  7055  7059  7067  7071  7081  7083  7096  7098  7110  7114  7115  7118  7125  7132  7144  7149  7178  7194  7203  7227  7233  7253  7253  7260  
7261  7266  7267  7267  7268  7274  7312  7319  7319  7324  7326  7363  7400  7402  7419  7431  7441  7442  7443  7451  7466  7469  7476  7478  7486  7502  7505  7535  7536  7541  7584  7595  7613  7621  7640  7643  7647  7662  7666  7668  7676  7679  7693  7693  7729  7730  7739  7761  7786  7790  7794  7796  7807  7808  7811  7819  7825  7829  7834  7842  7852  7855  7857  7861  7871  7872  7878  7887  7889  7891  7907  7917  7929  7934  7943  
7949  7953  7957  7958  8000  8004  8011  8013  8027  8042  8048  8061  8066  8078  8081  8094  8097  8119  8121  8125  8125  8159  8160  8161  8168  8168  8169  8184  8203  8211  8219  8231  8241  8242  8251  8253  8259  8282  8288  8303  8310  8330  8354  8374  8375  8380  8389  8396  8397  8411  8412  8421  8450  8459  8461  8466  8482  8483  8487  8492  8499  8507  8510  8511  8522  8526  8553  8561  8563  8565  8580  8581  8586  8591  8593  
8593  8594  8594  8599  8629  8629  8633  8650  8671  8689  8692  8696  8696  8701  8705  8735  8764  8765  8779  8792  8793  8816  8829  8831  8832  8840  8841  8869  8878  8882  8883  8901  8918  8941  8961  8985  8995  9002  9006  9008  9009  9015  9022  9039  9039  9047  9062  9077  9090  9101  9104  9107  9120  9147  9151  9153  9155  9158  9163  9171  9171  9172  9185  9191  9198  9212  9226  9234  9236  9248  9267  9268  9270  9281  9282  
9310  9318  9318  9328  9331  9350  9357  9358  9366  9368  9383  9384  9391  9395  9397  9406  9414  9447  9491  9491  9492  9493  9498  9503  9509  9515  9516  9519  9521  9535  9541  9558  9573  9581  9582  9592  9605  9619  9631  9638  9645  9647  9654  9667  9685  9701  9710  9717  9719  9732  9732  9748  9767  9782  9783  9785  9805  9810  9814  9817  9820  9822  9826  9828  9837  9838  9840  9851  9854  9863  9868  9870  9875  9878  9896  
9898  9898  9901  9906  9906  9917  9928  9934  9935  9938  9951  9958  9960  9976  9978  9980  9985  9996  9996  10016  10016  10028  10030  10042  10057  10060  10063  10063  10065  10076  10083  10085  10091  10096  10106  10114  10116  10138  10143  10147  10150  10151  10155  10170  10180  10180  10209  10209  10215  10233  10244  10266  10273  10274  10310  10312  10319  10324  10335  10337  10340  10350  10351  10351  10351  10357  10368  10374  10386  10400  10402  10416  10417  10434  10438  
10443  10447  10450  10454  10457  10459  10465  10492  10498  10499  10499  10529  10533  10534  10559  10561  10577  10592  10611  10611  10614  10629  10636  10637  10652  10655  10658  10661  10664  10694  10715  10737  10751  10769  10773  10792  10811  10817  10823  10824  10830  10832  10836  10842  10859  10865  10869  10871  10892  10910  10912  10930  10940  10967  10973  10992  11000  11004  11008  11009  11024  11029  11031  11052  11056  11074  11082  11084  11090  11093  11097  11102  11115  11122  11131  
11160  11173  11204  11215  11236  11240  11248  11256  11260  11262  11263  11263  11264  11268  11269  11293  11308  11314  11318  11340  11344  11345  11347  11348  11357  11359  11364  11365  11405  11413  11430  11472  11491  11491  11505  11530  11540  11544  11559  11566  11587  11589  11614  11624  11630  11637  11637  11640  11651  11657  11666  11671  11687  11688  11693  11704  11720  11723  11743  11755  11766  11772  11779  11783  11800  11804  11823  11833  11843  11865  11890  11892  11897  11900  11924  
11932  11953  11968  11972  11972  12001  12020  12036  12043  12061  12064  12065  12072  12077  12077  12084  12090  12100  12101  12107  12118  12125  12139  12156  12169  12178  12180  12183  12186  12191  12197  12213  12232  12274  12275  12281  12281  12330  12343  12343  12345  12346  12357  12368  12370  12371  12373  12384  12386  12394  12396  12408  12417  12419  12429  12430  12435  12450  12450  12450  12451  12456  12458  12459  12462  12473  12478  12485  12501  12511  12518  12523  12530  12578  12580  
12604  12608  12608  12614  12632  12636  12645  12652  12665  12676  12679  12684  12694  12700  12719  12723  12733  12746  12750  12751  12756  12793  12795  12800  12802  12829  12834  12842  12865  12899  12914  12922  12926  12926  12929  12933  12944  12952  12969  12973  12975  12977  12985  13000  13001  13033  13036  13051  13064  13079  13080  13092  13094  13102  13104  13119  13122  13151  13153  13162  13162  13166  13185  13198  13203  13229  13230  13249  13258  13266  13287  13295  13327  13331  13332  
13339  13346  13357  13370  13379  13381  13384  13397  13398  13399  13405  13409  13417  13417  13438  13443  13487  13487  13508  13511  13511  13516  13520  13524  13549  13568  13578  13582  13582  13585  13593  13593  13596  13603  13610  13621  13631  13635  13657  13658  13666  13667  13670  13681  13690  13710  13733  13753  13758  13774  13775  13778  13779  13784  13813  13819  13823  13830  13842  13863  13874  13893  13907  13912  13919  13927  13928  13942  13952  13952  13953  13954  13962  13980  13982  
13990  14001  14010  14020  14023  14026  14034  14040  14045  14054  14079  14080  14082  14090  14094  14095  14135  14142  14145  14164  14164  14177  14181  14210  14224  14230  14233  14237  14238  14244  14246  14266  14281  14303  14303  14304  14306  14314  14335  14337  14338  14340  14345  14349  14356  14356  14357  14358  14374  14389  14395  14400  14419  14424  14434  14456  14459  14460  14464  14465  14469  14469  14481  14486  14523  14545  14547  14561  14566  14580  14589  14610  14624  14628  14636  
14648  14651  14653  14656  14667  14670  14681  14692  14704  14712  14716  14727  14738  14738  14743  14746  14754  14772  14772  14786  14795  14815  14827  14841  14844  14853  14854  14857  14859  14862  14862  14872  14875  14889  14892  14900  14911  14917  14922  14925  14943  14944  14947  14963  14978  14986  14996  14996  15008  15009  15024  15025  15027  15029  15059  15065  15083  15085  15087  15096  15114  15119  15133  15142  15144  15156  15165  15193  15216  15221  15227  15231  15235  15236  15237  
15238  15242  15256  15257  15261  15297  15303  15312  15321  15326  15346  15353  15360  15362  15375  15391  15394  15414  15418  15424  15467  15470  15474  15484  15488  15491  15496  15503  15519  15524  15533  15536  15541  15545  15557  15561  15567  15572  15580  15613  15628  15637  15671  15672  15675  15684  15686  15704  15708  15720  15748  15750  15751  15754  15765  15767  15769  15772  15785  15794  15795  15800  15817  15821  15830  15834  15863  15877  15887  15887  15893  15898  15915  15918  15938  
15940  15967  15972  15993  15996  15998  16009  16009  16016  16018  16047  16051  16064  16065  16078  16084  16099  16101  16103  16104  16112  16127  16128  16148  16148  16162  16173  16184  16194  16197  16197  16203  16211  16225  16229  16240  16247  16276  16284  16287  16292  16317  16327  16335  16346  16356  16357  16372  16391  16415  16423  16437  16443  16463  16466  16466  16487  16494  16507  16510  16512  16542  16549  16553  16555  16556  16560  16569  16573  16585  16586  16593  16594  16598  16599  
16618  16627  16634  16635  16650  16677  16679  16716  16748  16751  16766  16781  16793  16801  16808  16814  16819  16828  16829  16837  16853  16853  16866  16877  16878  16881  16881  16890  16891  16894  16902  16919  16919  16924  16929  16941  16963  16965  17005  17038  17043  17045  17052  17067  17070  17074  17088  17110  17123  17140  17147  17156  17168  17173  17182  17183  17186  17211  17228  17243  17254  17258  17260  17289  17290  17309  17315  17316  17322  17324  17333  17340  17366  17375  17390  
17396  17399  17403  17406  17408  17413  17422  17425  17428  17457  17459  17460  17476  17483  17495  17497  17511  17526  17538  17557  17574  17593  17603  17606  17618  17623  17629  17633  17654  17658  17659  17662  17663  17667  17667  17686  17686  17702  17704  17727  17742  17749  17760  17766  17769  17775  17797  17797  17823  17826  17828  17830  17834  17835  17839  17845  17847  17849  17870  17882  17886  17899  17901  17903  17913  17914  17931  17935  17937  17939  17946  17977  17995  18006  18010  
18013  18020  18024  18031  18041  18042  18057  18062  18067  18078  18086  18124  18134  18134  18137  18140  18153  18165  18192  18193  18195  18199  18208  18234  18240  18249  18267  18275  18297  18297  18306  18312  18313  18316  18320  18333  18335  18346  18346  18347  18361  18390  18456  18463  18463  18466  18493  18502  18516  18517  18517  18525  18529  18538  18540  18550  18557  18572  18589  18594  18601  18602  18608  18613  18626  18636  18639  18642  18645  18647  18655  18657  18658  18661  18664  
18669  18674  18681  18688  18706  18708  18720  18722  18725  18726  18741  18749  18750  18753  18763  18766  18768  18772  18784  18788  18789  18792  18804  18805  18807  18809  18825  18831  18836  18871  18875  18884  18885  18896  18899  18902  18903  18915  18916  18925  18935  18953  18964  18976  18980  18996  19000  19000  19018  19033  19036  19036  19051  19053  19059  19070  19075  19076  19095  19120  19128  19128  19137  19144  19149  19177  19191  19206  19207  19208  19218  19221  19228  19230  19243  
19248  19250  19255  19265  19265  19279  19284  19293  19293  19316  19321  19346  19371  19371  19373  19381  19395  19405  19409  19416  19420  19422  19422  19428  19463  19465  19486  19506  19518  19523  19532  19533  19537  19550  19567  19641  19645  19647  19652  19656  19663  19664  19669  19673  19705  19705  19710  19716  19736  19739  19740  19749  19767  19786  19787  19803  19821  19824  19841  19844  19849  19863  19869  19897  19903  19908  19923  19934  19941  19947  19948  19957  19980  19986  19990  
20020  20024  20025  20038  20051  20065  20078  20082  20096  20098  20116  20120  20123  20142  20148  20148  20154  20155  20157  20158  20158  20172  20184  20197  20208  20214  20219  20222  20225  20254  20255  20263  20266  20320  20333  20334  20348  20352  20370  20377  20382  20384  20385  20394  20407  20407  20411  20427  20429  20431  20431  20445  20453  20485  20488  20489  20497  20500  20507  20520  20524  20527  20559  20579  20581  20585  20604  20624  20630  20662  20668  20671  20678  20691  20694  
20710  20728  20740  20741  20761  20766  20774  20785  20790  20792  20805  20806  20821  20829  20830  20844  20848  20856  20856  20861  20889  20895  20896  20900  20911  20931  20939  20954  20968  20978  20979  20985  20998  21024  21028  21029  21030  21050  21050  21066  21086  21087  21116  21120  21129  21153  21198  21200  21200  21221  21234  21237  21243  21260  21276  21284  21292  21299  21326  21338  21357  21359  21386  21389  21407  21411  21446  21458  21471  21480  21493  21502  21507  21508  21516  
21519  21535  21545  21584  21588  21597  21601  21604  21615  21626  21660  21664  21665  21665  21670  21682  21685  21686  21691  21704  21711  21723  21735  21736  21745  21755  21762  21763  21775  21789  21801  21818  21823  21827  21833  21848  21859  21888  21919  21919  21945  21959  21961  21985  21987  21988  21992  22006  22012  22065  22069  22080  22087  22131  22133  22154  22175  22186  22192  22197  22197  22202  22206  22207  22212  22221  22222  22225  22233  22238  22239  22282  22300  22321  22345  
22346  22367  22390  22396  22429  22429  22431  22438  22446  22448  22461  22466  22475  22479  22486  22500  22513  22518  22523  22528  22531  22531  22556  22559  22565  22570  22573  22574  22575  22584  22585  22586  22605  22608  22611  22638  22638  22639  22651  22668  22671  22684  22692  22712  22716  22721  22729  22730  22732  22736  22741  22743  22756  22767  22768  22779  22780  22782  22800  22807  22821  22831  22855  22866  22873  22873  22874  22891  22904  22908  22924  22930  22932  22935  22937  
22939  22942  22947  22948  22963  22968  22971  22977  22985  22986  23003  23005  23022  23031  23060  23069  23071  23072  23081  23089  23120  23145  23154  23156  23158  23180  23181  23198  23205  23234  23247  23250  23251  23256  23260  23268  23269  23274  23289  23307  23326  23327  23337  23340  23351  23368  23371  23377  23379  23388  23388  23400  23402  23408  23414  23420  23425  23446  23451  23456  23478  23481  23489  23489  23496  23529  23535  23538  23549  23564  23581  23609  23630  23633  23672  
23678  23680  23684  23686  23722  23727  23736  23742  23776  23781  23791  23792  23792  23798  23801  23814  23828  23832  23846  23869  23879  23917  23933  23940  23945  23950  23954  23962  23971  23975  23981  23993  23994  24010  24016  24025  24025  24037  24038  24057  24077  24083  24104  24116  24134  24141  24141  24172  24173  24174  24175  24175  24181  24193  24198  24198  24202  24213  24230  24232  24239  24258  24275  24294  24300  24303  24310  24323  24325  24342  24345  24349  24351  24363  24379  
24385  24392  24412  24423  24426  24428  24433  24443  24444  24445  24470  24506  24511  24523  24543  24543  24560  24566  24574  24574  24575  24587  24591  24596  24604  24610  24616  24618  24620  24623  24626  24634  24637  24640  24658  24701  24713  24723  24724  24726  24733  24742  24751  24763  24775  24776  24789  24789  24795  24796  24798  24828  24828  24830  24837  24841  24842  24859  24869  24872  24900  24916  24919  24929  24932  24935  24951  24953  24963  24974  24986  24987  24988  24988  24989  
25014  25022  25038  25042  25048  25052  25059  25061  25069  25071  25103  25115  25118  25126  25127  25128  25139  25145  25153  25154  25191  25194  25199  25202  25202  25206  25207  25223  25237  25237  25243  25244  25258  25266  25286  25292  25296  25308  25319  25319  25319  25330  25333  25344  25352  25353  25355  25367  25374  25388  25391  25467  25513  25518  25528  25537  25543  25547  25547  25550  25559  25582  25594  25601  25614  25615  25620  25635  25637  25643  25649  25654  25667  25674  25684  
25690  25712  25722  25723  25753  25754  25755  25758  25771  25776  25781  25782  25782  25791  25794  25810  25810  25816  25835  25841  25859  25862  25864  25871  25887  25915  25926  25938  25946  25962  25967  25977  25978  25981  25998  26002  26026  26050  26051  26051  26081  26087  26098  26099  26111  26125  26125  26129  26149  26150  26152  26160  26169  26182  26185  26190  26205  26217  26221  26223  26233  26242  26250  26253  26271  26272  26278  26289  26297  26340  26348  26348  26366  26381  26383  
26385  26386  26389  26405  26409  26417  26419  26442  26445  26446  26447  26469  26472  26476  26488  26497  26517  26518  26521  26526  26527  26534  26536  26544  26545  26553  26558  26563  26566  26630  26631  26639  26649  26652  26653  26658  26691  26713  26717  26739  26740  26747  26779  26800  26804  26817  26845  26846  26848  26852  26864  26869  26888  26891  26904  26936  26938  26940  26943  26943  26947  26947  26948  26965  26967  26967  26969  26970  26974  26993  26999  27022  27033  27051  27078  
27089  27100  27101  27105  27106  27129  27133  27144  27147  27166  27170  27181  27189  27192  27229  27230  27236  27238  27257  27266  27266  27279  27297  27312  27328  27331  27333  27336  27339  27342  27347  27372  27374  27392  27433  27436  27436  27440  27454  27461  27461  27485  27488  27496  27510  27526  27539  27545  27550  27557  27561  27566  27567  27568  27584  27591  27605  27608  27610  27610  27611  27628  27633  27633  27636  27643  27654  27658  27682  27718  27722  27743  27750  27760  27762  
27762  27787  27818  27826  27831  27838  27859  27860  27877  27887  27908  27912  27966  27968  27983  28018  28030  28056  28061  28066  28066  28067  28080  28082  28089  28094  28106  28107  28110  28115  28116  28123  28124  28134  28136  28140  28148  28149  28159  28214  28227  28242  28249  28254  28272  28287  28323  28344  28352  28359  28373  28376  28378  28382  28420  28429  28431  28439  28452  28463  28465  28468  28469  28473  28483  28518  28519  28520  28521  28522  28524  28527  28527  28543  28549  
28565  28574  28574  28577  28596  28618  28618  28624  28628  28634  28648  28658  28660  28671  28679  28687  28695  28719  28748  28768  28771  28786  28806  28808  28809  28813  28829  28850  28872  28890  28899  28911  28920  28927  28939  28942  28951  28952  28959  28997  29000  29005  29008  29023  29029  29030  29036  29043  29056  29062  29073  29083  29097  29103  29111  29114  29121  29125  29126  29129  29130  29143  29144  29157  29158  29164  29165  29171  29192  29195  29203  29205  29217  29220  29225  
29229  29233  29248  29287  29289  29291  29292  29300  29303  29311  29334  29341  29342  29351  29357  29366  29367  29378  29383  29398  29400  29401  29406  29407  29420  29424  29445  29454  29458  29463  29470  29486  29487  29493  29494  29499  29520  29536  29557  29558  29572  29580  29590  29591  29599  29632  29636  29649  29653  29663  29676  29676  29687  29690  29696  29707  29710  29712  29712  29721  29734  29735  29738  29757  29760  29767  29772  29778  29781  29782  29784  29795  29796  29796  29800  
29801  29808  29822  29823  29827  29831  29835  29847  29854  29858  29864  29880  29882  29895  29900  29904  29909  29918  29920  29922  29926  29952  29952  29954  29956  29973  29979  29984  29992  29994  30003  30010  30011  30016  30018  30019  30035  30040  30040  30041  30046  30053  30053  30075  30081  30085  30086  30089  30090  30095  30106  30107  30113  30119  30130  30146  30147  30150  30152  30170  30171  30224  30239  30255  30257  30280  30283  30286  30288  30289  30291  30296  30307  30313  30320  
30323  30323  30343  30363  30373  30380  30405  30410  30437  30440  30449  30450  30463  30464  30465  30471  30475  30477  30480  30481  30483  30488  30491  30506  30510  30514  30520  30530  30540  30550  30568  30572  30572  30607  30635  30636  30648  30662  30668  30672  30678  30679  30679  30701  30706  30708  30711  30727  30742  30742  30757  30766  30767  30772  30775  30782  30797  30824  30838  30851  30854  30858  30868  30872  30904  30916  30947  30955  30967  31002  31005  31006  31008  31010  31037  
31040  31080  31089  31091  31099  31100  31117  31117  31122  31124  31130  31132  31133  31138  31141  31145  31145  31160  31161  31170  31195  31202  31215  31219  31226  31228  31231  31235  31246  31254  31258  31274  31282  31285  31286  31291  31301  31301  31333  31333  31345  31351  31378  31383  31385  31389  31393  31428  31439  31463  31470  31477  31479  31512  31530  31537  31538  31552  31563  31565  31592  31592  31613  31624  31635  31637  31649  31650  31650  31653  31682  31689  31712  31720  31731  
31737  31737  31750  31752  31775  31788  31794  31802  31820  31821  31822  31828  31884  31895  31904  31904  31916  31917  31920  31924  31939  31947  31956  31982  31997  32003  32008  32008  32011  32013  32032  32043  32060  32068  32076  32106  32113  32134  32160  32178  32189  32196  32203  32205  32206  32215  32223  32223  32223  32228  32240  32247  32249  32251  32253  32282  32309  32311  32325  32342  32353  32355  32364  32367  32377  32406  32414  32420  32439  32443  32444  32449  32478  32492  32500  
32509  32511  32521  32558  32563  32570  32581  32581  32588  32595  32619  32623  32640  32651  32659  32668  32669  32674  32679  32686  32699  32703  32706  32718  32726  32733  32737  32759  32776  32778  32800  32806  32807  32809  32821  32822  32826  32830  32833  32840  32841  32859  32878  32885  32893  32914  32917  32929  32930  32933  32939  32945  32947  32948  32952  32983  32993  32993  32997  33007  33023  33040  33051  33058  33111  33118  33128  33143  33156  33164  33165  33176  33183  33203  33208  
33218  33226  33228  33232  33232  33291  33295  33311  33317  33318  33322  33329  33333  33341  33343  33351  33357  33372  33381  33390  33390  33396  33398  33400  33404  33414  33416  33448  33465  33467  33479  33502  33511  33513  33530  33540  33552  33568  33568  33592  33593  33610  33612  33632  33648  33669  33675  33684  33685  33693  33696  33698  33698  33704  33715  33715  33722  33724  33742  33747  33750  33763  33784  33790  33792  33793  33797  33798  33798  33805  33831  33849  33858  33860  33873  
33873  33880  33880  33903  33911  33913  33920  33923  33925  33925  33930  33938  33940  33941  33948  33958  33961  33964  33964  33976  33982  33989  33990  33990  33992  34004  34007  34033  34038  34053  34083  34098  34098  34100  34107  34114  34119  34139  34139  34167  34167  34167  34168  34173  34180  34193  34205  34216  34227  34227  34244  34248  34250  34253  34256  34291  34305  34308  34319  34329  34332  34336  34339  34346  34348  34377  34377  34386  34389  34391  34393  34403  34410  34423  34439  
34444  34461  34465  34470  34477  34489  34528  34537  34546  34557  34563  34583  34587  34614  34619  34645  34657  34660  34662  34671  34678  34684  34706  34707  34714  34729  34745  34752  34754  34754  34756  34759  34762  34770  34777  34787  34790  34794  34839  34840  34852  34864  34870  34878  34880  34889  34900  34902  34906  34919  34926  34930  34940  34956  34979  34983  34992  34995  34998  35010  35025  35038  35055  35056  35058  35072  35083  35087  35087  35102  35108  35113  35119  35133  35140  
35148  35153  35157  35159  35195  35197  35199  35228  35230  35232  35237  35239  35262  35276  35279  35282  35317  35324  35331  35342  35347  35351  35367  35371  35371  35378  35399  35401  35411  35415  35425  35427  35432  35438  35442  35460  35470  35488  35514  35515  35517  35532  35553  35562  35563  35579  35585  35587  35597  35613  35614  35619  35631  35656  35658  35669  35684  35685  35686  35690  35691  35693  35710  35712  35728  35733  35738  35744  35760  35760  35761  35765  35777  35781  35782  
35789  35807  35822  35825  35834  35839  35841  35852  35857  35860  35925  35930  35942  35944  35965  35984  35993  35999  36003  36010  36026  36034  36034  36049  36061  36092  36097  36119  36121  36121  36128  36135  36139  36139  36144  36179  36188  36195  36220  36224  36241  36242  36252  36274  36278  36300  36309  36335  36341  36347  36366  36405  36445  36452  36463  36468  36469  36482  36485  36486  36488  36493  36493  36497  36513  36517  36519  36520  36524  36534  36538  36548  36564  36570  36572  
36580  36591  36600  36632  36633  36633  36647  36650  36652  36663  36677  36677  36678  36680  36699  36705  36718  36718  36721  36730  36730  36734  36752  36755  36787  36795  36809  36815  36855  36856  36878  36878  36879  36898  36906  36921  36924  36924  36930  36935  36941  36991  37020  37037  37038  37043  37047  37048  37049  37056  37062  37071  37076  37094  37116  37132  37133  37136  37149  37152  37152  37161  37163  37164  37177  37180  37185  37194  37205  37214  37217  37234  37246  37247  37256  
37263  37268  37283  37288  37308  37316  37341  37382  37397  37413  37419  37435  37439  37468  37473  37498  37500  37510  37533  37554  37554  37563  37571  37571  37577  37580  37584  37596  37625  37627  37636  37642  37643  37672  37678  37698  37704  37747  37749  37757  37760  37768  37768  37776  37783  37794  37812  37818  37830  37845  37858  37859  37865  37872  37893  37902  37903  37916  37917  37921  37937  37939  37952  37952  37955  37956  37961  37965  37975  37978  37988  37988  37997  37999  38000  
38004  38023  38028  38031  38035  38051  38062  38096  38101  38105  38130  38156  38167  38173  38188  38220  38226  38227  38232  38244  38255  38267  38284  38291  38292  38297  38299  38314  38316  38316  38328  38330  38335  38342  38346  38357  38377  38389  38426  38430  38438  38439  38448  38449  38466  38467  38497  38501  38513  38518  38538  38565  38567  38568  38569  38578  38583  38606  38615  38617  38641  38649  38673  38674  38682  38683  38685  38689  38705  38735  38735  38746  38758  38769  38783  
38790  38792  38794  38804  38807  38809  38811  38815  38822  38830  38834  38841  38842  38851  38855  38869  38885  38896  38906  38915  38919  38921  38928  38929  38931  38934  38940  38948  38952  38957  38968  38968  38984  38992  38997  39007  39034  39040  39041  39049  39052  39053  39053  39061  39071  39075  39076  39102  39102  39104  39116  39129  39140  39142  39144  39158  39159  39162  39166  39196  39199  39207  39215  39222  39223  39224  39225  39240  39254  39265  39268  39270  39286  39289  39296  
39310  39313  39324  39329  39331  39342  39349  39361  39362  39362  39365  39367  39374  39381  39391  39400  39409  39418  39427  39435  39437  39442  39445  39454  39456  39459  39467  39471  39482  39502  39513  39539  39563  39564  39600  39600  39603  39614  39614  39618  39629  39642  39644  39680  39690  39696  39717  39741  39750  39759  39762  39771  39776  39777  39786  39792  39800  39804  39810  39813  39823  39837  39853  39871  39882  39883  39889  39892  39897  39902  39907  39936  39948  39959  39962  
39973  39991  39994  39996  39997  40008  40014  40025  40026  40027  40029  40042  40046  40069  40082  40083  40084  40093  40118  40118  40126  40132  40136  40140  40162  40165  40166  40167  40174  40184  40187  40194  40197  40206  40212  40222  40225  40233  40235  40246  40248  40255  40275  40281  40283  40285  40288  40319  40320  40323  40343  40352  40356  40358  40363  40379  40382  40389  40390  40391  40394  40403  40410  40417  40429  40440  40447  40474  40483  40484  40521  40528  40529  40543  40547  
40548  40555  40558  40571  40587  40588  40594  40595  40597  40602  40619  40621  40623  40638  40639  40649  40656  40669  40674  40676  40707  40737  40745  40749  40764  40784  40787  40789  40795  40807  40822  40828  40850  40857  40858  40879  40907  40907  40924  40931  40934  40938  40938  40947  40949  40958  40997  41007  41012  41035  41048  41048  41069  41120  41120  41126  41130  41132  41153  41154  41166  41194  41217  41225  41225  41248  41256  41259  41277  41289  41289  41295  41299  41310  41315  
41321  41325  41325  41327  41329  41331  41339  41347  41351  41360  41362  41390  41396  41414  41415  41441  41450  41455  41463  41475  41475  41487  41488  41494  41496  41498  41524  41530  41531  41533  41540  41546  41574  41579  41584  41595  41602  41637  41658  41659  41666  41667  41669  41677  41696  41699  41704  41734  41735  41740  41740  41774  41775  41805  41828  41871  41875  41879  41882  41887  41889  41911  41916  41917  41925  41928  41928  41934  41941  41992  41996  41999  41999  42012  42024  
42026  42031  42034  42072  42072  42082  42092  42094  42117  42120  42172  42173  42176  42181  42191  42203  42223  42225  42228  42232  42237  42250  42251  42253  42261  42266  42279  42293  42308  42329  42337  42338  42339  42343  42347  42357  42370  42376  42405  42408  42412  42420  42439  42451  42455  42456  42457  42463  42463  42466  42479  42479  42485  42492  42499  42501  42522  42525  42526  42540  42542  42542  42546  42587  42588  42605  42609  42611  42613  42623  42628  42636  42638  42645  42657  
42665  42669  42672  42679  42681  42685  42696  42706  42707  42756  42781  42784  42789  42801  42803  42850  42860  42861  42868  42869  42885  42887  42890  42906  42929  42929  42930  42936  42954  42975  42993  42999  43007  43009  43016  43025  43033  43036  43049  43086  43101  43103  43120  43138  43142  43145  43153  43157  43158  43160  43161  43171  43193  43201  43203  43204  43224  43226  43229  43239  43242  43260  43265  43266  43271  43276  43281  43282  43296  43305  43306  43322  43325  43332  43343  
43345  43359  43366  43380  43385  43385  43403  43416  43447  43456  43459  43460  43462  43465  43469  43489  43492  43504  43526  43529  43531  43534  43534  43538  43544  43546  43551  43566  43567  43575  43603  43610  43614  43630  43636  43637  43639  43646  43646  43648  43660  43672  43694  43704  43715  43750  43780  43810  43815  43822  43828  43838  43841  43848  43886  43892  43901  43913  43927  43955  43970  43972  43984  43995  44001  44022  44055  44086  44096  44105  44110  44115  44118  44127  44160  
44167  44167  44173  44174  44181  44183  44188  44202  44206  44213  44218  44231  44256  44289  44303  44319  44331  44340  44351  44351  44356  44375  44384  44388  44393  44393  44407  44415  44442  44446  44447  44455  44459  44468  44479  44490  44493  44515  44518  44541  44561  44565  44598  44602  44612  44616  44619  44619  44624  44638  44650  44650  44678  44700  44710  44716  44721  44722  44729  44730  44752  44752  44767  44772  44775  44779  44785  44786  44798  44811  44814  44825  44827  44837  44876  
44881  44889  44894  44912  44914  44933  44942  44954  44967  44972  44984  45006  45017  45019  45023  45027  45033  45035  45055  45059  45065  45074  45079  45085  45085  45093  45098  45099  45101  45126  45128  45147  45162  45178  45183  45185  45190  45196  45200  45204  45205  45216  45228  45234  45240  45251  45252  45260  45273  45281  45282  45298  45303  45325  45329  45335  45335  45341  45349  45350  45353  45363  45364  45371  45374  45376  45380  45380  45395  45417  45417  45417  45420  45425  45434  
45437  45442  45450  45453  45457  45459  45467  45471  45476  45490  45503  45504  45506  45507  45522  45540  45552  45556  45580  45582  45583  45586  45595  45616  45631  45634  45643  45645  45649  45691  45694  45719  45726  45731  45753  45768  45787  45787  45788  45803  45807  45809  45822  45825  45838  45847  45847  45860  45863  45864  45864  45880  45882  45905  45919  45922  45922  45922  45977  45981  45987  45990  46011  46018  46019  46021  46029  46039  46047  46050  46062  46065  46067  46068  46075  
46080  46089  46111  46116  46130  46134  46142  46149  46151  46152  46170  46193  46194  46201  46216  46218  46224  46239  46247  46251  46252  46266  46268  46271  46279  46281  46301  46313  46319  46328  46328  46333  46334  46337  46342  46347  46347  46382  46388  46391  46403  46404  46408  46427  46428  46433  46433  46436  46439  46467  46480  46485  46486  46487  46489  46491  46495  46497  46499  46514  46515  46516  46526  46531  46535  46549  46578  46605  46621  46621  46621  46634  46644  46659  46698  
46705  46719  46723  46725  46729  46740  46748  46749  46757  46760  46762  46766  46771  46802  46808  46814  46817  46820  46827  46842  46875  46880  46881  46885  46885  46903  46907  46914  46918  46925  46936  46943  46943  46944  46951  46971  46983  46987  46993  46993  47003  47005  47012  47013  47013  47031  47039  47058  47065  47071  47083  47097  47099  47099  47107  47114  47116  47122  47124  47124  47132  47138  47146  47152  47153  47157  47165  47166  47173  47181  47186  47187  47188  47190  47192  
47201  47215  47218  47253  47256  47263  47264  47266  47276  47297  47307  47310  47321  47323  47353  47358  47359  47379  47382  47383  47386  47387  47388  47399  47418  47443  47446  47446  47449  47450  47460  47468  47469  47485  47489  47508  47509  47510  47529  47530  47533  47540  47571  47613  47621  47630  47640  47646  47660  47661  47667  47680  47688  47688  47699  47700  47723  47733  47760  47766  47773  47782  47811  47825  47826  47828  47836  47846  47858  47891  47924  47926  47927  47928  47929  
47933  47942  47945  47955  47966  47992  48004  48011  48021  48041  48046  48048  48058  48065  48068  48071  48079  48085  48096  48120  48123  48126  48126  48141  48144  48144  48155  48172  48173  48180  48183  48188  48194  48195  48197  48202  48204  48211  48219  48224  48239  48245  48251  48252  48317  48332  48345  48351  48363  48364  48368  48370  48372  48386  48389  48394  48396  48401  48410  48420  48420  48426  48431  48443  48459  48464  48475  48486  48499  48510  48512  48513  48521  48526  48528  
48551  48558  48579  48581  48588  48590  48597  48613  48616  48621  48627  48639  48652  48661  48665  48666  48684  48691  48706  48721  48724  48774  48775  48776  48778  48796  48804  48811  48847  48849  48850  48865  48870  48886  48898  48905  48951  48952  48974  48982  48996  49040  49040  49051  49063  49071  49071  49075  49090  49092  49101  49107  49107  49113  49128  49133  49147  49158  49178  49179  49181  49184  49187  49195  49196  49212  49217  49218  49230  49246  49247  49264  49265  49269  49295  
49297  49299  49309  49311  49317  49337  49344  49383  49398  49401  49402  49403  49405  49417  49427  49445  49458  49461  49466  49471  49472  49485  49486  49501  49515  49520  49526  49550  49576  49581  49582  49613  49614  49633  49634  49635  49651  49654  49683  49690  49691  49700  49711  49714  49715  49718  49726  49728  49741  49747  49760  49760  49763  49765  49786  49797  49797  49813  49818  49822  49824  49825  49826  49839  49840  49867  49883  49907  49908  49914  49919  49934  49941  49950  49963  
49974  49976  49990  49998  50002  50004  50007  50024  50031  50038  50044  50052  50054  50055  50080  50081  50086  50086  50090  50094  50095  50096  50097  50101  50106  50111  50137  50137  50161  50184  50191  50194  50211  50215  50238  50244  50321  50324  50332  50359  50359  50366  50383  50388  50407  50412  50419  50423  50434  50458  50463  50498  50501  50501  50501  50522  50527  50528  50531  50535  50540  50549  50570  50576  50580  50582  50622  50629  50634  50637  50643  50646  50649  50675  50678  
50681  50683  50684  50699  50723  50728  50729  50742  50742  50766  50767  50768  50774  50776  50785  50798  50798  50805  50815  50834  50844  50846  50858  50864  50876  50883  50906  50914  50921  50929  50930  50931  50947  50972  50975  50977  50982  51001  51003  51007  51023  51062  51076  51077  51087  51092  51114  51115  51126  51130  51137  51138  51149  51167  51172  51173  51182  51194  51210  51210  51226  51228  51234  51253  51253  51254  51255  51261  51265  51287  51295  51298  51303  51312  51318  
51327  51341  51344  51352  51352  51374  51404  51404  51406  51416  51456  51472  51478  51481  51487  51489  51492  51493  51495  51496  51498  51527  51530  51532  51545  51547  51576  51581  51582  51599  51607  51626  51627  51632  51639  51656  51662  51665  51698  51718  51728  51743  51762  51766  51801  51821  51824  51826  51848  51855  51856  51857  51861  51862  51866  51877  51878  51883  51890  51913  51984  51992  51998  51999  52006  52006  52008  52008  52013  52013  52027  52028  52050  52058  52067  
52088  52110  52116  52138  52140  52164  52166  52178  52179  52195  52225  52232  52238  52256  52260  52274  52284  52293  52295  52301  52306  52310  52311  52318  52338  52362  52369  52371  52382  52403  52443  52524  52525  52541  52546  52555  52567  52583  52592  52599  52610  52616  52617  52635  52648  52648  52656  52658  52672  52681  52686  52688  52691  52693  52697  52698  52704  52725  52730  52736  52744  52745  52745  52764  52813  52814  52827  52829  52836  52841  52842  52852  52853  52859  52880  
52926  52930  52935  52939  52944  52953  52961  52989  53005  53008  53033  53036  53064  53067  53079  53080  53109  53129  53147  53159  53163  53164  53166  53170  53172  53176  53183  53187  53206  53210  53211  53219  53224  53231  53269  53270  53273  53329  53341  53345  53348  53357  53366  53392  53398  53400  53417  53432  53448  53450  53458  53461  53474  53475  53476  53476  53486  53487  53491  53498  53505  53515  53521  53521  53531  53536  53613  53617  53630  53641  53650  53655  53659  53677  53678  
53679  53688  53702  53710  53727  53748  53752  53765  53771  53776  53789  53791  53844  53845  53854  53855  53864  53866  53875  53887  53894  53897  53897  53905  53932  53934  53941  53943  53957  53959  53971  53973  53976  53997  54003  54007  54008  54024  54026  54037  54072  54075  54106  54122  54129  54139  54144  54152  54176  54181  54182  54190  54195  54195  54200  54202  54204  54285  54294  54308  54319  54328  54341  54346  54366  54373  54380  54380  54383  54385  54386  54393  54426  54433  54435  
54442  54443  54450  54453  54454  54467  54473  54475  54488  54489  54503  54507  54512  54513  54516  54535  54538  54541  54543  54544  54572  54582  54586  54597  54604  54607  54622  54626  54656  54674  54679  54687  54692  54701  54707  54717  54728  54754  54760  54766  54793  54798  54802  54822  54845  54879  54888  54889  54891  54893  54898  54899  54903  54906  54943  54945  54954  54970  54971  54977  54978  54991  55020  55022  55034  55040  55046  55062  55066  55094  55098  55105  55107  55120  55139  
55141  55149  55161  55166  55196  55204  55209  55212  55223  55237  55240  55243  55257  55259  55264  55278  55294  55301  55311  55320  55326  55340  55351  55363  55363  55367  55371  55381  55383  55384  55387  55390  55401  55405  55409  55411  55414  55433  55436  55461  55462  55468  55479  55484  55497  55497  55503  55509  55514  55514  55518  55568  55572  55595  55596  55621  55623  55627  55630  55641  55641  55643  55643  55647  55651  55657  55673  55706  55709  55712  55742  55752  55754  55760  55767  
55768  55779  55781  55792  55805  55808  55809  55812  55821  55848  55869  55882  55884  55889  55903  55915  55916  55922  55930  55936  55957  55958  55962  55968  55999  56042  56107  56121  56144  56146  56152  56156  56161  56163  56186  56195  56207  56208  56217  56236  56259  56266  56274  56281  56283  56292  56296  56297  56308  56313  56318  56321  56361  56379  56388  56409  56423  56425  56432  56443  56447  56453  56468  56495  56500  56500  56502  56525  56537  56542  56549  56550  56559  56560  56585  
56590  56592  56597  56609  56612  56613  56615  56623  56630  56632  56632  56661  56670  56670  56677  56688  56709  56713  56714  56721  56724  56731  56734  56751  56754  56756  56765  56788  56797  56828  56831  56836  56846  56856  56862  56866  56875  56880  56884  56937  56944  56977  56982  56986  56996  56998  57001  57024  57032  57038  57047  57047  57048  57055  57071  57082  57083  57087  57088  57122  57123  57125  57137  57146  57159  57194  57210  57238  57248  57251  57252  57254  57282  57297  57303  
57309  57349  57354  57360  57374  57381  57386  57396  57427  57427  57430  57437  57438  57439  57457  57458  57491  57518  57535  57538  57540  57549  57550  57554  57560  57570  57570  57579  57589  57592  57617  57630  57631  57678  57681  57691  57696  57696  57699  57701  57712  57712  57724  57732  57734  57758  57773  57824  57825  57830  57832  57841  57865  57886  57901  57905  57909  57914  57921  57922  57925  57949  57950  57963  57964  57979  57982  57986  57989  58001  58010  58014  58014  58027  58048  
58050  58063  58072  58081  58095  58098  58103  58104  58116  58138  58153  58158  58167  58173  58183  58185  58186  58207  58227  58232  58257  58260  58276  58277  58282  58298  58327  58334  58354  58357  58361  58367  58367  58381  58382  58383  58407  58461  58475  58484  58486  58505  58523  58525  58558  58558  58573  58584  58588  58598  58600  58630  58631  58645  58659  58660  58666  58673  58676  58678  58685  58688  58700  58702  58708  58722  58747  58754  58759  58814  58845  58848  58861  58861  58862  
58876  58878  58879  58884  58888  58914  58930  58931  58936  58950  58959  58960  58964  58964  58970  58979  58987  58999  59000  59004  59011  59013  59019  59029  59032  59040  59100  59110  59112  59146  59157  59165  59166  59167  59221  59225  59225  59228  59232  59240  59243  59247  59255  59260  59261  59264  59272  59283  59284  59294  59307  59309  59311  59320  59326  59328  59330  59331  59343  59346  59348  59352  59360  59373  59386  59400  59411  59412  59414  59414  59429  59430  59443  59450  59452  
59462  59466  59468  59471  59474  59480  59483  59499  59501  59504  59504  59509  59517  59520  59525  59531  59535  59536  59536  59538  59543  59551  59563  59565  59577  59580  59587  59591  59594  59610  59611  59616  59618  59620  59620  59626  59630  59645  59654  59662  59662  59668  59679  59679  59681  59698  59703  59709  59725  59729  59733  59739  59743  59750  59755  59756  59781  59795  59801  59808  59808  59811  59835  59836  59843  59868  59871  59875  59881  59902  59929  59929  59938  59939  59942  
59943  59952  59965  59987  60010  60010  60040  60062  60071  60079  60085  60086  60103  60107  60123  60134  60136  60137  60139  60160  60163  60207  60207  60211  60216  60247  60265  60271  60275  60276  60286  60291  60298  60301  60302  60308  60308  60316  60321  60321  60330  60346  60357  60379  60382  60383  60385  60387  60394  60410  60414  60416  60419  60452  60460  60461  60469  60472  60490  60500  60512  60519  60526  60551  60555  60557  60557  60578  60579  60585  60602  60604  60605  60610  60620  
60621  60627  60627  60631  60646  60648  60652  60660  60667  60668  60686  60694  60697  60708  60712  60724  60733  60739  60756  60766  60767  60779  60782  60784  60795  60803  60807  60827  60833  60859  60867  60869  60876  60882  60884  60885  60885  60892  60898  60903  60928  60932  60937  60987  60993  60997  61003  61004  61014  61021  61023  61024  61032  61036  61040  61052  61060  61070  61096  61097  61105  61109  61109  61109  61132  61139  61144  61145  61164  61165  61175  61180  61189  61198  61208  
61220  61220  61222  61223  61231  61235  61242  61244  61250  61259  61267  61283  61302  61312  61326  61338  61343  61351  61356  61378  61384  61393  61403  61420  61426  61429  61443  61447  61447  61447  61447  61448  61462  61479  61494  61510  61511  61516  61524  61556  61579  61590  61600  61606  61637  61643  61647  61650  61651  61665  61669  61672  61700  61701  61719  61721  61745  61755  61759  61777  61777  61780  61783  61785  61786  61802  61813  61816  61819  61830  61839  61855  61869  61880  61884  
61887  61892  61892  61895  61916  61919  61924  61932  61959  61967  61970  61974  61976  61977  61982  61983  61985  61995  62002  62012  62021  62023  62038  62050  62050  62053  62073  62080  62081  62093  62113  62119  62126  62162  62163  62168  62176  62180  62183  62187  62189  62196  62203  62211  62212  62214  62225  62233  62241  62249  62252  62254  62255  62262  62263  62265  62266  62272  62289  62296  62308  62311  62318  62329  62332  62333  62333  62354  62363  62372  62373  62380  62394  62411  62414  
62417  62418  62422  62440  62457  62463  62467  62470  62475  62476  62478  62488  62494  62501  62506  62506  62507  62511  62514  62515  62517  62545  62567  62568  62575  62576  62590  62597  62611  62623  62625  62632  62646  62647  62668  62679  62685  62697  62699  62708  62716  62721  62727  62745  62747  62771  62781  62781  62786  62820  62828  62838  62839  62846  62862  62871  62884  62898  62904  62910  62925  62930  62939  62953  62973  62974  62992  62997  63018  63036  63037  63065  63081  63085  63093  
63107  63122  63146  63151  63152  63156  63159  63167  63167  63183  63198  63202  63229  63234  63239  63248  63258  63295  63297  63314  63329  63404  63431  63433  63451  63473  63480  63492  63515  63520  63523  63533  63535  63536  63549  63551  63565  63567  63586  63588  63606  63610  63619  63623  63649  63658  63660  63670  63674  63686  63695  63720  63730  63770  63772  63778  63794  63798  63801  63806  63808  63809  63809  63854  63882  63888  63892  63899  63912  63914  63921  63926  63927  63932  63935  
63943  63953  63959  63959  63974  63978  63979  63981  63984  63995  63996  64012  64023  64027  64037  64038  64040  64046  64047  64067  64081  64090  64110  64118  64134  64141  64152  64171  64175  64185  64185  64199  64200  64217  64225  64241  64266  64272  64274  64291  64315  64321  64331  64337  64352  64362  64371  64391  64400  64404  64421  64421  64424  64439  64446  64454  64481  64502  64527  64528  64530  64537  64538  64547  64549  64551  64571  64587  64587  64590  64600  64608  64610  64610  64612  
64634  64655  64662  64678  64687  64692  64728  64731  64739  64755  64778  64779  64779  64783  64786  64792  64800  64806  64813  64816  64822  64823  64827  64839  64848  64868  64880  64885  64890  64898  64906  64936  64952  64954  64969  64970  64970  64975  64980  64989  64992  64997  65015  65021  65058  65059  65069  65073  65074  65079  65080  65084  65098  65106  65106  65114  65129  65146  65148  65155  65161  65168  65169  65171  65191  65197  65198  65210  65211  65213  65222  65228  65234  65243  65264  
65268  65275  65277  65284  65296  65299  65321  65331  65335  65338  65350  65351  65368  65386  65404  65405  65406  65409  65427  65436  65438  65450  65453  65476  65491  65492  65505  65506  65522  65522  65542  65568  65575  65576  65577  65583  65597  65597  65598  65600  65613  65618  65623  65642  65644  65645  65657  65657  65682  65684  65686  65694  65703  65731  65738  65744  65748  65749  65764  65767  65769  65777  65780  65784  65791  65799  65805  65807  65811  65817  65834  65835  65835  65841  65848  
65868  65872  65876  65877  65898  65902  65909  65912  65920  65932  65932  65970  65975  65976  65982  65984  65996  65998  66017  66025  66042  66047  66063  66071  66102  66103  66106  66113  66140  66146  66217  66222  66233  66253  66256  66280  66281  66285  66302  66305  66310  66318  66321  66323  66325  66330  66334  66351  66354  66363  66364  66367  66381  66388  66390  66394  66395  66401  66408  66413  66421  66427  66440  66468  66474  66477  66497  66498  66509  66527  66528  66550  66552  66569  66590  
66590  66591  66595  66631  66651  66657  66663  66688  66689  66699  66731  66740  66743  66778  66787  66793  66803  66833  66833  66865  66869  66874  66878  66886  66887  66888  66892  66892  66895  66895  66895  66902  66908  66923  66936  66962  66963  66972  66976  66983  66986  66988  66993  66994  67002  67040  67041  67043  67047  67050  67055  67073  67078  67080  67083  67084  67089  67107  67109  67112  67114  67119  67125  67141  67143  67146  67153  67154  67181  67182  67203  67204  67212  67226  67234  
67254  67281  67281  67294  67299  67306  67309  67324  67324  67326  67361  67367  67367  67369  67376  67378  67397  67399  67407  67413  67437  67453  67459  67487  67494  67504  67512  67531  67536  67557  67558  67564  67565  67570  67572  67577  67580  67594  67594  67597  67603  67611  67622  67641  67648  67649  67650  67657  67660  67684  67722  67728  67735  67736  67738  67742  67752  67760  67762  67779  67780  67780  67781  67797  67805  67806  67817  67834  67858  67863  67865  67868  67872  67891  67894  
67901  67917  67922  67928  67931  67937  67956  67968  67978  67980  67982  67987  67995  67995  68004  68015  68018  68019  68020  68028  68058  68073  68076  68077  68085  68087  68096  68100  68108  68119  68135  68136  68137  68141  68147  68151  68161  68161  68168  68176  68184  68185  68193  68194  68213  68214  68247  68259  68273  68282  68287  68287  68292  68296  68297  68299  68307  68325  68328  68347  68356  68362  68375  68381  68388  68400  68406  68407  68413  68413  68419  68421  68424  68424  68425  
68440  68443  68478  68481  68482  68485  68488  68504  68510  68513  68531  68543  68551  68554  68556  68588  68592  68595  68598  68605  68613  68619  68628  68643  68663  68663  68669  68671  68671  68673  68676  68684  68688  68691  68707  68710  68722  68740  68742  68754  68770  68773  68774  68791  68792  68795  68802  68810  68814  68818  68825  68839  68841  68863  68865  68871  68875  68880  68889  68899  68903  68904  68918  68919  68922  68926  68937  68945  68950  68950  68984  68986  68992  68993  69011  
69017  69036  69043  69050  69055  69061  69078  69078  69080  69090  69093  69095  69121  69124  69127  69139  69141  69146  69161  69204  69206  69209  69221  69225  69235  69240  69244  69257  69262  69274  69281  69283  69287  69305  69317  69327  69332  69332  69368  69374  69381  69382  69390  69402  69404  69415  69416  69418  69427  69429  69437  69441  69441  69456  69469  69470  69470  69490  69495  69511  69516  69518  69526  69564  69567  69572  69576  69596  69612  69614  69620  69624  69625  69639  69648  
69654  69660  69667  69699  69736  69740  69741  69747  69749  69761  69762  69769  69777  69783  69783  69795  69799  69803  69806  69808  69815  69818  69831  69836  69842  69848  69873  69881  69882  69887  69897  69902  69907  69922  69942  69961  69965  69966  69976  69978  69983  69995  70000  70000  70037  70037  70038  70038  70042  70060  70070  70085  70087  70104  70105  70119  70144  70156  70158  70163  70166  70166  70177  70182  70182  70184  70203  70212  70214  70243  70262  70267  70268  70272  70273  
70281  70287  70288  70292  70305  70312  70327  70339  70341  70343  70349  70350  70367  70368  70375  70375  70415  70422  70431  70448  70452  70455  70457  70460  70474  70476  70485  70501  70509  70522  70537  70537  70541  70548  70563  70573  70576  70579  70590  70595  70610  70611  70631  70632  70641  70650  70658  70659  70660  70666  70667  70667  70670  70680  70685  70692  70711  70720  70729  70734  70735  70741  70744  70760  70774  70780  70809  70851  70852  70857  70869  70880  70898  70905  70915  
70916  70921  70928  70931  70933  70946  70946  70953  70978  70994  71048  71054  71074  71079  71103  71116  71120  71137  71153  71168  71177  71177  71178  71231  71240  71251  71269  71270  71274  71288  71291  71307  71318  71321  71328  71339  71349  71357  71391  71395  71397  71401  71430  71449  71460  71460  71474  71515  71523  71525  71539  71556  71557  71569  71571  71578  71607  71611  71615  71625  71633  71641  71643  71647  71676  71679  71695  71704  71710  71712  71731  71731  71733  71743  71752  
71767  71823  71828  71845  71863  71870  71871  71881  71897  71901  71917  71923  71924  71928  71947  71958  71958  71972  71974  71976  71978  71998  72013  72027  72045  72051  72075  72077  72082  72137  72146  72150  72154  72166  72192  72195  72205  72206  72208  72232  72249  72265  72285  72300  72330  72367  72373  72375  72386  72424  72433  72448  72468  72470  72484  72505  72506  72515  72525  72530  72558  72560  72562  72566  72575  72578  72587  72607  72611  72625  72625  72645  72653  72655  72656  
72657  72673  72674  72680  72685  72706  72708  72725  72726  72745  72747  72767  72798  72799  72814  72816  72825  72828  72832  72834  72841  72847  72866  72906  72911  72922  72927  72931  72937  72944  72951  72959  72969  72976  72990  73018  73029  73040  73043  73050  73055  73073  73075  73084  73111  73120  73124  73127  73138  73142  73153  73161  73208  73215  73218  73224  73232  73237  73249  73258  73264  73266  73279  73295  73306  73307  73308  73323  73327  73353  73358  73367  73369  73384  73385  
73391  73393  73405  73420  73461  73468  73471  73479  73480  73481  73485  73504  73510  73511  73514  73537  73548  73551  73560  73560  73575  73589  73593  73593  73594  73607  73614  73624  73650  73680  73694  73702  73703  73709  73714  73716  73716  73717  73720  73734  73754  73755  73758  73759  73770  73776  73799  73805  73805  73812  73814  73819  73819  73822  73823  73825  73831  73834  73835  73842  73850  73859  73861  73863  73881  73898  73917  73923  73924  73927  73929  73930  73930  73940  73951  
73967  73976  73981  74019  74044  74058  74058  74066  74077  74081  74115  74117  74119  74128  74129  74184  74193  74196  74206  74206  74214  74215  74221  74242  74245  74256  74279  74287  74305  74309  74313  74319  74326  74329  74329  74348  74349  74371  74377  74379  74398  74404  74412  74428  74433  74440  74444  74449  74451  74455  74475  74478  74514  74521  74525  74531  74539  74542  74564  74566  74568  74587  74612  74622  74632  74634  74646  74670  74715  74722  74724  74734  74739  74756  74777  
74800  74804  74805  74808  74837  74848  74855  74860  74866  74893  74901  74909  74916  74917  74917  74918  74931  74936  74941  74956  74959  74971  74979  74985  74990  75000  75017  75023  75042  75047  75052  75052  75067  75067  75077  75088  75109  75116  75117  75145  75156  75171  75181  75182  75187  75194  75194  75201  75212  75212  75212  75215  75225  75234  75274  75279  75282  75297  75305  75340  75351  75354  75357  75396  75399  75405  75428  75437  75474  75483  75485  75485  75493  75503  75513  
75545  75552  75553  75562  75572  75574  75579  75583  75601  75603  75623  75627  75645  75645  75646  75647  75674  75675  75686  75696  75708  75717  75721  75723  75725  75731  75741  75770  75786  75797  75805  75816  75823  75833  75836  75850  75875  75878  75882  75907  75914  75914  75918  75918  75934  75957  75957  75963  75967  75979  75983  75999  76000  76010  76016  76021  76023  76042  76077  76078  76085  76086  76102  76102  76102  76122  76123  76127  76129  76131  76148  76149  76153  76162  76166  
76174  76179  76181  76222  76244  76245  76254  76266  76271  76276  76278  76280  76287  76293  76308  76311  76317  76331  76338  76349  76387  76388  76391  76397  76399  76423  76424  76432  76437  76452  76454  76467  76483  76486  76496  76507  76511  76524  76552  76562  76577  76592  76613  76614  76615  76616  76628  76631  76635  76655  76662  76664  76679  76708  76715  76719  76720  76724  76762  76772  76790  76796  76803  76830  76836  76840  76847  76851  76869  76872  76875  76880  76889  76893  76897  
76901  76911  76926  76941  76949  76955  76956  76957  76959  76969  76972  76973  76978  76988  76990  76999  77004  77015  77018  77053  77062  77087  77088  77094  77095  77097  77100  77110  77122  77132  77152  77156  77156  77160  77179  77221  77223  77225  77230  77238  77251  77254  77256  77271  77295  77311  77312  77314  77314  77318  77320  77329  77331  77345  77353  77355  77368  77371  77375  77380  77389  77398  77422  77451  77453  77466  77468  77469  77486  77491  77495  77514  77520  77533  77539  
77557  77559  77564  77585  77586  77589  77606  77608  77615  77627  77628  77629  77634  77635  77648  77674  77695  77705  77714  77721  77724  77727  77737  77739  77741  77747  77762  77765  77767  77772  77774  77774  77785  77820  77831  77838  77842  77847  77857  77872  77895  77897  77903  77921  77928  77933  77935  77937  77943  77947  77950  77960  77972  77974  77981  77999  78003  78012  78012  78030  78044  78047  78048  78066  78071  78072  78081  78084  78085  78093  78103  78107  78115  78117  78124  
78128  78130  78145  78157  78160  78165  78213  78219  78220  78221  78242  78273  78281  78285  78289  78306  78325  78333  78346  78355  78366  78367  78381  78385  78404  78414  78418  78421  78438  78438  78453  78467  78487  78515  78522  78526  78542  78547  78547  78559  78581  78588  78593  78598  78603  78605  78613  78648  78668  78680  78700  78703  78721  78729  78759  78759  78762  78764  78764  78793  78798  78799  78805  78814  78825  78852  78867  78877  78884  78884  78888  78889  78893  78901  78914  
78925  78928  78929  78931  78938  78947  78959  78964  78973  78978  78983  78998  78999  79009  79011  79015  79051  79065  79066  79071  79071  79098  79111  79111  79113  79119  79122  79126  79130  79134  79158  79158  79165  79166  79202  79211  79227  79236  79238  79240  79258  79259  79263  79293  79316  79324  79335  79337  79342  79347  79350  79353  79364  79371  79386  79390  79396  79401  79406  79422  79426  79438  79440  79449  79469  79476  79497  79501  79502  79508  79518  79520  79526  79532  79539  
79559  79569  79600  79602  79606  79631  79631  79640  79648  79674  79684  79693  79695  79697  79717  79725  79730  79733  79754  79781  79782  79790  79801  79811  79814  79823  79824  79844  79866  79884  79886  79887  79888  79904  79908  79923  79929  79930  79943  79957  79972  79974  79976  79977  80002  80014  80015  80070  80076  80086  80090  80103  80104  80130  80142  80143  80151  80171  80180  80189  80190  80192  80204  80210  80216  80216  80218  80228  80248  80254  80257  80258  80277  80297  80306  
80307  80309  80314  80321  80323  80334  80336  80348  80358  80360  80369  80374  80379  80391  80418  80432  80432  80443  80448  80467  80480  80483  80485  80491  80524  80541  80546  80549  80563  80577  80577  80592  80595  80604  80619  80631  80633  80652  80663  80693  80697  80697  80706  80715  80715  80720  80724  80727  80728  80758  80766  80776  80779  80783  80788  80789  80792  80797  80800  80810  80812  80816  80838  80851  80859  80861  80878  80878  80884  80884  80889  80891  80893  80894  80902  
80907  80909  80918  80932  80941  80950  80952  80960  80967  80971  80972  80981  80993  80993  80998  81004  81008  81015  81016  81057  81071  81084  81112  81117  81122  81140  81140  81142  81143  81152  81158  81161  81171  81206  81229  81236  81240  81243  81246  81248  81257  81261  81274  81298  81300  81302  81306  81313  81325  81335  81340  81342  81342  81358  81382  81390  81395  81409  81420  81421  81438  81439  81448  81451  81454  81454  81459  81476  81477  81484  81492  81503  81526  81527  81529  
81537  81537  81539  81539  81549  81555  81570  81576  81576  81581  81595  81607  81612  81623  81651  81660  81685  81690  81703  81709  81740  81751  81753  81761  81762  81775  81777  81793  81808  81831  81832  81838  81839  81846  81856  81864  81872  81892  81910  81942  81945  81946  81965  81971  81975  81982  81999  82018  82024  82029  82033  82041  82084  82084  82086  82090  82104  82144  82148  82151  82152  82166  82176  82178  82201  82212  82226  82240  82259  82278  82286  82289  82327  82347  82350  
82357  82362  82375  82375  82377  82398  82405  82417  82419  82419  82429  82432  82434  82452  82452  82453  82471  82476  82489  82491  82498  82506  82512  82522  82527  82531  82540  82548  82576  82593  82600  82609  82610  82615  82622  82677  82685  82687  82702  82708  82715  82718  82724  82727  82733  82740  82742  82750  82768  82774  82784  82786  82800  82807  82822  82824  82844  82847  82857  82867  82878  82879  82889  82918  82930  82932  82937  82944  82947  82950  82954  82962  82966  82969  82970  
82970  83012  83027  83045  83048  83061  83063  83087  83090  83090  83102  83118  83128  83142  83156  83162  83171  83173  83186  83194  83200  83202  83204  83217  83237  83238  83246  83250  83251  83261  83269  83270  83289  83290  83327  83330  83348  83390  83391  83395  83408  83413  83423  83423  83438  83452  83478  83490  83504  83512  83512  83517  83536  83549  83549  83563  83568  83595  83608  83620  83653  83654  83656  83659  83674  83681  83686  83688  83688  83688  83697  83716  83722  83723  83733  
83738  83762  83769  83787  83791  83804  83807  83811  83812  83814  83825  83825  83836  83838  83844  83846  83868  83874  83877  83881  83888  83903  83903  83921  83933  83937  83990  83990  84008  84009  84025  84032  84053  84055  84073  84078  84082  84092  84098  84131  84139  84139  84145  84174  84174  84180  84196  84198  84203  84204  84215  84216  84223  84224  84239  84265  84267  84268  84270  84283  84287  84291  84305  84319  84319  84324  84332  84341  84342  84344  84374  84389  84390  84399  84409  
84414  84420  84427  84440  84443  84451  84452  84455  84459  84460  84462  84464  84476  84476  84486  84513  84522  84538  84539  84542  84558  84562  84568  84581  84595  84597  84606  84623  84644  84649  84667  84669  84670  84691  84701  84703  84706  84710  84730  84755  84762  84767  84768  84780  84786  84794  84800  84806  84816  84819  84832  84845  84848  84852  84869  84871  84879  84881  84883  84883  84899  84902  84917  84924  84927  84976  84988  84988  84992  84993  84997  84999  85005  85006  85014  
85015  85016  85027  85041  85043  85046  85055  85056  85060  85061  85076  85079  85084  85090  85095  85097  85100  85106  85112  85117  85119  85124  85134  85150  85150  85160  85171  85174  85178  85181  85183  85200  85208  85216  85244  85247  85253  85255  85275  85284  85294  85311  85311  85311  85325  85335  85370  85373  85374  85383  85388  85402  85421  85432  85436  85439  85447  85487  85491  85504  85509  85518  85522  85535  85548  85553  85571  85573  85574  85579  85589  85609  85633  85640  85651  
85662  85666  85693  85696  85697  85723  85724  85728  85735  85770  85776  85783  85786  85788  85806  85819  85834  85838  85842  85851  85874  85881  85897  85898  85912  85912  85923  85937  85953  85959  85966  85968  85969  85975  85983  85989  85993  85999  86009  86012  86015  86021  86024  86058  86086  86088  86092  86096  86097  86124  86133  86133  86136  86136  86137  86138  86163  86173  86173  86195  86209  86223  86226  86240  86246  86247  86247  86252  86257  86259  86260  86262  86265  86270  86293  
86321  86345  86365  86379  86412  86422  86451  86468  86477  86485  86493  86511  86516  86519  86522  86526  86526  86540  86553  86563  86578  86592  86599  86599  86601  86601  86614  86623  86646  86653  86682  86699  86714  86742  86750  86756  86757  86769  86782  86785  86791  86794  86800  86800  86806  86810  86821  86839  86842  86862  86874  86897  86903  86910  86922  86927  86932  86940  86941  86959  86961  86989  87036  87037  87053  87070  87077  87091  87092  87097  87123  87157  87171  87172  87176  
87181  87202  87204  87213  87213  87225  87239  87241  87250  87251  87270  87271  87291  87296  87314  87332  87336  87337  87364  87364  87388  87400  87405  87406  87417  87423  87429  87444  87446  87454  87480  87488  87493  87496  87504  87517  87521  87529  87529  87532  87534  87535  87545  87577  87577  87577  87581  87586  87590  87592  87594  87595  87619  87625  87632  87633  87639  87647  87656  87668  87690  87697  87717  87719  87726  87736  87740  87758  87770  87776  87787  87792  87793  87799  87802  
87804  87805  87805  87810  87813  87815  87815  87817  87817  87823  87835  87849  87850  87854  87866  87874  87886  87887  87892  87924  87956  87961  87984  87986  87989  87990  87995  88001  88002  88013  88028  88030  88035  88047  88056  88069  88085  88095  88105  88111  88113  88132  88143  88149  88152  88157  88161  88163  88168  88186  88191  88195  88201  88206  88212  88217  88218  88225  88237  88237  88238  88241  88243  88256  88261  88269  88270  88271  88277  88282  88309  88310  88315  88320  88321  
88335  88344  88348  88350  88380  88387  88394  88402  88419  88426  88442  88442  88453  88464  88482  88483  88502  88506  88507  88508  88538  88553  88563  88567  88571  88574  88576  88580  88595  88595  88599  88611  88611  88629  88642  88679  88686  88688  88698  88709  88710  88710  88726  88737  88751  88762  88762  88765  88775  88776  88785  88786  88786  88797  88818  88840  88846  88858  88866  88878  88879  88883  88886  88888  88906  88911  88931  88936  88956  88961  88963  88969  88971  88976  88998  
89015  89020  89022  89024  89059  89060  89077  89078  89083  89134  89143  89146  89149  89166  89171  89175  89184  89184  89201  89204  89204  89207  89210  89226  89229  89230  89234  89264  89265  89286  89303  89303  89319  89336  89340  89356  89365  89366  89373  89400  89409  89421  89421  89433  89449  89479  89482  89515  89518  89530  89536  89540  89546  89576  89578  89583  89592  89592  89597  89630  89641  89648  89657  89664  89691  89695  89709  89710  89713  89720  89722  89723  89730  89749  89752  
89761  89762  89765  89768  89769  89781  89787  89798  89815  89838  89843  89845  89849  89855  89866  89887  89893  89896  89903  89913  89913  89945  89952  89964  89975  90041  90045  90057  90058  90076  90089  90094  90096  90097  90123  90128  90128  90163  90174  90178  90178  90180  90197  90203  90204  90213  90220  90226  90233  90240  90244  90255  90259  90260  90262  90269  90275  90276  90286  90297  90304  90311  90314  90316  90316  90320  90326  90328  90343  90386  90388  90394  90407  90409  90424  
90457  90458  90464  90465  90485  90485  90493  90514  90517  90525  90539  90542  90544  90560  90560  90567  90571  90577  90584  90592  90632  90634  90636  90658  90661  90693  90706  90706  90714  90729  90734  90734  90734  90738  90742  90757  90760  90782  90789  90790  90798  90805  90809  90825  90835  90851  90851  90854  90862  90879  90883  90915  90918  90931  90942  90944  90945  90958  90960  90973  90979  90982  90982  90992  90993  91000  91006  91021  91032  91051  91080  91087  91099  91110  91117  
91149  91154  91162  91176  91178  91188  91188  91209  91209  91219  91221  91230  91235  91235  91242  91248  91251  91256  91267  91272  91274  91278  91282  91286  91293  91297  91309  91339  91369  91373  91376  91382  91398  91408  91412  91416  91423  91435  91436  91453  91455  91456  91471  91476  91481  91499  91514  91520  91525  91525  91527  91527  91531  91542  91545  91553  91556  91584  91594  91596  91601  91627  91634  91642  91658  91662  91662  91672  91677  91697  91700  91725  91727  91730  91732  
91732  91743  91757  91780  91792  91836  91886  91898  91921  91942  91948  91948  91955  91956  91980  92003  92007  92017  92043  92045  92059  92061  92064  92073  92085  92090  92115  92124  92133  92161  92172  92176  92185  92194  92207  92220  92227  92230  92239  92250  92268  92270  92278  92287  92289  92305  92322  92323  92323  92351  92351  92351  92381  92393  92402  92409  92414  92419  92424  92427  92427  92430  92446  92446  92455  92470  92480  92521  92536  92538  92544  92576  92586  92605  92611  
92623  92629  92638  92643  92649  92659  92672  92679  92682  92725  92726  92726  92739  92741  92744  92759  92776  92788  92799  92826  92844  92865  92868  92870  92871  92878  92907  92909  92923  92948  92952  92960  92964  92966  92968  92984  93006  93013  93014  93027  93030  93053  93072  93077  93099  93111  93116  93118  93119  93120  93132  93154  93159  93180  93181  93198  93216  93237  93241  93260  93262  93315  93318  93319  93326  93332  93341  93344  93353  93393  93396  93409  93416  93432  93450  
93461  93472  93472  93474  93477  93493  93496  93498  93501  93510  93513  93516  93518  93527  93534  93534  93535  93549  93583  93595  93596  93606  93609  93618  93626  93628  93651  93655  93659  93701  93706  93721  93733  93744  93746  93748  93768  93774  93782  93793  93795  93804  93807  93808  93816  93818  93823  93835  93839  93840  93843  93847  93860  93870  93876  93888  93890  93898  93899  93924  93931  93937  93955  93960  93982  93988  93993  93999  94016  94019  94022  94031  94034  94036  94046  
94067  94076  94091  94099  94103  94106  94113  94119  94123  94129  94135  94139  94155  94155  94165  94177  94186  94189  94216  94216  94255  94264  94270  94272  94274  94276  94276  94299  94308  94337  94338  94339  94361  94371  94397  94403  94413  94458  94472  94486  94520  94524  94527  94541  94548  94550  94553  94554  94554  94558  94568  94573  94602  94608  94609  94625  94635  94635  94647  94656  94679  94681  94684  94685  94695  94697  94700  94717  94733  94735  94739  94743  94770  94798  94799  
94806  94812  94825  94826  94826  94834  94834  94835  94846  94858  94884  94889  94903  94928  94946  94965  94994  95014  95024  95045  95049  95066  95067  95079  95081  95083  95088  95097  95113  95117  95123  95128  95136  95157  95175  95175  95176  95213  95218  95221  95227  95242  95248  95251  95254  95268  95268  95272  95294  95301  95308  95324  95330  95341  95346  95348  95350  95359  95368  95379  95393  95393  95430  95435  95456  95476  95480  95480  95481  95529  95530  95537  95544  95550  95558  
95558  95559  95569  95576  95582  95588  95599  95602  95617  95621  95621  95625  95629  95646  95655  95656  95667  95672  95680  95695  95709  95713  95716  95719  95735  95742  95752  95765  95766  95771  95775  95776  95778  95782  95798  95801  95808  95812  95830  95846  95856  95870  95888  95903  95909  95910  95910  95916  95932  95962  95976  95984  95986  95997  96000  96002  96013  96020  96022  96024  96026  96030  96039  96042  96057  96079  96089  96102  96109  96138  96140  96147  96162  96172  96174  
96189  96194  96196  96199  96208  96212  96217  96243  96243  96252  96255  96262  96272  96295  96295  96298  96303  96309  96310  96311  96315  96334  96345  96346  96362  96364  96365  96369  96377  96390  96420  96429  96432  96432  96435  96463  96479  96492  96501  96511  96542  96555  96564  96577  96594  96621  96624  96637  96649  96672  96681  96687  96701  96713  96714  96738  96742  96761  96763  96778  96778  96788  96803  96805  96815  96818  96820  96829  96831  96837  96845  96873  96886  96896  96940  
96943  96948  96949  96960  96969  96978  96991  96994  97003  97012  97020  97034  97036  97043  97046  97047  97049  97055  97057  97062  97064  97066  97071  97074  97082  97109  97133  97134  97138  97138  97141  97148  97154  97159  97195  97196  97206  97208  97222  97248  97258  97261  97262  97265  97269  97270  97274  97277  97282  97283  97295  97298  97300  97307  97315  97329  97332  97336  97337  97355  97370  97375  97376  97380  97403  97412  97414  97416  97417  97425  97429  97429  97440  97461  97472  
97474  97477  97478  97494  97509  97544  97560  97575  97592  97599  97616  97616  97663  97665  97667  97669  97712  97720  97724  97731  97741  97743  97750  97757  97768  97772  97773  97785  97790  97794  97797  97808  97816  97841  97864  97866  97867  97871  97884  97895  97906  97906  97935  97936  97952  97952  97975  97986  98002  98005  98018  98027  98028  98029  98029  98034  98057  98057  98071  98101  98104  98107  98107  98113  98116  98118  98130  98131  98143  98152  98157  98169  98169  98173  98181  
98182  98182  98192  98199  98211  98232  98245  98254  98273  98279  98299  98310  98314  98326  98343  98351  98362  98363  98366  98392  98392  98416  98434  98441  98443  98452  98462  98467  98469  98479  98481  98481  98481  98514  98516  98525  98533  98539  98541  98542  98550  98573  98598  98628  98628  98628  98640  98663  98676  98676  98679  98681  98693  98701  98703  98722  98747  98748  98753  98766  98775  98777  98797  98812  98841  98856  98879  98881  98893  98897  98898  98902  98911  98913  98915  
98927  98937  98943  98945  98946  98949  98949  98962  98963  98995  99000  99008  99032  99032  99038  99052  99066  99084  99098  99104  99117  99119  99137  99142  99163  99173  99178  99187  99190  99201  99205  99207  99208  99223  99226  99245  99251  99262  99265  99280  99284  99286  99298  99306  99317  99320  99327  99337  99339  99342  99348  99355  99365  99387  99391  99398  99400  99412  99419  99421  99433  99448  99454  99467  99468  99476  99482  99488  99495  99503  99505  99505  99520  99527  99529  
99546  99547  99566  99568  99569  99577  99608  99611  99622  99627  99629  99634  99644  99649  99660  99680  99680  99691  99727  99739  99740  99741  99742  99757  99758  99760  99775  99802  99810  99816  99839  99849  99852  99854  99864  99867  99870  99872  99879  99879  99928  99931  99940  99943  99944  99951  99954  99973  99973  99995  