4234  3494  19647  13729  4230  2158  7430  8065  8563  13939  798  5198  21756  22828  18558  5005  22428  7735  11817  2411  12074  9268  14678  936  9284  504  17034  2501  4821  7314  8876  2083  20154  3894  19751  13004  315  15631  1690  6458  5068  2564  10390  22636  19587  15926  16071  14665  6887  5629  2328  23145  9627  22663  4485  4120  12438  18846  10505  12435  5049  18141  11572  6309  6581  15025  17699  22696  7856  3239  19992  10308  22562  15515  7295  
8311  16973  1354  6649  8284  15360  21290  15055  907  21126  17720  23742  12291  9494  12628  3264  3304  14206  8118  16169  79  10705  11676  20688  17895  12411  10898  20550  1001  1540  74  8265  19404  17963  666  16699  18555  9568  10514  3722  12213  8487  14431  6846  12384  8054  23747  13813  3914  1128  11738  8656  12739  13318  10162  18305  19912  7546  9491  12010  3731  22825  6864  19907  7435  12425  13521  3988  23586  23682  4045  330  17600  13848  18326  
16059  3950  9218  18059  486  3398  8588  5136  12351  10893  16505  16224  16092  19853  4483  7594  17985  979  16672  22647  8348  1393  9240  7201  7782  17574  15001  8158  3379  13978  19248  18709  15484  2247  15958  18299  11356  12110  9916  8067  2060  19846  23242  16348  17905  11788  873  16801  18373  13686  21938  9252  12815  3215  18263  3511  4995  18743  6641  20886  20569  3573  9126  5152  4257  14831  7929  14879  4976  16014  11495  15917  16827  3981  16963  
19399  4781  10008  14686  16785  18898  7866  21669  22522  4158  14658  17491  11087  1691  13350  15000  13659  443  12456  20749  18815  21426  18197  10662  23767  42588  36729  27255  25133  34368  43349  26399  34148  50385  51404  54979  46515  38220  35776  38366  51851  55458  41543  36545  29385  46234  29688  44710  54530  41999  51767  32996  50992  54839  51396  40335  44132  29377  44773  32298  36642  27288  54878  46008  48467  36235  42061  46424  55596  35439  55903  43419  43980  30345  25214  
27414  31615  38552  35816  41134  52601  44220  55947  29907  43751  45434  26569  26202  54766  42262  47411  27999  24939  34801  48039  27354  27044  30903  51580  28172  34565  33775  41963  24516  45010  25382  36296  30046  47004  28226  47279  41363  31525  31585  39852  30994  39524  35074  47206  46725  34154  31756  49332  39956  36048  29699  39520  28922  43840  25880  42857  29283  26912  40171  41252  41211  43010  27211  43757  31305  49388  44218  41345  53070  47594  30724  46622  48889  41374  25282  
26627  51677  50171  55020  37504  28220  37785  47294  35577  40008  42606  33444  46796  38413  44240  31396  54705  38116  36568  50536  32263  50879  40052  36805  45667  51629  42334  28011  48320  26320  42940  45384  35620  46923  33107  31500  51086  48461  38562  24529  26638  46650  39874  40682  38853  38202  32953  42628  52359  50946  39034  31025  55161  54913  52262  48455  33465  53889  42809  46954  36568  26774  31143  54215  40388  26655  28024  42268  44234  55653  41575  27054  55325  35088  38871  
45198  30015  31549  25425  48224  24367  54625  40848  27614  55139  35747  39297  51083  49644  53964  29264  29647  45222  40446  43736  40483  28661  54567  54473  35729  25663  32230  55378  36996  38667  52590  39635  40823  54203  37872  47312  32943  48230  49746  55345  54153  27487  47041  43515  35202  25766  38841  55073  34044  31786  26029  36462  32825  44801  54274  26056  50988  41074  43575  25542  45162  45738  39965  24198  41902  54378  43080  24990  48062  29274  35903  33286  50831  39555  44173  
54862  51037  27260  42726  44634  24699  44849  50689  42435  53249  42862  54287  24435  30330  27980  44674  26567  45855  48034  55997  77993  83200  76692  75935  67552  79874  90278  80039  70856  69621  74359  70527  74452  79926  99743  78121  61558  65518  75393  81978  80720  92663  56598  67215  61879  77481  75532  93160  60869  93705  72064  99654  74705  98438  79294  87232  91163  73364  62397  74224  95821  96328  89779  92251  95537  90694  67975  99155  99206  82743  97200  87523  64361  69345  80685  
70482  97800  87781  77351  57623  80603  82208  67739  65044  67604  83805  86461  64994  77306  68023  96425  63275  91753  90824  79434  78140  71570  56561  70078  77418  69082  64909  63770  85899  57603  68780  96279  65028  65992  83825  69387  75218  60890  62786  89796  68391  70071  68239  93760  89044  71294  95790  71155  91721  73244  62620  57598  72944  73735  65510  73874  88087  58560  80380  81454  85313  59427  71464  64618  65569  60787  76533  81423  78698  62107  97207  81701  76456  69921  66044  
76645  95900  62960  67014  91677  82967  60178  99215  69679  59400  98206  84407  69349  80327  64632  61902  97130  80156  70516  57716  64001  62517  75562  77776  57375  78341  70714  63120  82004  61930  76312  77035  63593  71924  86718  95651  70405  69324  75579  65658  96634  74322  62889  91052  93619  98627  70668  81514  92686  79924  84291  96048  82744  74887  64200  67259  62950  97476  71261  67049  65631  91988  78345  81194  67186  74234  63905  97375  91890  62507  72017  81103  68024  61939  85123  
83049  59604  78422  62554  89675  80489  97458  97842  97594  98284  85761  58514  73680  79625  61432  78593  82944  67680  95382  72227  73413  56062  73958  80756  84113  66463  64621  60351  91511  79703  65304  79394  72711  79648  98424  90543  66790  70986  78999  96754  98374  96449  95012  95272  83907  70757  61294  59892  65320  58342  81193  93524  80076  59707  71425  59303  78018  84926  71582  89926  80284  95866  75352  76270  76880  62615  81611  77728  97936  63033  84847  59340  82696  82031  69991  
65885  87808  69319  64244  92293  63526  87295  97842  91548  58611  76571  60484  60787  66400  68744  83815  82822  82441  82618  85222  93190  58862  92675  79581  76035  79469  63048  68681  96870  74267  62320  79994  60844  99114  73240  59462  60782  57718  82576  74950  90687  77761  62029  85640  80823  62900  96777  98973  88606  80716  92275  89352  59234  68759  96037  81152  83069  58844  68049  85978  61423  57052  73940  75714  82794  60141  58881  60460  70621  59423  66098  59125  95579  92613  69544  
86055  81810  93780  75679  77864  58305  57514  99176  87409  90320  91221  63088  63725  79251  61589  67328  89877  65380  98839  80106  72752  72660  90597  67593  71480  57864  61497  59926  64382  96320  74254  98835  75109  66047  76186  56121  93870  68682  86232  63132  60922  81257  87724  58094  76220  71310  95084  99522  70887  81992  67139  95298  81706  63811  67096  98944  71849  74607  69520  99021  56972  70086  73695  88930  68051  96777  65682  74687  92536  92177  99452  81611  92018  97183  81686  
77282  93134  63968  71791  65536  71778  56767  86136  80050  84978  93879  78462  56402  58409  62184  93882  56632  63518  58006  78487  64541  62198  73365  69623  60642  