5151  15580  13356  10791  4840  5128  16702  15455  10928  8273  7383  7841  14404  13648  12602  3174  7142  11339  9235  6818  15293  10659  11879  1105  16040  5971  6517  11439  6859  1492  5469  6393  16430  15298  8108  3587  2411  13914  6687  1042  3875  12628  12160  150  15326  128  16168  12766  14628  11080  16396  7582  3634  9991  9099  4790  13040  12168  9390  5077  2393  7653  9144  15423  13151  2280  11923  1727  13185  11934  16200  957  6961  4310  4606  
10348  8378  162  3685  4912  9032  3575  14378  4536  12002  4924  14604  3597  10669  6683  10897  11088  8984  451  7322  3539  1247  9506  7897  9886  7820  2979  5426  4034  6300  1367  10728  4504  4335  11930  8405  1244  14835  16214  11981  2961  2662  4871  16377  10151  6731  6477  10296  1584  16809  11025  1607  4139  14784  11881  16950  3225  8257  544  6237  1099  4138  11903  11970  16781  7120  11742  12300  6544  12168  14426  2498  8479  4450  3592  
911  5809  8453  8828  11981  14273  7204  11909  1740  13437  2367  715  4652  1282  12717  5157  15718  8385  13040  14892  12360  10043  9052  903  15023  5536  881  7139  3634  6190  8410  8831  5135  2154  8714  217  4917  3449  8727  2692  9111  529  16305  1124  12217  1455  5142  4399  3150  950  12188  6164  7165  5764  8687  15810  11275  14750  4099  2721  11212  4307  16061  11867  1594  11756  16808  8759  8074  13406  6173  8251  5157  16645  8638  
6197  6768  15074  7210  2597  13986  4365  12001  14549  6085  1150  8770  11546  13546  4102  1526  13675  7950  315  13953  13692  3544  4223  5354  1025  1182  12917  10660  6255  16883  12022  5599  6704  16994  13416  12605  4447  897  5923  12492  7420  15274  10293  6846  154  11484  880  12795  2329  13215  4273  7918  850  2761  649  8239  16878  3565  9928  10865  13441  13085  11740  5114  8977  8916  11067  14636  10304  864  7606  11009  10475  5374  15521  
5489  6117  10961  10424  14398  11942  12950  3062  14924  6991  10626  11993  279  4432  5533  3442  3996  5656  8530  11455  3118  8989  2734  16630  13134  11627  8211  7702  9807  7685  16504  5975  4588  1516  4917  4530  15660  12723  1016  5331  6654  1045  4340  16609  4464  13354  10954  13811  6823  12132  2420  13217  2074  475  10071  2752  882  12547  5352  13880  5860  15720  14767  3624  8346  9238  7083  6481  2141  3311  10945  15496  4106  15577  6426  
9646  124  11779  575  2082  5360  6793  4237  5358  6622  4973  5107  2127  12128  14091  1986  4163  8984  9198  11471  1528  3328  2432  929  5046  8664  8055  10942  3556  2093  7427  5946  4494  9874  8047  6455  3486  11066  3802  747  15075  6290  17017  5261  5708  13543  4937  3283  5073  15254  7684  11829  3306  9366  1059  2642  10638  5515  13898  9845  3152  4397  11052  9579  13970  4013  6103  4792  15511  5716  9012  3662  7662  6315  7182  
13717  11026  9379  4563  13861  9734  9322  7192  13244  2766  1662  9723  12281  3158  7117  8332  14137  12267  3101  1948  15212  11784  499  3181  6378  8248  16786  7703  5746  1592  3422  13374  3522  1871  5187  12009  12178  1650  13378  7146  2962  11310  8785  16209  3027  14668  13584  6284  1684  427  16945  12799  6028  8875  8341  15297  9442  9945  7526  5893  3337  11443  14101  8217  4092  2210  14354  13511  9024  2278  3400  13747  13785  16541  16879  
4504  12350  1838  2745  4930  10394  10935  3330  6423  4411  14920  3707  9841  16166  10202  5179  10045  13618  10474  9672  5667  4314  15143  3780  7745  5722  7104  10631  4170  2595  9503  325  10035  1819  11195  11389  2743  15356  10107  5102  4648  6860  466  3174  1080  1594  2571  1418  13877  6238  651  11996  10926  13535  6517  15932  16434  1020  2103  645  13217  10127  2720  11838  7234  9009  10043  145  13804  3426  4901  4847  13559  3608  4501  
9120  13364  7575  4330  16820  15947  2016  6231  2434  13644  16222  13156  4391  15472  3593  468  9818  13069  16793  16526  15637  4635  15254  9887  6337  5623  13320  5967  12994  11415  9046  16030  5809  13671  4640  17058  13242  12224  13757  7362  5221  8678  16288  15269  2879  12208  7694  16663  10806  11482  12349  767  1505  9404  5259  12221  4718  13943  295  15478  1114  16432  7380  13111  12017  14994  6367  3431  12727  6540  9193  8486  284  1909  7495  
10009  13545  3009  15222  15522  5622  15858  3491  1211  7005  4372  14731  10917  9367  3926  7106  15897  9869  16350  16765  8919  6632  8196  1721  10958  8408  8696  3569  16124  16616  11760  12906  7691  14820  15729  12696  1664  7949  16678  11435  8572  14178  8734  8129  7438  14414  245  12986  2389  6830  15611  5658  2703  3079  1872  11465  6974  5217  3134  2027  396  1899  8304  3817  12633  3259  11153  13248  15196  15783  8686  5844  2849  11813  11717  
15673  8605  13864  15623  3955  6829  12725  4684  14320  3854  6322  8484  10715  3297  15301  5050  2118  2236  10834  13839  14205  14810  888  13536  11763  7863  13203  14871  10508  15736  14593  10433  14907  7799  8450  10688  7293  10181  8676  15366  15015  7401  3843  9558  15520  12660  1994  15047  15482  4593  4956  7721  9135  10727  9576  2248  8989  12852  5137  3536  14436  3332  14125  12762  3443  5502  330  14575  4354  14793  367  15033  10262  775  277  
8795  12838  16701  6487  15860  7583  15844  10899  13197  16563  39  3855  17013  13007  4481  13111  2934  41  2486  6847  12810  663  1433  1018  10983  15445  5856  5205  9167  6478  16140  6121  10403  2599  10292  12715  5879  3218  1632  7328  4423  13739  12331  3460  6026  10516  6136  9565  12152  9052  16873  11942  12574  4228  16153  12570  13143  2374  5967  15498  3475  3865  13223  16662  10291  1780  1447  3161  6488  10819  12857  10521  13045  9072  11711  
7031  6521  16235  13657  7635  5936  15981  4271  7234  16937  9245  6813  15944  12550  4193  15533  12058  13415  13369  330  12426  5512  3062  6311  15941  8493  980  15927  465  14127  6781  4933  4356  145  11961  8010  8929  5023  8391  14310  3707  1076  16702  1174  2066  12915  2285  15153  1622  1779  9600  6631  6933  12375  8626  4326  13365  13117  6537  1876  10754  49  8619  9219  13565  12398  11171  7523  4889  2571  12774  16013  7857  2183  5605  
10258  625  8776  15601  5010  2448  2787  3526  12220  5763  7241  13321  1132  690  6038  3501  5667  5175  2737  2479  5582  11319  11625  1380  3413  4304  15320  11690  5834  8624  8325  14168  13154  3541  2673  8788  9807  13921  16189  15701  16961  15407  4276  14120  16370  7150  16047  9573  16682  2123  8920  6999  6347  10607  14424  12329  6346  6980  442  9699  16101  149  10129  7947  16919  3302  12003  10809  7003  17093  8921  4874  9150  7703  16405  
7378  12547  14540  1173  5967  9746  4871  9188  7870  659  7425  8111  16201  1612  12695  14483  5975  7906  6073  6059  8196  4210  15700  10910  3235  4768  12865  2928  14650  12936  12661  931  2728  8309  15253  13204  16961  14208  14123  11993  12528  12127  1214  10796  13229  4589  8024  13266  6861  2028  6981  14726  7187  5106  481  14754  5099  16060  8612  1027  2448  9754  5707  14710  8276  2431  8819  10197  1668  10518  1014  9543  3866  10100  5758  
4648  15403  8155  4421  11707  312  11801  13768  8167  3737  12007  10128  10542  14131  6394  4569  9676  4889  13739  13174  8484  12705  13075  13081  3523  14000  12950  9247  698  13813  8847  10405  11516  6705  4037  10149  14493  7477  5354  9272  5288  9979  10374  13108  14156  4519  3129  16398  6898  3188  7660  1987  2495  1020  6682  8261  6149  1854  318  15769  14637  2681  16224  5878  14070  1642  6517  15096  9999  14936  15613  5120  15146  13889  3028  
10147  5683  7652  3543  6548  8022  8226  7026  7400  9096  7355  5236  5813  2596  260  13180  14333  5867  11265  13087  6736  6770  11460  4087  8055  11326  6003  16966  2246  4441  14272  12285  10883  16255  9156  7348  940  6914  8472  16000  13680  6284  9315  7376  9534  7063  6747  4894  1628  13129  8726  10750  15086  12604  167  1145  488  12487  1779  15684  9723  2714  14118  10350  15989  11203  2813  4416  10748  14799  12465  2169  5274  4952  16040  
10601  12696  11519  5158  11593  5508  16113  8184  13474  12133  14731  11730  781  6327  11779  3158  15055  14763  11757  1183  15364  9332  11094  14117  12805  8123  10359  3439  14203  8885  4004  14783  3851  924  5109  10690  16111  2100  1008  6009  6648  8143  16948  14756  13469  16092  10527  8443  1626  12987  12313  3338  2047  10175  11451  522  8305  15386  13466  13254  2668  14430  2260  14167  11715  3220  8118  15031  15904  6378  9835  6013  2694  11756  7135  
7048  846  143  2832  10924  4542  12122  12284  2362  12645  7420  4889  9914  10070  1453  16287  816  84  14130  2681  6512  2345  2536  3891  15334  13601  2493  11029  480  14451  5584  16993  10936  15769  16379  34  6041  7013  15170  8529  3240  2331  5763  539  6891  15734  3578  3971  13715  10580  5046  1781  14929  15349  9795  10579  13351  3833  7169  9929  15587  12663  654  11814  9274  3213  3029  17027  15949  14407  14955  3549  16153  7456  14655  
10805  9779  1271  9894  15422  13888  6891  1628  4710  4869  8112  2096  7598  1146  12798  16177  14796  16330  2005  5062  7068  14851  3316  10497  8610  16978  7148  14371  10082  769  7887  11547  13038  3581  12148  3061  2931  11035  4326  8936  15710  7659  11413  260  2223  2943  12562  17097  4204  8573  8299  5340  11181  7369  16577  7619  2897  1831  3877  13448  13093  134  9699  12088  16743  12314  11375  1582  12724  9318  4388  5609  13675  7759  5751  
13096  15022  7722  12511  11822  10080  1597  452  1523  8828  9715  14838  12610  8759  14877  10004  3546  6780  9921  12334  11777  3251  14822  9709  12916  8590  14111  11408  16043  8839  12973  1169  14152  15841  4736  3218  6454  14342  15712  6560  10274  7302  6115  6343  4161  6181  5488  865  15850  9727  16010  7290  4897  6006  17054  9598  10130  7863  13882  11161  12958  16147  7493  14448  15818  14321  15052  9790  9407  2504  13552  15457  7394  372  2454  
4225  8655  12091  9780  5956  7500  11549  2282  4164  11535  529  16738  8885  8980  14879  11016  4401  3030  16907  13745  2000  9445  13432  14002  13388  8033  16416  14837  1225  114  2509  7748  10272  6164  12516  12806  2340  15737  11775  10172  14993  16474  16083  8985  1872  5043  12913  15441  13114  4204  6251  651  7170  11279  1317  10901  12955  10118  16912  2355  6124  12642  15583  3993  4030  9127  14887  8231  11565  16873  7550  1787  5449  14063  11205  
15036  1234  8547  14081  12101  13504  13662  16018  15804  8244  4386  533  15886  6844  15922  3813  13786  14146  2656  13404  919  13424  5273  15068  13081  13405  3836  16706  16975  10669  7311  5149  7914  11349  14198  3741  11593  16136  17010  6241  14060  15638  2169  4955  6877  8301  14857  16181  4335  7659  12729  2669  3563  5957  5381  14306  15089  12969  14629  1526  13487  3358  5700  1827  1056  13559  8467  13065  9055  5577  5691  9045  11991  9490  14867  
11472  10860  16340  1076  15173  103  4905  12220  8076  15911  3757  7888  16334  10836  14660  8793  1745  16985  2375  13978  2831  12720  4061  3990  15705  3175  6201  4643  7623  11876  972  7743  1717  7304  6908  11618  4351  2729  9862  12127  13508  3724  6482  15232  9206  1105  4614  6268  12992  16017  12677  14458  917  15669  5274  10212  8720  8418  3754  7683  7324  13825  14169  17036  14400  8116  5003  9444  6091  11125  16434  1199  7677  8695  11444  
10872  1249  6596  13988  10734  5429  16865  9670  3558  5640  7952  5974  9741  9885  4664  332  9339  14982  11933  12624  8199  1760  173  15469  3072  903  7289  11778  3062  15151  16756  4268  12933  4645  6226  14239  15606  5176  14814  8108  679  5876  10359  10090  11143  3638  1829  13949  12034  15184  6538  16528  6956  10512  15847  6950  14579  8200  1840  5851  13886  10349  9065  16817  9999  16468  5371  8174  14797  6225  8776  14413  3246  13020  9554  
10669  15924  14923  16598  11232  11688  4250  717  9666  9151  5849  10776  8582  13317  10167  3963  7782  12251  5184  8312  13330  1832  2865  6738  3411  14137  2134  11440  4808  11967  1261  1230  4730  7785  11098  16759  10736  7403  12143  10361  12470  2989  9732  10654  13086  14900  11403  10596  5274  13329  4683  785  4421  7368  4355  16577  5015  4158  7310  9363  2826  6664  4819  13504  5193  11837  4650  2319  3484  1826  11521  17105  24380  21347  22276  
25248  24102  29255  22325  23161  29351  30380  33203  27132  33110  19735  26673  26905  17815  27796  32261  24276  18748  22358  24983  25805  20201  30259  25467  28299  24895  18927  23027  33221  25215  18846  22462  22312  18415  32260  29847  26242  20731  22664  23132  26418  19910  32773  29761  28607  19814  24401  25087  29911  17395  19830  30129  27880  26144  23590  17998  18871  17689  24221  21714  27647  27016  22477  24811  29494  20037  17515  27116  18251  18357  20604  26112  28287  19800  32319  
18650  30357  20702  32734  17348  32988  22770  18748  30785  18123  29682  20065  21001  23063  19599  24537  30468  25337  19948  28067  29269  25292  23299  25227  22505  30565  22785  21136  25076  33121  19678  28601  17527  19645  20549  31608  28348  25163  20877  25156  25361  29380  29162  21130  29201  25484  22346  32140  23383  17989  29283  20726  20448  29824  32550  23134  28774  24873  32198  17242  23022  28570  31449  23832  26581  19262  18004  32373  31081  23519  20438  21215  21914  17693  32437  
18290  22268  23368  27920  23152  32581  23134  19274  27080  20959  26233  27093  17509  32638  29295  22063  18115  31494  24946  22875  33222  33599  21071  22522  25954  33016  17320  32724  24134  18446  29735  27511  20588  23277  29361  19070  27603  17129  29499  32291  33078  22095  18907  17298  23635  23717  18100  23813  24798  28207  22987  24211  20396  19201  24370  28366  18620  28591  22663  21376  19757  21132  22952  27022  19647  28380  19881  22062  26961  31713  25171  30923  30317  30527  24326  
25873  18243  31825  31547  27808  22478  20048  26171  31762  19179  26907  22321  26310  30655  31063  25912  25682  26543  17466  30913  24306  31075  24402  29761  26657  18418  21053  20615  24090  22094  17509  21651  30285  19652  21359  24740  29161  23879  19943  17205  21331  26367  18763  20390  22089  32558  33062  18920  31033  25009  27573  24576  17835  26910  29401  17444  19119  23990  29441  19428  20635  29891  28401  17492  30660  19623  19081  32545  30876  18456  27018  25933  19574  26721  28838  
22259  32291  27416  23368  18448  21558  26497  19388  25278  27239  31946  25821  27771  30572  21251  20155  19253  17445  28403  21642  24887  21471  24876  27771  31347  23883  24452  17916  32278  32491  27507  18956  32828  25494  22863  19673  30724  31369  31669  18054  25779  33463  26460  31369  24298  17880  21580  24511  24347  32326  26976  32769  23128  22120  22953  31438  27729  22046  21920  28487  21271  33063  32301  29121  22053  30753  25241  30526  26792  25382  25363  31756  32197  19982  21811  
27784  31535  31145  25580  21240  30275  32162  24944  26036  32556  19237  19745  28820  26755  18339  33168  28089  33219  19416  18706  19537  20263  31988  17296  31702  26872  25381  31634  29086  18020  29433  20311  33255  31602  30314  27692  32230  19019  17953  22239  18836  29818  31146  19356  20127  22674  30751  27582  23451  17394  31985  30775  20971  23327  30983  28629  21323  29470  18210  33402  33271  22758  30711  26674  27074  24571  30356  31250  25182  22628  27456  24542  32308  28306  20208  
23425  32475  26325  18245  19939  25144  26440  25737  32853  26161  26409  29531  29824  19512  27000  32942  33068  25217  22628  20310  27455  28008  19451  22717  23816  21575  26672  28771  27182  33562  18632  18609  20215  20366  30961  17518  23760  27168  18834  22318  20621  25914  23238  18152  18216  32412  26336  21912  31397  29829  19789  20256  28509  27061  26770  30759  27028  25996  26277  26841  24422  19774  31857  17685  28770  22017  23697  17707  30971  28484  32098  27075  19814  24213  33182  
30454  21018  20765  31387  32204  25201  18518  28864  17466  22879  19720  25585  20606  28082  19318  27527  20199  26835  25097  19013  17499  32069  17579  31050  28541  30297  30282  27213  23669  17970  29575  30398  22452  22306  20719  25331  26827  32611  25328  17508  19590  26057  22966  29257  23694  29490  17727  29804  31146  22511  25778  24950  23904  32973  24040  31629  27349  18433  26416  30147  26370  24659  17778  25172  17795  24250  21714  29321  27686  23734  18128  24388  17488  31904  25655  
20648  19070  17607  29780  22692  22124  19892  32849  29439  32851  22967  31781  27860  21092  17416  27592  31077  22130  31301  27066  18700  25283  26742  18407  32705  30797  25765  27377  31570  32601  17305  17373  26888  25291  19073  23306  23569  30319  29194  24911  18545  21165  23198  20876  30858  27014  33475  19831  23942  19885  23348  17263  29363  26122  29211  25353  26731  22833  18577  28894  19054  33491  28350  19112  23724  29780  24514  22596  27983  31215  22270  22547  28615  20124  27875  
30917  25799  28851  21425  19125  20578  21429  28328  23713  18659  24254  21477  18150  30469  33135  22772  19114  26727  32901  26563  20318  28091  32282  22577  18107  27895  29748  24627  25944  20263  18112  17401  22836  33299  22390  25274  20173  29028  29730  29162  20619  28171  23629  28847  20394  19926  27009  23141  22317  27437  24211  30682  22621  20879  32250  21742  32625  25874  28206  22076  33319  20889  33415  18758  22987  31105  31266  32964  24012  22637  18551  28930  31667  24535  18748  
32673  20801  17506  27013  23555  29860  25014  25505  28261  30077  17343  25174  21789  19982  22276  32354  26994  32798  32267  26191  30984  29173  25554  18314  17761  24653  33522  33530  19072  27945  21434  28209  23175  25075  20429  31285  30048  18880  25489  21444  21253  27107  17778  27112  27874  17348  17994  29782  32654  22681  27449  32521  29834  21494  22234  29339  22905  20819  32352  29924  27117  28181  28933  30003  31040  23197  30496  21193  18666  29553  24557  24226  21122  25811  18581  
30075  22829  18466  29576  27772  18430  25307  27101  30918  29387  31071  32471  31831  17787  29604  27007  32300  21085  17754  28718  23799  22057  20491  24326  30469  26333  20920  17473  27437  20305  23307  32787  31809  17255  32464  26446  28865  19246  28459  23037  20000  31034  24840  17151  30128  24843  29706  30635  24653  33138  31609  22529  28140  29483  22604  32002  30892  24614  18019  32774  30705  29365  28621  23337  32193  19738  17875  28488  33057  26335  17885  29861  31437  22281  28899  
17569  27705  21948  17983  19464  24114  24769  33582  18121  26661  30053  30769  26420  31973  30657  29411  30891  28776  23798  18968  29727  17964  32298  27112  23518  31095  17208  28937  31576  20818  22476  31415  19266  32272  18201  24959  33103  27147  29734  21654  28258  31548  30393  18745  28215  19507  25413  24793  27109  20158  29500  20485  30610  29957  24168  26259  25083  28956  22891  26971  29453  27368  21841  19491  20331  17689  30175  19230  24444  18691  18215  22400  33559  17234  30124  
25456  27929  32272  29487  33485  19250  18958  30879  19828  19386  25162  29505  18482  17487  27121  30674  17991  27030  28586  32844  29861  24862  32016  20744  27887  19031  32655  22024  22374  22252  18864  24802  27099  22870  24798  28180  19841  24670  26918  20126  33514  32401  30698  27987  29550  19470  21045  26237  22077  27308  26164  25552  29373  30913  23718  22753  21133  20077  17425  30004  20730  32559  24950  24080  25017  21415  28239  21757  30435  24720  30954  18752  30126  28806  22704  
28828  19791  31739  25865  23672  31252  17189  32476  23763  30382  32135  17658  18490  22776  19060  20981  25563  21097  20073  20712  25116  21285  30276  17270  21427  22165  21835  24513  31401  30068  28721  25451  26583  23617  18673  33347  31603  21183  32179  32696  22809  29292  31004  24754  17555  31341  24526  23561  29805  23680  30687  19725  20061  21281  20473  33113  22673  24009  29471  23430  29855  27520  26139  17710  19521  21154  30283  17500  19008  29783  30412  29530  27491  32209  18551  
20231  17126  22142  19889  18786  18940  27190  17946  27746  27843  17805  27035  18137  20117  27188  23439  20328  26339  20702  18360  31598  31791  28431  20925  26592  22672  30834  27796  32044  26182  27053  21666  28977  19290  18384  32560  28259  29631  24781  28894  22771  23321  19178  25729  21603  24173  29543  29379  28459  22989  27224  20747  29116  29224  27075  22990  17108  18270  28488  19307  19636  33444  32961  30679  18668  20400  20189  28727  25663  27620  25600  19556  33296  32876  27987  
29593  19997  20135  24760  17867  28034  29423  31034  23016  27739  30377  29264  31811  23846  31262  19724  28735  32311  28413  20705  22040  24971  30105  19505  19094  31516  22479  25597  22596  30974  29136  23410  21839  22856  20112  30704  32228  20037  23729  22477  25119  20293  31215  32467  32155  19974  19073  29525  17360  25980  24903  18945  21755  26099  24233  26276  22021  33361  18313  31373  20378  20067  31306  33208  17918  24765  30321  28565  29052  29960  25466  20199  23478  17164  24947  
28432  21642  30673  27276  17282  28172  23405  18340  19502  23344  29233  21681  19587  25804  31799  21230  19933  23027  30763  21912  28940  31886  26399  32079  17170  27089  21261  27295  25584  28744  18019  29437  25567  30556  23059  24801  22730  32000  18937  26827  22271  22123  31819  19760  32947  28015  31252  23362  30701  19541  21773  18348  21845  30016  21770  21450  28337  26330  17660  20043  17650  30676  23087  22369  20603  20969  21658  32930  22568  20384  19078  29905  21467  29619  26400  
24146  23660  23500  30888  25216  26278  25908  23676  22074  24888  23159  17726  24236  19574  28123  18013  31641  25517  20795  17703  28139  26036  18047  18505  21645  19081  20884  23007  22958  32014  24392  22577  33346  22827  33201  33579  23884  17959  19292  30032  33202  22138  20836  30381  19817  27404  27921  23664  19721  17648  24051  18655  23265  32439  21755  30079  25435  31970  17696  18988  22777  29795  29719  32700  19680  17443  17492  26814  30555  19541  31884  18333  17126  28196  22483  
17608  27876  22115  17155  27267  30182  28829  21868  22223  20553  17805  30212  26345  27844  25638  22279  30037  23912  31766  22534  17232  27595  19940  19089  18638  32508  27311  23405  31203  30097  28953  21712  18761  17447  25149  26842  25336  18749  30961  26713  32882  24161  33468  27938  30833  32826  19274  32405  19042  21597  25142  29219  17402  23970  25016  22193  28735  25822  33526  26732  32209  20030  32371  28212  19938  22102  21560  25701  33456  27585  27336  19257  27407  25511  27726  
27681  24014  31672  32011  33200  23670  17700  32464  32656  22553  27142  28265  24347  26780  28870  33141  27868  24239  23555  23547  30673  19442  31744  24242  28304  25730  30971  28693  25039  32907  27538  32934  30430  18636  32006  17153  32756  19273  30145  23521  27084  28066  30120  24792  23347  22740  18878  28396  29255  26222  23094  17960  28165  24781  25076  21646  25397  20157  17774  17347  31306  25118  27524  27070  20699  18127  30491  26765  32170  17769  32621  21054  22760  22794  32216  
22108  28232  17802  32046  30767  18425  32358  22730  24036  27736  31102  23075  24974  22713  24573  25171  29434  31049  18270  26431  28779  21646  18220  17216  29720  17982  17754  28345  32621  26772  32802  18797  17377  17369  32241  23161  29536  24048  29360  33196  24235  26305  17551  22208  26856  19574  18585  20088  25657  31895  32168  31878  22134  24559  26511  17483  31334  22618  19432  24229  32484  23381  31113  19320  21865  29186  23277  28661  19720  17331  18789  18828  29384  26836  32267  
32944  17400  33109  30133  33401  18794  29459  31035  24981  18129  30122  33432  30506  22102  26804  19560  23675  29571  22757  23048  29125  21370  18554  18643  31717  23361  20257  25530  29627  27013  31213  25293  22335  18080  32966  27813  22281  19952  22565  26723  29160  30241  24801  28314  31437  25030  23109  26587  32917  26150  18547  31500  33081  25846  27720  19810  21266  22718  21944  25553  27621  28795  33425  32491  27610  27091  23384  27152  31193  33083  22025  21871  29408  20524  20569  
22523  24730  23100  32106  19937  23599  17814  30846  18148  20891  30053  22525  18342  23031  17146  20261  22214  30983  23683  30121  19129  29223  20602  26008  22753  20672  23425  30467  18482  21600  33594  32144  33432  29631  21659  25853  32863  17270  27406  19875  21485  27672  31084  28966  20917  20000  24157  22279  19808  25439  25515  32098  32379  18650  31311  26519  19648  23364  28411  24832  31876  26889  18316  25449  31242  21760  32081  25663  19182  26923  23120  25950  23165  31678  24199  
32394  22147  29100  18576  27339  31359  19168  21716  31780  19808  18986  29003  28456  30803  33607  90187  74098  72747  94692  73680  54588  81428  38596  62650  99196  58674  64984  35615  93448  92952  34670  92250  55329  96732  58592  57081  35049  71648  35954  75468  72622  67225  94658  96987  70517  38427  77182  62502  87595  72546  72009  40657  43142  53171  82710  48982  37849  82961  95198  95815  70359  96015  68741  69088  46677  43089  47256  81289  97694  86203  77015  97878  53204  43750  55643  
99149  69634  76110  57540  34187  61881  53174  49578  77339  39119  59207  56437  44354  89790  90965  66955  72260  99392  71698  65060  41475  42177  47170  68039  57003  41014  75772  46121  50474  40369  79269  87230  79391  57625  74378  52967  74844  67281  38751  84596  49658  95117  85834  88159  72289  84049  92519  91471  80062  59516  90721  40106  83204  64489  71203  91786  63969  64438  38455  58268  57066  63119  69200  34346  89744  72067  42496  39204  57079  85879  50469  57794  41050  67066  58462  
62281  79003  67568  82086  86207  68511  93051  38819  56185  86395  51620  86138  36217  46618  42260  38482  67611  99539  34655  41232  71205  42412  69488  66187  40323  36261  57058  50996  42737  90977  98823  43889  36232  48021  43012  47974  57042  88324  98413  39632  94266  41369  87954  94888  66157  82141  37112  64716  78988  43361  81330  87175  81613  48620  68907  90587  52797  40790  42389  33926  74867  97302  72410  78289  92921  34167  84177  40226  58840  54429  70756  75851  92082  65848  45387  
46890  46230  46816  56465  56549  89232  95618  95755  64039  35697  77784  35957  91738  51578  65792  34860  99427  37345  87935  48581  39466  47716  34573  91535  54260  69386  86147  69864  47175  97852  70358  35650  80610  56965  87737  45691  43338  60525  45797  66386  63799  34436  77423  43239  41351  85996  57900  51756  69816  58906  69266  69411  93703  48733  67762  62517  91155  80379  57413  96955  81847  83128  70692  51255  52658  98311  55177  99208  49239  96967  41764  89548  46076  76798  61937  
83503  85311  65602  61924  50960  63254  50477  37921  41847  85977  71430  85300  73818  50904  39665  64438  93028  76297  39896  94735  61556  60265  80303  50922  60782  74590  83603  64794  52456  51058  65554  54466  92719  42628  44116  68078  76882  80232  38113  45294  91630  77317  91133  43913  39617  60688  50507  70675  62463  62308  39665  93769  55941  44242  35045  89590  63262  70905  87461  95403  76621  73498  54844  88693  88715  82555  37333  57243  91734  79765  63456  37573  35883  74306  61768  
60716  42828  41949  70231  34148  54988  71283  53437  90594  36058  37480  37684  73797  56810  62272  87171  58316  56165  46597  82293  98189  80020  92716  83407  40243  45628  66903  43924  46775  71294  34505  95235  51057  90552  92098  85415  50455  73630  94767  70101  47012  81098  77969  82117  55987  34106  53554  50162  57779  75559  35215  58699  59893  59399  33752  76339  59804  92759  55594  62023  45552  56760  72450  36469  78471  85067  82969  53038  94967  87113  73063  52133  36520  93988  71789  
61044  47346  39872  86264  52390  61305  90297  82264  93600  39033  83383  50956  87342  91479  71415  89192  53564  36898  85784  91638  73966  87881  79034  54707  55571  54690  77019  73183  45516  40405  73311  69992  97577  55032  94249  70987  95721  89585  79402  58697  89225  33939  62942  89561  91732  44976  49432  46761  46253  44853  62223  86198  79495  48108  46774  81407  55819  49662  35488  78036  42525  53288  86487  57737  42348  82182  77289  74226  99668  87313  81618  37102  85664  65700  94625  
92431  58892  81872  76050  36010  36139  42637  45119  89967  50057  38255  92948  54229  97300  56484  36487  76345  97730  95591  77537  48474  51671  86710  50954  58278  80271  41399  66796  75946  59932  65699  89112  43906  81383  65337  81423  48265  45359  50912  77906  37256  88073  33638  99452  94051  36832  50617  68789  56821  70352  57066  69574  50851  33766  74474  89600  45040  68958  56825  57565  85503  61926  73511  55541  94446  78414  89873  60378  43181  81443  40812  73855  43752  85792  78191  
73634  40446  47484  40514  82218  68746  81208  39306  95792  76652  71211  89151  63095  81087  67579  89670  34422  66147  49658  48625  77551  82334  76307  41074  45309  97412  89834  59419  59321  94838  43702  51686  65946  83542  40904  88329  94640  67562  96277  98370  55519  50275  96114  97194  59998  85566  42323  44642  39730  87871  99537  72434  65466  59867  83041  65472  93600  45097  73926  95489  78455  84287  39547  39266  59530  47830  75543  38607  59390  46094  90250  36492  55866  96856  56108  
52850  59493  96343  60546  44656  62807  65746  86329  87125  68555  98553  85200  55859  99194  86109  38448  45153  50866  92036  33708  80558  54747  71341  46482  80356  82504  46818  59702  47173  62464  61664  61084  35622  47501  65476  34150  40748  86358  71041  82950  65084  87063  55689  82657  40826  51083  88785  84930  93968  43145  57833  71073  88767  69318  36985  52176  77739  70813  52148  56504  86125  79523  76150  79127  45836  99839  77287  81099  83691  51620  52137  60093  35431  95179  35258  
60911  97910  97651  98377  48271  41644  52383  62327  62904  48123  50772  89293  57484  93378  79697  52276  87921  67426  56483  92037  50589  54587  72485  97099  41613  79650  71348  74304  97074  90005  82717  62152  77237  82298  55844  56393  87353  45363  99517  66434  79725  65323  97034  48317  44554  69739  76688  59604  95135  35642  57893  56033  90631  60243  91329  78820  99260  45427  72109  39841  44163  61654  40566  87881  92140  45221  86626  38027  38180  78724  46454  41882  74693  55262  80550  
79667  77149  77415  87060  81149  61927  78272  69707  44422  73276  53031  70241  36650  55032  68822  53326  62762  37936  43591  93051  59399  68375  90769  58367  55588  68111  50574  55420  67003  40159  71901  53751  94926  61025  69382  82772  37855  91952  92508  38781  55469  99235  36959  96681  71624  83133  42078  50948  55951  91790  49462  98160  73560  58934  83021  48891  47090  94003  79178  81628  96262  70662  45732  50932  80870  75900  60364  62805  55849  59452  71644  63325  63731  33815  99808  
71918  71972  58062  50159  86263  47414  75855  42755  96386  63112  56327  49359  85369  70022  93677  69003  91774  36374  34185  42523  94622  35422  40537  51496  59333  98685  41191  79546  68610  71347  93132  75180  59693  34540  72759  33819  44389  64651  40448  81125  91071  50358  53724  34600  69794  98040  94765  54268  81684  82375  87243  96489  54174  86596  57683  88121  89645  42694  41086  80326  73705  75433  57567  62116  77621  50702  57062  87985  45133  92054  70455  52967  76414  80415  67994  
58303  58361  91170  64084  62919  34292  80422  95819  87026  37182  79303  81182  66891  90105  50797  68129  73140  75626  46194  35929  67021  87736  75773  64546  98947  73979  81245  34811  85891  46534  78850  39160  40082  40609  38290  87236  44518  72349  49610  79057  78055  62144  59927  85071  87556  58214  83818  91391  73877  36887  71850  47771  41574  55031  46812  56506  69057  56176  66469  60025  76213  52248  89684  61317  73247  49386  83810  72057  41764  80419  98310  55816  94865  48680  70836  
89693  73333  50098  77408  98165  75368  54470  92589  64478  55898  61606  72556  58060  63021  59874  97132  37093  44441  93956  75758  65975  84908  78156  49770  96801  86113  45252  48113  78169  89584  79407  66208  77764  54216  98439  55750  89670  81645  38087  87409  88797  77253  98646  36468  93933  61016  91230  85319  95849  43171  71212  44934  51831  54309  67263  59273  95564  33897  47723  97560  40732  74090  90661  85836  43625  59016  48299  54528  70494  49017  88981  64665  36955  58406  47011  
51610  97332  74596  35283  61460  47119  39790  44569  61552  54641  57264  51375  81169  52550  54564  47333  51962  63227  88952  49677  76312  90063  50568  84167  59146  58827  36252  99790  46577  77304  91904  45785  68587  42780  98440  86474  58550  90857  64400  53152  60619  72831  58567  44469  72459  63592  50093  87824  62911  74592  72305  64562  69416  92981  82987  87586  70070  73011  89281  76772  55466  56518  90502  36166  80272  71194  42938  80883  55242  81031  47002  56566  64836  55954  61975  
55564  96407  65928  86189  56706  91065  54293  41390  56050  41448  43465  81337  55657  91415  46035  42416  89125  55865  77433  34291  59580  56904  83956  42083  59369  54799  65064  90877  95072  84141  62001  42450  68925  75520  86833  43204  84297  60908  74084  93109  51441  99826  59016  86506  56080  76382  95955  38842  35851  79821  69765  72991  36050  46544  86058  78818  74095  75831  91826  98600  41420  65719  50672  90674  48418  69936  81556  57169  48913  70675  42315  43775  92341  74425  98158  
71320  45408  43936  84468  84951  97601  98964  50627  65671  51915  38782  46127  81179  52825  40137  92526  63365  98588  61797  75699  46576  34898  63750  85073  57658  88479  67975  99363  87165  55494  75191  91469  78702  91907  34609  58742  86765  69673  46288  34670  62206  66753  67588  74504  44678  94430  52563  94021  66229  63746  62832  80298  79480  79591  53515  46624  44598  93833  46204  93437  44587  78399  80340  90184  48199  99858  56204  57017  78593  81479  80896  97806  83102  34345  94842  
39355  46358  56074  76399  64505  62061  90577  59594  52822  98429  61763  88257  33971  58167  79697  44991  59903  53223  99468  46325  56575  35412  60079  99895  43827  81887  99934  49386  42400  97188  81252  46353  49099  60390  46296  89776  82200  45655  77129  63570  66669  68559  34308  76343  82804  49153  55981  88484  82341  34483  58673  36728  36187  49695  98008  72483  95332  45264  90455  94392  98489  51320  72043  62842  67610  62511  61640  60646  58382  84888  96797  63513  55705  79584  56379  
65835  47156  65002  90303  80048  92147  87673  55381  40956  88463  58732  59954  49332  83065  99826  41983  97281  77663  39114  70224  56974  73704  37521  68113  37728  82991  59282  54953  62224  85437  84745  41601  45135  93526  86067  77766  35964  69324  77591  42798  67756  89801  93584  86486  45619  83788  44951  97240  41383  82588  37188  74429  42825  54219  52451  81875  46260  48914  93322  43412  45539  72249  67342  87266  48562  76285  83183  46947  82921  49564  96764  83061  92005  83449  52864  
46922  60536  40415  98109  49004  99648  98620  64760  72071  97470  64794  69355  40506  43505  75809  66805  50649  95004  53298  48734  87939  45155  49382  43768  89165  76702  43579  80049  99208  93145  92578  79358  57733  50200  55446  37563  59988  98342  66353  65844  71166  43057  41687  91275  55221  68453  50557  96434  64520  80624  79120  73037  88327  47164  44315  57317  72821  89100  82109  51270  41237  38485  95138  42898  59534  38752  71197  99762  46418  51709  41921  52100  94722  79837  93070  
75563  34077  78378  42550  65386  74910  57278  52530  90933  99719  71329  71211  94894  59997  49430  73166  76674  98813  91928  96993  56026  86862  40436  48152  74753  52978  82139  94790  70754  88816  84365  53328  86822  46850  75459  73526  77365  46477  39157  72925  43506  53158  45480  39932  52087  34423  48237  69894  72833  37858  47276  83153  38635  68318  72137  69970  96601  43170  39091  35006  75752  81380  74648  63644  90021  57188  86756  33907  52516  44867  80078  42634  36591  34428  34465  
70590  94458  47814  82423  87803  82096  36135  60078  72687  65160  35179  53539  58138  95714  77647  56834  95892  95853  86360  98505  99730  41020  40816  68834  37615  49887  57690  84857  65837  45236  81197  93462  55382  75570  49663  66537  80755  34110  55231  65627  75286  45736  86185  61639  59876  59582  72943  94866  74150  96273  89265  50280  70576  51546  85215  83444  60003  96673  82962  91472  45639  79649  81886  71657  42607  68092  43036  90184  91990  94149  70913  77821  57528  38723  87711  
64878  74502  82351  51539  92135  95698  74446  51362  59977  74782  60040  88738  67337  71393  81068  81207  34963  94711  78024  90466  55450  44982  47517  88390  85694  49270  33614  60513  86824  68726  34471  82499  73916  35091  61336  56427  95342  79245  45108  43291  66909  87213  59929  93313  36185  66609  98165  73385  88539  71868  35144  99139  72996  36841  47273  82578  53750  68364  90659  56244  40037  50223  59002  99560  89389  72002  99957  41432  76887  33651  68529  81001  69155  90877  83788  
72730  78325  88772  75686  39043  48787  74533  60746  67601  70945  98185  78323  73895  47528  53581  90608  89423  63185  75341  53408  94689  73923  82331  93069  74382  39510  48131  82187  92986  77705  45007  37237  84437  67367  47058  66460  62733  52477  47452  65599  41281  97153  88353  76879  45340  82616  96173  86612  51040  66235  79791  72436  57997  60229  81872  68273  45109  52953  85135  47412  97201  86446  68648  91243  78374  77557  51518  81352  86863  58696  67050  46327  93193  76289  61815  
79611  70730  76775  50884  98589  73689  34337  99204  39225  34631  72343  64818  52058  65353  55100  45566  77633  72396  52453  94421  45755  66331  97554  37269  67463  50110  48861  81369  80924  82770  66411  70804  94028  93925  96394  85639  53000  90383  53724  63043  45600  94197  76357  51395  83263  71246  99567  33872  46125  59471  58658  85591  82314  47775  42361  71155  35122  47599  75974  69673  64480  82969  80623  87272  80890  94586  73975  45075  65492  79606  93557  79298  79383  61341  63565  
99390  75175  58928  34409  73858  80827  87227  53564  37778  63940  59809  86973  57892  51405  45567  85044  95577  77343  78996  69658  45843  40645  43332  83447  44760  70699  85857  42868  43780  56089  45884  46414  98715  35662  78488  79252  54706  89859  89175  93456  53824  75967  71615  66170  49863  99899  51269  36223  98728  36073  72237  76829  95800  70506  45101  59224  85188  95024  43630  61430  90024  63193  97796  90680  41907  42235  70472  80993  54387  49535  72278  81553  74953  44248  69798  
68196  97410  74728  39020  92944  68997  72414  36340  99108  86940  93838  48830  93946  73026  97962  36908  53536  34876  56294  49909  70497  38886  53710  99621  44422  34826  37512  47925  51016  64543  59294  69880  47693  65027  92543  42985  38178  97550  52476  69071  89707  43038  56689  49922  71206  70767  51981  41520  42987  91771  38301  80218  95763  76754  50448  55369  42328  48114  70970  96690  85106  74843  42785  72276  54694  86737  92215  88746  61623  82538  72237  96670  80396  91368  80467  
69399  49985  41091  64570  95475  92701  87468  36373  74100  75907  76036  56807  48049  40500  79731  74740  99826  34542  56136  75839  83526  47184  98803  76208  37231  74940  65134  42250  91776  53858  63006  59088  77724  57095  92395  50298  49738  59530  38126  51967  77966  84024  96575  76536  73890  36530  63423  87746  36269  67742  35146  81744  62114  75415  48946  67011  94935  89417  79424  50537  69883  95913  81494  78095  93698  71396  50430  55820  77923  58737  71614  88690  42190  79948  60169  
69822  38425  38974  91520  40882  49765  72433  51678  41674  89377  94772  57568  35188  95183  56105  36918  41877  79290  86006  97150  54997  71127  99113  39325  61056  93788  86235  59420  83500  89893  45139  38354  56503  77895  62572  76371  44572  81110  92624  69655  83285  39500  51442  68857  87588  51744  83831  36658  82050  38694  84134  54432  91632  34988  42320  57259  45372  94914  88247  55429  55755  89059  45209  63906  89315  56715  59929  78650  84685  80145  95081  44197  91407  40589  52965  
75285  48374  48305  35944  40529  34002  53215  82744  75090  54999  78005  68539  35678  61972  57178  98814  47502  60571  45374  55094  98395  44705  41226  75196  58748  76331  38583  87178  75314  74411  86236  51991  50696  41970  75912  61789  80784  88188  51954  35172  90710  85049  66203  43218  91591  72138  67476  64285  47796  61355  63996  87486  39305  50818  57362  80068  97288  88813  68967  97206  66200  36969  39987  55519  84797  85605  45015  36034  65388  77774  59954  71625  87723  42002  96001  
92563  85221  79339  89658  62877  39760  39044  56382  83732  71824  56506  37573  38064  90930  51475  99991  84411  36355  46726  97902  72158  59673  69848  66729  49508  82161  52649  61005  79765  77456  58646  85129  78549  89471  46321  68236  91683  78462  44269  40229  48581  71879  71791  38801  56050  74445  43174  65678  54147  92265  60893  41473  38146  41883  86026  93845  51609  51221  92569  73453  58595  85223  47539  46375  77550  52040  48180  88429  38138  69303  68581  89393  69538  55590  39200  
48145  95614  85526  67195  70702  68810  61083  44425  84012  98581  61868  41342  51291  90164  80563  45205  81266  77462  44258  76744  68693  99998  84370  91319  97923  87840  91029  50176  77696  37687  37181  97185  39970  70651  57780  49336  53535  97282  61743  91874  76535  62152  53204  89679  49654  35665  50953  65703  91910  52910  46675  93777  69261  96527  78098  63300  66299  55727  84620  51199  75854  56717  86346  38804  66185  50739  86043  61214  46670  49924  71029  64241  37252  41338  78684  
39488  43430  80837  93962  77323  41588  55747  58601  54157  44387  70423  42746  93404  95045  46958  53345  56130  97400  70437  48320  80764  52216  52144  60346  41804  43046  91067  50490  68472  40207  46219  63074  56406  57335  77456  42757  94727  38811  88520  45435  94818  59648  44072  34834  56156  74989  38423  91723  95750  80662  91987  41454  77865  75009  48862  78807  70772  83678  67731  85658  50670  63594  82759  67264  94645  48170  63645  89673  97101  76409  76467  52825  92808  62736  45302  
69164  72488  94865  93858  64480  95471  96992  85268  84311  37103  61507  36192  53680  74862  64740  85061  94028  42359  57943  66468  83613  48167  65985  42958  76893  63618  98409  83333  97964  39824  82769  41068  45269  34323  81922  61060  66263  90639  95833  87986  61856  44181  60141  37609  42121  98517  87331  50691  39360  48149  73835  93342  36035  99732  90462  34386  77951  66737  84285  62048  67587  93844  36427  84802  60355  39190  53543  85946  64156  53528  35906  91106  99595  61745  40690  
35219  40722  94251  71943  91327  85888  57898  49240  39591  43030  53561  96100  76942  67440  64011  91716  49405  87823  98109  67967  56652  89669  87459  40613  58584  38822  91610  99701  64801  55006  49756  50048  58294  44261  39940  86467  42215  53037  85840  54792  71040  95143  74676  65914  74479  65018  42154  45879  41422  53205  90772  42667  95720  42213  36496  83263  87748  99363  57032  68814  54902  77598  43964  39456  52837  82209  75034  77474  34432  36328  81316  92582  85043  71819  66704  
44731  73548  89288  67431  38628  51647  64448  58752  33843  65262  79533  63489  88487  62604  76747  74712  72792  71330  91408  76558  89660  50672  45231  91510  41603  35523  99127  63039  79249  42887  96379  40846  48968  63349  64943  54642  55786  69605  83633  77269  42738  36813  67113  52453  84934  73461  69874  47715  54976  70765  34931  89247  95163  52752  97258  94731  53140  76332  61228  97043  84043  93862  84310  78143  79909  46264  62466  48437  77002  69128  43483  98681  47787  80006  39793  
62266  63257  41539  96438  80581  97821  94419  62313  66337  90624  78821  56305  60143  66237  74197  82232  83907  88032  48757  55200  48714  75052  69240  65813  61892  49268  80956  60026  86743  47443  63290  88837  50132  78004  86751  76245  68133  72774  93126  83036  46967  70171  78021  59269  37822  35262  56704  48342  86455  91965  45950  48963  82985  50332  45228  86405  68821  35356  61541  87037  35422  92593  48021  99804  85288  43797  36283  38714  54425  96404  76662  74889  47776  84924  87612  
49085  76018  44018  44731  97712  52982  71388  81854  43863  51574  58140  73135  35307  57968  66991  86693  59929  63283  59128  79325  90755  53130  86682  77780  62174  63066  85722  48611  36559  95761  83486  64143  41767  55593  74346  40204  41629  73871  50057  75431  83286  99455  44321  75254  58729  58849  45405  50642  33997  55997  75674  95574  94227  89901  77171  48064  51597  47883  47368  47268  70481  56245  88182  89580  39108  98986  78016  58420  58948  91588  84078  62209  99323  97883  51965  
70604  79658  87988  37922  59664  34622  97829  75835  48406  39241  67040  94470  37198  77769  76613  87955  34747  92535  55776  35790  38848  56393  67207  35189  85906  49081  86600  64209  96261  68807  89782  92668  54396  57087  41813  41861  94598  62195  44158  74523  97492  44167  69772  40329  99784  63719  53792  88626  35337  89366  80630  42598  64307  41140  68958  75928  77527  47589  41695  89311  57402  95977  76336  89212  73483  83011  51705  70314  69692  61308  35303  69495  75973  71022  62982  
72614  59752  38323  63078  65253  81601  96885  79617  87260  34171  71802  79743  42620  77521  97409  73601  46262  88800  37113  93469  70489  56769  87311  49613  55985  84226  89982  37292  71714  38518  80013  62046  46543  83231  42859  66444  60779  89161  80014  66160  77935  53247  68470  57799  63300  51626  48645  37759  94625  44299  97535  80396  68858  61926  99545  90444  68394  47763  65457  58077  57716  64062  93342  34951  70210  88226  56363  54223  95303  61917  71998  41280  70417  97098  43775  
40760  96782  34854  80482  39156  37495  46902  89322  86325  86792  44639  44615  42646  82940  81366  94252  99963  97946  49216  91186  65530  53862  90116  84246  86986  99112  54172  49126  68643  75246  67106  68181  36116  34687  70295  36817  70479  96745  62666  99257  63002  82451  39860  73835  67336  42052  78517  51191  59437  52255  54163  88777  49608  91219  90146  51783  74095  74708  80886  37663  76893  82043  68665  68866  41302  62290  92900  61132  93632  65789  44671  59342  65418  92768  36119  
73781  99868  46676  42594  40919  70373  45875  60131  50423  49649  62708  84438  50788  78648  62531  53405  41214  74446  95581  99217  95984  85403  92251  92850  65965  79694  68434  43543  66812  75107  43185  82854  54385  40004  99302  86864  52770  91835  43795  57325  87009  82539  45039  50142  42642  66792  35972  84232  60479  59590  71149  85438  37066  35821  68737  36777  40284  52285  57711  65587  94293  65806  42784  72271  68048  66187  35369  68271  48963  75978  34860  43958  52933  34016  83717  
44689  54786  71565  68525  84993  62167  81829  88122  72051  93490  42014  53261  82325  44887  64351  85074  74487  85927  40478  73137  83340  73945  95328  49830  77555  65681  42770  55463  77844  96334  68493  67956  89079  90263  64270  37849  44064  78956  67210  73307  84257  65578  91330  82944  73153  46796  59506  92385  68112  86599  67790  76393  99357  61203  95843  91974  37644  46582  69168  69671  84276  51850  85242  84255  76806  72206  64681  40018  90817  44315  98735  86502  70839  64929  36102  
76127  74195  66217  69474  47530  52933  99381  35726  89326  76787  60622  81703  35845  53316  94718  92999  72285  92773  66887  45483  39585  43410  37883  56497  75867  91217  71579  81366  94528  71172  66749  82553  80677  47995  91997  70463  78439  79681  43858  97696  85730  40978  77749  89732  69658  82474  52049  58619  83606  82602  51782  50399  54087  56745  75199  83745  49671  61852  48516  86390  79975  46049  93001  51988  54772  88653  46768  72251  35920  75970  98281  71958  35915  62201  43576  
56450  96238  83435  54906  69905  68659  49222  64460  62682  80750  93488  50299  75065  64335  65164  84980  96986  55408  85250  56222  38390  73694  37769  66959  81283  39443  86305  82120  53917  86970  44690  99406  42878  81525  56106  58134  59368  97011  46902  38637  38137  56391  80829  56512  56447  95366  71940  99566  89330  86516  52501  45246  59530  70337  48555  93596  44573  55046  92977  75060  70482  90546  72919  69345  60951  42664  82890  71136  96821  63647  57851  91387  40154  72870  84136  
34956  34678  66926  39414  64750  42561  89464  57794  70377  33885  99293  42325  76938  81325  57627  55256  43705  88838  91971  69138  52980  78412  75898  82608  99307  49979  95433  34200  72249  60756  52184  50035  80246  53855  65243  86206  81645  43679  76135  85948  55778  64650  52610  34055  36793  76579  87776  71329  98267  38868  93275  95006  98472  80708  42562  44255  93610  54968  71193  66605  36162  43609  34407  45452  37859  76798  50350  78746  90956  69796  69665  46422  38690  65810  77010  
40606  63068  56879  43388  97727  43318  82330  94849  83616  81043  78361  84164  44348  56651  42132  99742  98830  91878  44661  48327  85975  53033  99620  76910  94977  77384  35097  61521  35791  58493  65621  55180  59603  69082  68827  51474  36666  35759  58673  36301  65234  92156  65374  76587  59103  45498  96786  76025  99195  99480  42187  38083  80345  47283  91381  73826  64058  60687  50580  71707  59707  57670  57231  61224  49580  95054  78782  45946  57906  85760  97995  54444  45112  37333  38479  
61694  42414  48151  41761  64684  81690  40892  87803  55499  56029  92320  80109  56707  53700  85590  60437  51896  40117  46495  78951  95773  42724  60008  63800  93717  45730  36023  78335  75749  94974  88040  51025  55435  54398  68526  68688  92864  43602  55512  55450  76745  75897  99856  57084  75973  36441  42230  92053  71100  65238  83994  86936  74517  66170  46817  79413  82328  42511  35688  87123  59679  69135  69933  58391  59265  92503  89998  34582  80700  92708  56749  78307  87401  46069  78209  
90138  87991  54852  43574  54366  74216  64516  76755  44061  84702  94963  50561  98395  56851  48384  66805  34090  74323  35063  48273  76557  38132  71229  60104  38892  46757  61603  48611  53066  91546  40325  82473  72996  72545  46547  43266  83021  48187  46497  47186  57945  50241  57612  61840  93441  65117  63319  75525  96032  51056  73625  70991  44223  75379  53217  42940  66187  46723  40061  72118  43069  52713  82486  37622  59857  73026  54429  59804  86787  64718  87551  97074  83348  52547  97249  
69562  88821  89882  58262  59185  74929  55533  57835  81587  47203  78507  38795  74865  46854  49724  87276  38312  81787  96621  66261  69622  67399  88416  71655  56847  84560  53830  34932  38845  48903  62475  43610  55820  94144  60497  46833  64639  53371  82374  73606  47824  92966  38315  59282  80678  39350  99079  55790  69114  65259  38579  88525  75593  60090  86683  45753  58131  80128  71404  97816  79917  59005  86386  83329  94536  71520  78267  37472  40815  50495  99372  75698  77333  96897  55903  
60486  49114  61955  68854  55751  56881  45117  33897  73710  79488  47131  63112  76725  83573  88420  63782  93994  39123  90511  40464  70029  80681  54628  99307  68982  88000  79225  41093  74276  75468  94768  38355  48017  55166  86720  36018  48768  97888  95242  92308  43121  87305  63727  38802  40523  36336  49815  57009  84485  73968  79406  43830  47104  99850  63776  91635  77939  69976  65601  65205  63835  86025  94269  99491  53144  88781  45174  82105  49711  94503  38550  62570  87346  53622  75630  
82352  47979  33640  84054  90563  74933  45431  34849  67170  83126  76324  38447  70411  65711  91944  76674  86014  66903  91894  75340  80159  53005  46199  98248  83925  47999  75355  52835  35992  46394  95897  45421  96948  41891  49218  66563  67603  98331  48841  82602  98732  86768  61825  50417  86202  65973  36318  52351  43576  51574  58831  64318  80264  62528  39281  75935  82204  42981  75021  49263  90776  52171  88307  89983  99923  50063  43961  58787  65463  60072  53832  46700  57631  75634  92232  
55280  50470  56749  82477  59820  98664  79522  56446  54002  50621  67449  76785  55558  91474  94372  79423  85916  82859  85453  84750  99740  81107  92339  74542  95143  83980  46559  91635  68805  62629  70541  90365  71400  86602  78192  96533  36747  55635  70362  46732  81466  73305  81715  60054  80028  41833  67275  78295  85126  79498  37815  72324  88219  86791  57167  64923  45659  46551  59962  62255  34867  72976  45865  96653  44547  71291  73253  35684  69601  40924  45352  46251  59507  34874  63452  
72445  75779  43337  50253  54119  51698  90633  51722  76289  88397  94666  37741  46423  47336  57910  65673  97760  83684  43878  39374  81104  69045  35646  89845  85661  95988  76690  60321  54961  83076  72610  81244  98614  97821  58099  63324  55967  81790  33834  52355  59531  69019  37522  73752  79943  75439  68583  39192  88480  67232  46372  64110  65699  67342  86751  64676  91380  71781  95721  71685  86362  75528  35276  67950  77334  69819  56263  91065  59939  93078  45621  99763  95890  95974  79189  
40240  53869  36847  89031  62037  91273  95788  50957  35986  50141  46955  60527  75277  89526  39902  37373  72181  52177  98436  90964  80753  87289  69596  34249  49395  46213  94422  88175  65234  49122  95592  66431  44421  64049  49479  48453  70012  98887  65158  78982  62869  54921  96240  56260  61140  79940  97323  59791  82263  42136  91587  89202  63564  55538  47915  80342  98980  36785  71909  62232  83573  84548  79292  43622  58528  37287  92400  67263  72268  43869  44696  63530  62540  94615  49461  
39718  98614  83314  89397  51474  50145  57665  61562  60921  54146  51185  50236  69987  56658  51335  66149  37331  52812  40973  90559  50740  75344  52030  33750  73508  89275  66062  57946  37437  43265  75846  74410  38637  55042  76854  76274  74708  66278  64221  55664  35757  43007  77414  54346  61601  38709  43088  58091  82460  44322  46170  73872  91280  61328  34435  48662  77948  58057  54910  39439  63314  71700  66194  62015  99524  97627  54222  90513  85050  67280  76191  34766  78600  58719  87879  
49153  51309  39589  36915  36286  85876  57146  76835  69698  99144  90784  37654  81404  79552  34525  65108  88288  72539  92568  53742  94514  87702  97353  58267  79653  99248  52253  41725  77587  76413  69868  44817  83965  80616  70628  68492  67782  58576  59577  49382  96280  57545  55381  37364  86731  99302  43455  77971  36654  63257  89080  79249  41755  46333  88831  70704  94241  91297  86833  48909  36452  84415  88263  79227  97658  38680  57221  81290  56079  51942  93250  69753  53131  80789  96468  
67282  72713  57749  53208  57321  75016  82255  76532  49955  95552  82774  49318  94629  55562  75905  96037  34415  60496  74452  63475  47493  36496  44711  46675  99828  45493  41462  76579  69352  92805  72321  71544  61630  86025  99349  66236  56170  78482  41871  77913  59181  98014  81018  99370  69113  48405  68315  92601  57088  97202  63564  50929  69979  42859  57562  82257  56629  34648  98532  91349  83080  35665  76087  96946  45911  85065  54287  52879  77852  50590  58190  70483  37177  48472  88275  
49146  63397  84625  67934  62847  69716  60869  75610  83716  95998  62332  93886  55934  76471  39355  77166  46481  50997  79019  79578  98069  51696  39010  35304  38516  62475  48145  70005  74652  44186  71599  85380  70117  94186  55883  54257  80326  76963  69322  59195  83372  48273  94575  49971  55028  78013  83270  83559  74357  34066  41878  67961  45076  71389  86054  49179  89128  49078  41188  48325  53683  41396  90987  68358  77075  77004  79614  58382  39392  93893  34982  34106  36140  68817  87256  
93756  83809  96480  85975  99580  70164  61904  93466  79076  86202  37474  63348  84683  78960  90487  50959  56779  53959  39448  49022  76073  33756  71349  57003  36317  48962  88711  65671  41861  89793  67000  40795  86704  52318  78046  57993  36875  45589  80683  71629  78182  79895  52897  82483  47141  70762  73910  56679  56434  37657  62467  59045  94996  60348  57957  59635  91645  35184  64251  84877  47264  91615  76900  57662  59551  34095  76206  55847  79655  36396  65384  55965  54669  33962  97376  
36423  84347  86563  69527  49842  82929  56523  79652  58198  84467  37521  58799  81621  94793  82490  45708  43134  38249  45401  74433  42869  96857  83062  86560  42139  60925  52816  74140  37398  86440  60999  98984  70357  73079  50527  81101  34043  41884  51317  88383  59291  45740  70124  72552  38157  75841  73201  75096  55799  87745  33732  50134  96013  40942  44172  69748  71001  52635  59571  84365  95660  53031  83741  97888  61603  59634  83226  56338  73459  51918  65026  45979  81477  57367  89689  
49940  96245  83191  99853  60544  43135  61617  99653  60266  68915  52569  59290  41711  84997  63807  78008  42236  99140  58354  92972  44993  57966  78264  52117  89442  92818  64150  70914  78935  81590  51608  49130  56933  52934  70409  74055  60357  78073  42620  70039  66138  60826  57907  44213  33892  87465  39097  71792  97613  75976  83388  90965  71001  70442  50663  46033  37321  67708  46316  93506  84975  79785  59464  63886  94898  97150  60295  54103  67589  93885  39833  53172  78477  99472  94788  
80621  53342  52797  60695  80175  66978  79243  66738  85820  90410  38706  69412  39629  79969  76650  73097  70472  81764  50016  84522  76272  53747  93923  64152  62660  62357  62755  95068  87720  82292  59759  90041  80590  35143  78980  77781  43113  34384  70485  41239  71778  62839  93090  95300  65835  72787  54941  78717  95914  63416  60220  34442  88869  61434  93099  58683  99954  58182  38302  34618  52857  88120  35748  82369  65049  70664  46640  98395  90716  97678  73835  55714  98663  90640  47518  
46234  52296  66812  73108  88500  48260  78588  36275  63175  61664  66225  59828  82600  96518  92597  49794  49335  83671  77518  36015  44718  59567  53323  37847  89749  84309  61800  45326  38291  84541  54215  33904  85597  71161  67973  52309  94741  91518  98878  55773  66343  53315  83194  48987  93173  96320  86776  33918  68151  74299  74990  73590  99360  54750  74573  34027  91507  44952  34996  37334  72458  73617  35985  83619  42914  93396  90406  93880  37372  89839  78435  58110  63306  83423  41906  
42996  68887  73912  39487  46299  84001  96791  55392  92085  60133  50199  40549  38326  45796  82837  85699  63895  76808  98190  43408  71016  41502  70935  75066  40873  95296  67449  96147  85487  81603  97213  73200  41736  48654  82411  93164  61231  36334  44534  61451  76142  35068  61575  56359  45938  83191  90762  86946  92586  67785  57996  98931  91426  81592  59467  34842  63164  84553  73352  44803  73523  97938  37512  52181  98629  69872  78373  57150  80041  54173  77048  44549  36871  37076  65553  
77570  91506  38806  39441  89855  65486  66797  78905  77718  56477  46150  55272  38270  36394  96362  89467  36758  52287  48309  48973  85113  42655  96767  41401  84692  84259  49619  42995  46053  96631  58517  74942  45535  64706  67514  42381  64536  62433  52680  54839  95987  73200  94842  86918  61093  63055  89909  87868  96703  98272  67949  84382  62769  41562  79502  83651  52160  51081  96814  38352  41046  54928  49156  67850  53474  60083  50491  89866  45658  46569  58237  62868  41906  98897  95586  
43578  35820  75245  84316  57231  47883  44196  37854  93427  61851  81850  98201  95891  61459  35706  59495  85142  98947  71244  92449  83038  52912  33873  38416  40172  71454  50411  48157  95461  51981  86485  58175  69866  70190  88268  56692  71700  86790  58831  70502  48349  53243  72777  73182  69010  75257  45692  57584  41756  99557  64511  79097  94501  68454  89123  87881  60642  93122  34501  79738  34701  74855  65093  58612  58686  98401  57925  90198  64477  97306  45568  68110  34916  36940  72303  
68858  95169  52665  49963  64842  82106  80140  43223  76644  78929  54002  57834  66699  54605  67393  85843  52863  42914  33631  79353  94801  44749  83786  94017  67639  53276  86059  82908  99331  36335  75244  91730  73935  73536  40544  77824  47623  70857  58571  61580  57495  64188  51212  61532  65286  70207  35261  42682  66307  34979  83936  37066  66960  48552  78878  84194  50906  93340  77054  89428  42396  34441  35360  34458  91011  90771  44996  79680  73755  35661  68481  99293  43127  81371  59883  
58612  47784  66340  65988  36780  58805  83514  94304  79176  95209  52604  99795  43955  93295  63603  68417  78543  81515  61873  66390  98263  66826  72489  51746  67873  84563  97054  46386  86648  39197  85766  42282  68070  58701  64296  99725  39677  71207  66535  57364  43417  89078  52597  49996  43089  52296  56109  34140  57889  50295  85066  48329  74510  99324  87319  72789  37260  90965  62551  68135  97696  54474  47780  64426  95308  90372  66613  57891  89338  92405  67346  82591  34174  80409  77224  
66648  82835  79064  73497  34653  73783  75713  37095  56547  52156  86421  81789  34240  37244  85626  85568  83751  48074  85381  74864  35034  94009  49802  77785  37065  33817  82328  84182  40211  36289  40844  53045  72144  44456  97957  43077  42234  94877  87967  58459  58798  97049  76086  63982  73148  59303  82480  55122  35344  86124  38551  83768  78268  66599  64877  67376  74140  76413  41799  42532  37107  92843  39823  87460  87139  78522  53237  46700  46993  67114  88829  51963  62420  60301  37888  
66694  60864  70267  55913  52509  65742  93537  48437  78755  60988  47790  90033  54808  76685  48709  91264  84885  93975  74678  87693  93555  79180  83021  73519  96511  42665  37173  83404  69966  37850  58913  88486  51839  61993  95344  81583  45250  37426  37589  69671  78818  68183  97792  85158  53979  48407  51627  64192  52343  35741  81064  41719  71298  89730  51557  40222  48855  79871  86674  53060  65367  41003  45680  79497  78062  64513  71677  80265  34007  59341  89518  37314  73915  84722  44165  
47306  39484  84518  72635  45797  51288  47318  79456  40244  91047  64144  58588  94379  88594  57283  54293  46507  41360  66623  69313  79042  62185  43662  87385  81874  76528  66666  35092  52787  64182  61610  87348  49758  57704  51323  57287  98706  86210  69226  99842  39443  99206  81790  61489  77700  62002  63892  77491  85779  62998  58527  56925  93152  62170  94083  95761  64404  63891  69996  99102  89335  98362  53805  85593  69242  34438  60901  40746  35129  87870  67638  72786  84149  53088  50886  
54737  92590  39495  61193  47729  45391  59820  43951  46462  44497  74538  85758  36688  89604  44249  84383  69295  58792  34468  58411  80231  66724  67028  47527  55557  64626  68380  44070  66076  91935  73020  82111  86888  36996  63390  66281  76387  38472  60168  66754  51255  58679  57307  34760  46104  86327  38709  69255  46012  85941  61789  90180  71916  94782  40413  49388  71152  97101  58762  59850  46250  55993  38609  75993  41973  89435  85966  39819  79694  59596  69068  79263  54544  98194  70002  
69605  96327  72905  94059  92396  40567  84240  55398  60944  83213  76520  49504  69845  97886  88075  93022  56639  56522  85775  69340  40693  61130  79121  72070  71735  70235  75569  98177  93290  40807  59315  60392  36013  43652  56248  72384  95986  35646  36228  48809  41520  92300  45690  96298  69588  68867  62159  93472  75324  88424  44828  71181  81726  77110  53296  47726  56790  75357  34399  72191  56979  89715  73772  55310  66550  49800  38257  44911  62616  70136  85711  75409  35860  51507  44822  
42508  59164  62849  75380  82202  60706  49098  86280  77442  42245  49216  69075  82341  99724  76985  59095  56181  89172  80200  50381  35547  90793  79243  70266  75470  54983  82907  62846  79325  80724  93679  83103  36852  42183  86271  66173  86349  99076  57123  78038  44124  61994  43669  82565  73713  82240  59786  97342  98032  69068  52164  56093  64449  73211  70064  50060  93488  71645  66391  81556  81718  88292  83430  38930  35957  88906  74167  66687  91396  82464  81160  85071  81774  38930  42891  
42260  88252  56837  81510  77583  76014  56725  56428  44801  61006  83534  93067  92516  60344  40556  65052  96404  37869  40409  52294  96019  38440  74014  34721  34654  74759  70037  48493  89787  76497  41606  50393  46754  89186  89752  75984  81531  87437  43660  97551  37848  55290  97114  84966  98866  78683  34796  98852  72252  77072  81524  37462  44219  43268  70293  54559  49434  74543  43502  97480  46626  66003  74197  74710  79835  33649  40197  99293  59508  62197  74359  95116  74327  41831  65320  
66149  50865  97205  87682  98511  99464  71438  36791  58562  77841  61208  62247  80390  49356  76143  78269  61835  79179  83967  70406  53246  93145  88312  63041  41295  71330  98805  78961  94101  61074  78879  69337  46431  55313  96606  45717  48480  95031  84264  64507  62665  90822  66726  75666  98739  68808  76634  56962  74960  47153  84804  50916  75766  79673  75778  83297  39919  68005  35396  71022  60033  47571  39515  37997  63856  58536  87077  46374  88325  61896  33990  81345  89082  35514  39441  
83451  38259  61591  80912  60290  61225  36410  36771  73300  71208  45048  40481  89824  82066  77889  56359  42446  38801  77236  48089  50485  35066  70622  68651  77567  76738  81507  94563  68983  56331  39800  66157  56412  89341  47905  77037  79871  77962  90902  47716  51386  48863  65784  34768  43107  33904  97215  61210  40272  60435  71672  92228  36023  51595  78900  64110  91476  67629  60801  41606  64629  62683  38603  88477  34801  62797  43263  68400  50666  83517  50039  45017  91875  94007  49268  
93683  59886  74510  94106  80904  40629  73582  72046  89357  44724  82377  53899  70414  59938  71854  65014  83429  44516  63497  39905  37455  97797  46957  42355  36106  35193  33806  36961  50420  75849  87434  62555  77510  47335  66882  72780  74358  49311  80826  83864  58947  90504  45835  62112  57863  69197  80808  74230  95648  49094  40908  42629  56001  84626  40477  52303  45446  94839  70193  77362  77662  68056  57162  37841  59379  53058  91323  52531  59328  93252  69264  79917  67943  41894  53845  
38236  86220  94350  64078  81635  57592  97487  41864  38971  73234  61986  45997  88020  44399  99528  93061  73494  94259  75513  49743  70564  75890  95567  52984  96751  62673  57962  50444  56651  99827  75502  87507  99741  66907  88984  94720  79359  39870  71977  35358  88635  98937  85670  46670  99160  90040  62952  35043  51506  86177  66837  41222  43077  84631  61322  78754  41976  82272  66777  63434  50446  49559  74411  64392  45062  88185  61270  38297  33716  93354  66110  82031  70705  95013  59670  
38789  71326  80624  97041  36779  44524  50973  82586  36057  50137  36698  65493  85798  55863  64540  72186  76058  75746  68700  97554  51585  74238  49965  57841  96728  75923  88546  54665  62921  90641  46443  52535  77933  54617  90389  41160  72285  97103  64398  62180  94887  77323  71876  65811  87480  94732  52882  75703  57235  52412  88638  35742  68176  56744  45930  46604  36303  77630  91439  99188  95140  49013  95488  97356  59407  51370  36551  93713  50363  33782  69061  55260  65900  58236  65299  
96479  91107  79770  79472  39192  46078  87149  38142  93569  36062  66177  70189  82820  56370  64731  72224  58370  46406  92761  76528  56932  99732  56405  38241  67586  37024  89091  81348  73960  78275  96740  60590  67975  77619  90802  65723  79766  97777  92888  60291  76611  93264  85610  52682  39779  85342  83241  51286  46110  49089  56688  35194  83179  66873  80098  44987  34640  60660  91206  90935  60133  35870  71446  36894  72891  83928  94489  98309  44170  62543  46348  72221  72542  95549  88360  
88468  38300  76892  41840  56103  36273  42127  64480  97753  66150  59295  85826  61986  92684  43400  53364  69894  93766  54900  74619  94739  52527  43023  35852  73804  75329  93619  67270  47589  50056  37680  34492  99751  72007  55025  71283  47862  67195  53748  48423  85329  99207  47648  88551  50105  35996  62184  99510  36497  39020  43503  72473  54444  90808  87430  39733  34169  76060  90674  84101  73774  52725  47429  91822  66987  82967  50350  51384  68164  34573  53121  57983  94636  75533  54222  
34404  60846  53179  62425  98385  72487  38866  69614  92889  84536  58854  90564  75700  79877  39721  84914  58554  95460  87875  83197  49364  44366  43439  76496  59360  60309  81512  71845  81015  74874  90950  56047  43003  56790  50226  64355  73185  81737  74731  35988  67063  53744  57248  68890  63587  91757  91647  98529  57609  69334  70128  44425  54951  75488  48733  87476  95866  52679  48009  82899  38565  55788  36822  67322  75015  98376  91958  76125  75227  33712  70287  81959  76292  71804  89228  
40246  55466  50561  45256  79105  40651  52424  37951  36363  82800  83448  91069  42685  55814  77346  53038  37707  60606  68673  43656  70843  85812  35122  88661  54031  92272  61047  99422  78083  79713  72793  89223  62884  96549  83522  54194  50236  91851  34375  54419  51597  58517  47365  65445  44823  78009  87899  52191  83802  36765  36915  84180  99399  46678  67724  34419  38462  50453  53963  79574  60399  61712  77604  74490  76874  84237  42099  62136  90409  64954  71252  88860  53930  34803  80361  
97257  77019  56319  39206  65094  67471  79063  80900  42559  65923  98189  76278  48434  54782  97543  98729  94916  48513  87689  35801  84099  45785  99654  76449  80512  94800  46086  82705  71114  98106  36546  58677  67743  84028  73389  61711  87305  53466  68935  94077  57655  56877  87760  99737  68287  34234  46014  68046  37562  54868  40876  71690  86960  51022  79446  92050  83025  61202  56047  67108  61604  95648  80943  42499  54164  73136  67617  93438  47412  71852  73579  98758  60165  57621  61095  
61668  94605  41066  74647  59228  66637  80673  43132  58131  77729  90657  43768  36672  67251  56914  69677  88895  98740  97853  45313  72878  44977  39754  49976  63968  89849  62809  50501  82155  99913  74301  45371  88009  59362  42315  34028  67551  79169  95976  73534  70072  44623  47355  77990  35114  64134  46012  70899  66604  68959  62163  52421  43672  68872  79523  93048  66976  71796  69406  82309  69040  37623  40460  99485  97834  86474  77773  53720  61949  44277  36684  84986  94903  54288  81566  
55285  92143  60879  47321  93333  98063  53476  50375  96380  84213  58501  72509  35876  67500  70192  88785  89050  71108  86089  62456  84015  88668  46273  39557  34990  92224  90419  43964  77430  64863  60504  50497  98334  83535  88606  61106  95038  70649  35504  88055  53112  41903  76133  83366  58677  42165  41814  34325  59539  89193  74669  64532  41781  56817  97022  93035  62537  46283  72480  82139  89440  57738  79964  86695  80579  41543  54583  71452  61999  75852  86500  37068  51203  94065  98128  
48734  77943  41290  92709  82880  41802  52032  99978  99680  56159  60555  89877  44900  60615  85138  85706  38860  88191  47270  77631  44670  67788  87136  82609  52981  71850  83914  63520  60522  82107  67070  89100  98508  36996  53048  83017  50600  40806  45001  64081  83813  34857  35740  50949  73814  34482  39606  72818  67079  42439  67459  94369  49776  67879  70519  36791  37364  35963  43529  49529  64585  72798  84451  38791  37957  52521  99756  97418  77131  56175  68402  55685  69201  79606  80464  
81028  59625  81663  81391  49985  38667  66026  64579  49903  94192  35902  48185  97144  85105  78318  96171  94913  88044  42675  82931  62441  58757  71607  70268  42351  47587  82083  66531  45301  82432  75855  53905  63574  81638  37543  46115  68028  50773  82110  60383  58603  83173  91352  50715  65662  36548  88647  64827  87371  34667  64965  55602  57156  57749  72490  35195  46419  99289  90103  82306  43816  66539  49509  43203  46127  74833  40671  98539  43338  70781  42932  40989  62681  45216  99637  
68487  47379  55570  82519  80311  67661  79041  58700  73232  39100  98182  55819  75363  45076  68462  57758  69326  81597  89739  96850  51409  41094  43922  65747  65131  91387  84053  50580  60513  72570  44327  75350  92839  55864  58018  61453  46889  48086  56522  59952  65077  85401  87297  86584  83630  50047  65822  94166  63246  63034  88399  84219  76316  39792  75698  60842  61936  34426  43367  37023  48732  56903  76322  58410  88284  41003  99478  61311  57711  52470  55269  90653  80817  66501  43139  
95732  80495  47788  70121  41364  83033  74795  51782  72343  80229  70957  43306  57252  60794  98411  82425  46769  74101  49989  51390  93177  98781  59505  83225  85557  90095  72419  91875  55320  86801  42690  81210  76142  67911  68206  76990  77695  77910  57525  81425  52017  84409  84070  58567  76875  53409  56513  53495  75473  54714  55715  38332  81122  97533  66715  67680  60030  35828  47734  75222  62671  89613  67480  73681  36984  64720  84294  53902  99135  70728  55171  83569  52292  88545  60523  
58571  50638  88176  93701  78269  54221  69161  75058  78710  84669  49916  95545  40208  97512  37356  75446  94056  52635  74009  99852  86949  49765  60572  61263  86059  99692  45458  92315  82499  52661  39835  36651  63218  84664  43279  47764  43381  99572  85562  69214  62549  96314  80573  39039  38862  33889  90908  78745  70160  65081  47285  91584  94732  71837  66389  36602  37729  59556  57152  57560  73982  44371  59937  37949  50630  99701  70824  83917  40454  90547  48849  69239  53940  81902  48659  
77851  40858  69637  80518  62676  40820  88254  56798  82147  91989  85800  86253  79976  65527  40804  81999  37420  67039  77657  51606  52276  58347  81313  77596  87332  90738  96537  38195  47973  39032  91550  46209  53854  36814  43283  85925  72099  57273  71084  87933  49880  64728  99976  97787  98654  64176  43635  57842  64747  82577  90076  40133  47887  63754  76323  72695  67148  75480  79865  76043  82604  73971  41078  36487  60228  61666  91278  67262  94245  41145  48907  41612  46091  47586  66653  
99553  34395  53431  50057  91980  93512  85723  84459  89789  33771  52884  58944  75067  87578  79694  59727  94654  59350  78842  50492  34486  74581  93481  44481  58230  50135  51252  73621  83679  74806  90830  71184  69251  48253  47564  63930  47885  97352  67236  44899  40238  40316  92655  99255  74005  56270  98817  98069  96796  64325  98929  68029  93873  89942  71244  52492  91831  50376  81311  48596  59943  93766  99411  69519  33985  74529  95560  65585  48806  46636  34780  42739  52414  95377  84916  
39544  37883  75311  75455  88914  35790  50354  52950  41236  85555  37147  77130  39938  47417  64049  36344  73383  60807  47907  47799  96767  42814  59811  37441  91685  54219  78017  88522  93259  85208  42226  55780  95009  56500  56704  43180  76450  55340  60314  85022  39985  44476  89775  54068  84913  55277  69401  35871  62738  86448  