34  39  41  49  84  103  114  124  128  134  143  145  145  149  150  154  162  167  173  217  245  260  260  277  279  284  295  312  315  318  325  330  330  332  367  372  396  427  442  451  452  465  466  468  475  480  481  488  499  522  529  529  533  539  544  575  625  645  649  651  651  654  659  663  679  690  698  715  717  747  767  769  775  781  785  
816  846  850  864  865  880  881  882  888  897  903  903  911  917  919  924  929  931  940  950  957  972  980  1008  1014  1016  1018  1020  1020  1025  1027  1042  1045  1056  1059  1076  1076  1080  1099  1105  1105  1114  1124  1132  1145  1146  1150  1169  1173  1174  1182  1183  1199  1211  1214  1225  1230  1234  1244  1247  1249  1261  1271  1282  1317  1367  1380  1418  1433  1447  1453  1455  1492  1505  1516  
1523  1526  1526  1528  1582  1584  1592  1594  1594  1597  1607  1612  1622  1626  1628  1628  1632  1642  1650  1662  1664  1668  1684  1717  1721  1727  1740  1745  1760  1779  1779  1780  1781  1787  1819  1826  1827  1829  1831  1832  1838  1840  1854  1871  1872  1872  1876  1899  1909  1948  1986  1987  1994  2000  2005  2016  2027  2028  2047  2066  2074  2082  2093  2096  2100  2103  2118  2123  2127  2134  2141  2154  2169  2169  2183  
2210  2223  2236  2246  2248  2260  2278  2280  2282  2285  2319  2329  2331  2340  2345  2355  2362  2367  2374  2375  2389  2393  2411  2420  2431  2432  2434  2448  2448  2454  2479  2486  2493  2495  2498  2504  2509  2536  2571  2571  2595  2596  2597  2599  2642  2656  2662  2668  2669  2673  2681  2681  2692  2694  2703  2714  2720  2721  2728  2729  2734  2737  2743  2745  2752  2761  2766  2787  2813  2826  2831  2832  2849  2865  2879  
2897  2928  2931  2934  2943  2961  2962  2979  2989  3009  3027  3028  3029  3030  3061  3062  3062  3062  3072  3079  3101  3118  3129  3134  3150  3152  3158  3158  3161  3174  3174  3175  3181  3188  3213  3218  3218  3220  3225  3235  3240  3246  3251  3259  3283  3297  3302  3306  3311  3316  3328  3330  3332  3337  3338  3358  3400  3411  3413  3422  3426  3431  3439  3442  3443  3449  3460  3475  3484  3486  3491  3501  3522  3523  3526  
3536  3539  3541  3543  3544  3546  3549  3556  3558  3563  3565  3569  3575  3578  3581  3587  3592  3593  3597  3608  3624  3634  3634  3638  3662  3685  3707  3707  3724  3737  3741  3754  3757  3780  3802  3813  3817  3833  3836  3843  3851  3854  3855  3865  3866  3875  3877  3891  3926  3955  3963  3971  3990  3993  3996  4004  4013  4030  4034  4037  4061  4087  4092  4099  4102  4106  4138  4139  4158  4161  4163  4164  4170  4193  4204  
4204  4210  4223  4225  4228  4237  4250  4268  4271  4273  4276  4304  4307  4310  4314  4326  4326  4330  4335  4335  4340  4351  4354  4355  4356  4365  4372  4386  4388  4391  4397  4399  4401  4411  4416  4421  4421  4423  4432  4441  4447  4450  4464  4481  4494  4501  4504  4504  4519  4530  4536  4542  4563  4569  4588  4589  4593  4606  4614  4635  4640  4643  4645  4648  4648  4650  4652  4664  4683  4684  4710  4718  4730  4736  4768  
4790  4792  4808  4819  4840  4847  4869  4871  4871  4874  4889  4889  4889  4894  4897  4901  4905  4912  4917  4917  4924  4930  4933  4937  4952  4955  4956  4973  5003  5010  5015  5023  5043  5046  5046  5050  5062  5073  5077  5099  5102  5106  5107  5109  5114  5120  5128  5135  5137  5142  5149  5151  5157  5157  5158  5175  5176  5179  5184  5187  5193  5205  5217  5221  5236  5259  5261  5273  5274  5274  5274  5288  5331  5340  5352  
5354  5354  5358  5360  5371  5374  5381  5426  5429  5449  5469  5488  5489  5502  5508  5512  5515  5533  5536  5577  5582  5584  5599  5605  5609  5622  5623  5640  5656  5658  5667  5667  5683  5691  5700  5707  5708  5716  5722  5746  5751  5758  5763  5763  5764  5809  5809  5813  5834  5844  5849  5851  5856  5860  5867  5876  5878  5879  5893  5923  5936  5946  5956  5957  5967  5967  5967  5971  5974  5975  5975  6003  6006  6009  6013  
6026  6028  6038  6041  6059  6073  6085  6091  6103  6115  6117  6121  6124  6136  6149  6164  6164  6173  6181  6190  6197  6201  6225  6226  6231  6237  6238  6241  6251  6255  6268  6284  6284  6290  6300  6311  6315  6322  6327  6337  6343  6346  6347  6367  6378  6378  6393  6394  6423  6426  6454  6455  6477  6478  6481  6482  6487  6488  6512  6517  6517  6517  6521  6537  6538  6540  6544  6548  6560  6596  6622  6631  6632  6648  6654  
6664  6682  6683  6687  6704  6705  6731  6736  6738  6747  6768  6770  6780  6781  6793  6813  6818  6823  6829  6830  6844  6846  6847  6859  6860  6861  6877  6891  6891  6898  6908  6914  6933  6950  6956  6961  6974  6980  6981  6991  6999  7003  7005  7013  7026  7031  7048  7063  7068  7083  7104  7106  7117  7120  7135  7139  7142  7146  7148  7150  7165  7169  7170  7182  7187  7192  7204  7210  7234  7234  7241  7289  7290  7293  7302  
7304  7310  7311  7322  7324  7328  7348  7355  7362  7368  7369  7376  7378  7380  7383  7394  7400  7401  7403  7420  7420  7425  7427  7438  7456  7477  7493  7495  7500  7523  7526  7550  7575  7582  7583  7598  7606  7619  7623  7635  7652  7653  7659  7659  7660  7662  7677  7683  7684  7685  7691  7694  7702  7703  7703  7721  7722  7743  7745  7748  7759  7782  7785  7799  7820  7841  7857  7863  7863  7870  7887  7888  7897  7906  7914  
7918  7947  7949  7950  7952  8010  8022  8024  8033  8047  8055  8055  8074  8076  8108  8108  8111  8112  8116  8118  8123  8129  8143  8155  8167  8174  8184  8196  8196  8199  8200  8211  8217  8226  8231  8239  8244  8248  8251  8257  8261  8273  8276  8299  8301  8304  8305  8309  8312  8325  8332  8341  8346  8378  8385  8391  8405  8408  8410  8418  8443  8450  8453  8467  8472  8479  8484  8484  8486  8493  8529  8530  8547  8572  8573  
8582  8590  8605  8610  8612  8619  8624  8626  8638  8655  8664  8676  8678  8686  8687  8695  8696  8714  8720  8726  8727  8734  8759  8759  8770  8776  8776  8785  8788  8793  8795  8819  8828  8828  8831  8839  8847  8875  8885  8885  8916  8919  8920  8921  8929  8936  8977  8980  8984  8984  8985  8989  8989  9009  9012  9024  9032  9045  9046  9052  9052  9055  9065  9072  9096  9099  9111  9120  9127  9135  9144  9150  9151  9156  9167  
9188  9193  9198  9206  9219  9235  9238  9245  9247  9272  9274  9315  9318  9322  9332  9339  9363  9366  9367  9379  9390  9404  9407  9442  9444  9445  9490  9503  9506  9534  9543  9554  9558  9565  9573  9576  9579  9598  9600  9646  9666  9670  9672  9676  9699  9699  9709  9715  9723  9723  9727  9732  9734  9741  9746  9754  9779  9780  9790  9795  9807  9807  9818  9835  9841  9845  9862  9869  9874  9885  9886  9887  9894  9914  9921  
9928  9929  9945  9979  9991  9999  9999  10004  10009  10035  10043  10043  10045  10070  10071  10080  10082  10090  10100  10107  10118  10127  10128  10129  10130  10147  10149  10151  10167  10172  10175  10181  10197  10202  10212  10258  10262  10272  10274  10291  10292  10293  10296  10304  10348  10349  10350  10359  10359  10361  10374  10394  10403  10405  10424  10433  10474  10475  10497  10508  10512  10516  10518  10521  10527  10542  10579  10580  10596  10601  10607  10626  10631  10638  10654  
10659  10660  10669  10669  10669  10688  10690  10715  10727  10728  10734  10736  10748  10750  10754  10776  10791  10796  10805  10806  10809  10819  10834  10836  10860  10865  10872  10883  10897  10899  10901  10910  10917  10924  10926  10928  10935  10936  10942  10945  10954  10958  10961  10983  11009  11016  11025  11026  11029  11035  11052  11066  11067  11080  11088  11094  11098  11125  11143  11153  11161  11171  11181  11195  11203  11205  11212  11232  11265  11275  11279  11310  11319  11326  11339  
11349  11375  11389  11403  11408  11413  11415  11435  11439  11440  11443  11444  11451  11455  11460  11465  11471  11472  11482  11484  11516  11519  11521  11535  11546  11547  11549  11565  11593  11593  11618  11625  11627  11688  11690  11707  11711  11715  11717  11730  11740  11742  11756  11756  11757  11760  11763  11775  11777  11778  11779  11779  11784  11801  11813  11814  11822  11829  11837  11838  11867  11876  11879  11881  11903  11909  11923  11930  11933  11934  11942  11942  11961  11967  11970  
11981  11981  11991  11993  11993  11996  12001  12002  12003  12007  12009  12017  12022  12034  12058  12088  12091  12101  12122  12127  12127  12128  12132  12133  12143  12148  12152  12160  12168  12168  12178  12188  12208  12217  12220  12220  12221  12224  12251  12267  12281  12284  12285  12300  12313  12314  12329  12331  12334  12349  12350  12360  12375  12398  12426  12465  12470  12487  12492  12511  12516  12528  12547  12547  12550  12562  12570  12574  12602  12604  12605  12610  12624  12628  12633  
12642  12645  12660  12661  12663  12677  12695  12696  12696  12705  12715  12717  12720  12723  12724  12725  12727  12729  12762  12766  12774  12795  12798  12799  12805  12806  12810  12838  12852  12857  12865  12906  12913  12915  12916  12917  12933  12936  12950  12950  12955  12958  12969  12973  12986  12987  12992  12994  13007  13020  13038  13040  13040  13045  13065  13069  13075  13081  13081  13085  13086  13087  13093  13096  13108  13111  13111  13114  13117  13129  13134  13143  13151  13154  13156  
13174  13180  13185  13197  13203  13204  13215  13217  13217  13223  13229  13242  13244  13248  13254  13266  13317  13320  13321  13329  13330  13351  13354  13356  13364  13365  13369  13374  13378  13388  13404  13405  13406  13415  13416  13424  13432  13437  13441  13448  13466  13469  13474  13487  13504  13504  13508  13511  13535  13536  13543  13545  13546  13552  13559  13559  13565  13584  13601  13618  13644  13648  13657  13662  13671  13675  13675  13680  13692  13715  13717  13739  13739  13745  13747  
13757  13768  13785  13786  13804  13811  13813  13825  13839  13861  13864  13877  13880  13882  13886  13888  13889  13898  13914  13921  13943  13949  13953  13970  13978  13986  13988  14000  14002  14060  14063  14070  14081  14091  14101  14111  14117  14118  14120  14123  14125  14127  14130  14131  14137  14137  14146  14152  14156  14167  14168  14169  14178  14198  14203  14205  14208  14239  14272  14273  14306  14310  14320  14321  14333  14342  14354  14371  14378  14398  14400  14404  14407  14413  14414  
14424  14426  14430  14436  14448  14451  14458  14483  14493  14540  14549  14575  14579  14593  14604  14628  14629  14636  14637  14650  14655  14660  14668  14710  14726  14731  14731  14750  14754  14756  14763  14767  14783  14784  14793  14796  14797  14799  14810  14814  14820  14822  14835  14837  14838  14851  14857  14867  14871  14877  14879  14887  14892  14900  14907  14920  14923  14924  14929  14936  14955  14982  14993  14994  15015  15022  15023  15031  15033  15036  15047  15052  15055  15068  15074  
15075  15086  15089  15096  15143  15146  15151  15153  15170  15173  15184  15196  15212  15222  15232  15253  15254  15254  15269  15274  15293  15297  15298  15301  15320  15326  15334  15349  15356  15364  15366  15386  15403  15407  15422  15423  15441  15445  15455  15457  15469  15472  15478  15482  15496  15498  15511  15520  15521  15522  15533  15577  15580  15583  15587  15601  15606  15611  15613  15623  15637  15638  15660  15669  15673  15684  15700  15701  15705  15710  15712  15718  15720  15729  15734  
15736  15737  15769  15769  15783  15804  15810  15818  15841  15844  15847  15850  15858  15860  15886  15897  15904  15911  15922  15924  15927  15932  15941  15944  15947  15949  15981  15989  16000  16010  16013  16017  16018  16030  16040  16040  16043  16047  16060  16061  16083  16092  16101  16111  16113  16124  16136  16140  16147  16153  16153  16166  16168  16177  16181  16189  16200  16201  16209  16214  16222  16224  16235  16255  16287  16288  16305  16330  16334  16340  16350  16370  16377  16379  16396  
16398  16405  16416  16430  16432  16434  16434  16468  16474  16504  16526  16528  16541  16563  16577  16577  16598  16609  16616  16630  16645  16662  16663  16678  16682  16701  16702  16702  16706  16738  16743  16756  16759  16765  16781  16786  16793  16808  16809  16817  16820  16865  16873  16873  16878  16879  16883  16907  16912  16919  16937  16945  16948  16950  16961  16961  16966  16975  16978  16985  16993  16994  17010  17013  17017  17027  17036  17054  17058  17093  17097  17105  17108  17126  17126  
17129  17146  17151  17153  17155  17164  17170  17189  17205  17208  17216  17232  17234  17242  17255  17263  17270  17270  17282  17296  17298  17305  17320  17331  17343  17347  17348  17348  17360  17369  17373  17377  17394  17395  17400  17401  17402  17416  17425  17443  17444  17445  17447  17466  17466  17473  17483  17487  17488  17492  17492  17499  17500  17506  17508  17509  17509  17515  17518  17527  17551  17555  17569  17579  17607  17608  17648  17650  17658  17660  17685  17689  17689  17693  17696  
17700  17703  17707  17710  17726  17727  17754  17754  17761  17769  17774  17778  17778  17787  17795  17802  17805  17805  17814  17815  17835  17867  17875  17880  17885  17916  17918  17946  17953  17959  17960  17964  17970  17982  17983  17989  17991  17994  17998  18004  18013  18019  18019  18020  18047  18054  18080  18100  18107  18112  18115  18121  18123  18127  18128  18129  18137  18148  18150  18152  18201  18210  18215  18216  18220  18243  18245  18251  18270  18270  18290  18313  18314  18316  18333  
18339  18340  18342  18348  18357  18360  18384  18407  18415  18418  18425  18430  18433  18446  18448  18456  18466  18482  18482  18490  18505  18518  18545  18547  18551  18551  18554  18576  18577  18581  18585  18609  18620  18632  18636  18638  18643  18650  18650  18655  18659  18666  18668  18673  18691  18700  18706  18745  18748  18748  18748  18749  18752  18758  18761  18763  18786  18789  18794  18797  18828  18834  18836  18846  18864  18871  18878  18880  18907  18920  18927  18937  18940  18945  18956  
18958  18968  18986  18988  19008  19013  19019  19031  19042  19054  19060  19070  19070  19072  19073  19073  19078  19081  19081  19089  19094  19112  19114  19119  19125  19129  19168  19178  19179  19182  19201  19230  19237  19246  19250  19253  19257  19262  19266  19273  19274  19274  19290  19292  19307  19318  19320  19356  19386  19388  19416  19428  19432  19442  19451  19464  19470  19491  19502  19505  19507  19512  19521  19537  19541  19541  19556  19560  19574  19574  19574  19587  19590  19599  19623  
19636  19645  19647  19648  19652  19673  19678  19680  19720  19720  19721  19724  19725  19735  19738  19745  19757  19760  19774  19789  19791  19800  19808  19808  19810  19814  19814  19817  19828  19830  19831  19841  19875  19881  19885  19889  19892  19910  19926  19933  19937  19938  19939  19940  19943  19948  19952  19974  19982  19982  19997  20000  20000  20030  20037  20037  20043  20048  20061  20065  20067  20073  20077  20088  20112  20117  20124  20126  20127  20135  20155  20157  20158  20173  20189  
20199  20199  20201  20208  20215  20231  20256  20257  20261  20263  20263  20293  20305  20310  20311  20318  20328  20331  20366  20378  20384  20390  20394  20396  20400  20429  20438  20448  20473  20485  20491  20524  20549  20553  20569  20578  20588  20602  20603  20604  20606  20615  20619  20621  20635  20648  20672  20699  20702  20702  20705  20712  20719  20726  20730  20731  20744  20747  20765  20795  20801  20818  20819  20836  20876  20877  20879  20884  20889  20891  20917  20920  20925  20959  20969  
20971  20981  21001  21018  21045  21053  21054  21071  21085  21092  21097  21122  21130  21132  21133  21136  21154  21165  21183  21193  21215  21230  21240  21251  21253  21261  21266  21271  21281  21285  21323  21331  21347  21359  21370  21376  21415  21425  21427  21429  21434  21444  21450  21467  21471  21477  21485  21494  21558  21560  21575  21580  21597  21600  21603  21642  21642  21645  21646  21646  21651  21654  21658  21659  21666  21681  21712  21714  21714  21716  21742  21755  21755  21757  21760  
21770  21773  21789  21811  21835  21839  21841  21845  21865  21868  21871  21912  21912  21914  21920  21944  21948  22017  22021  22024  22025  22040  22046  22053  22057  22062  22063  22074  22076  22077  22089  22094  22095  22102  22102  22108  22115  22120  22123  22124  22130  22134  22138  22142  22147  22165  22193  22208  22214  22223  22234  22239  22252  22259  22268  22270  22271  22276  22276  22279  22279  22281  22281  22306  22312  22317  22318  22321  22325  22335  22346  22358  22369  22374  22390  
22400  22452  22462  22476  22477  22477  22478  22479  22483  22505  22511  22522  22523  22525  22529  22534  22547  22553  22565  22568  22577  22577  22596  22596  22604  22618  22621  22628  22628  22637  22663  22664  22672  22673  22674  22681  22692  22704  22713  22717  22718  22730  22730  22740  22753  22753  22757  22758  22760  22770  22771  22772  22776  22777  22785  22794  22809  22827  22829  22833  22836  22856  22863  22870  22875  22879  22891  22905  22952  22953  22958  22966  22967  22987  22987  
22989  22990  23007  23016  23022  23027  23027  23031  23037  23048  23059  23063  23075  23087  23094  23100  23109  23120  23128  23132  23134  23134  23141  23152  23159  23161  23161  23165  23175  23197  23198  23238  23265  23277  23277  23299  23306  23307  23321  23327  23337  23344  23347  23348  23361  23362  23364  23368  23368  23381  23383  23384  23405  23405  23410  23425  23425  23430  23439  23451  23478  23500  23518  23519  23521  23547  23555  23555  23561  23569  23590  23599  23617  23629  23635  
23660  23664  23669  23670  23672  23675  23676  23680  23683  23694  23697  23713  23717  23718  23724  23729  23734  23760  23763  23798  23799  23813  23816  23832  23846  23879  23883  23884  23904  23912  23942  23970  23990  24009  24012  24014  24036  24040  24048  24051  24080  24090  24102  24114  24134  24146  24157  24161  24168  24173  24199  24211  24211  24213  24221  24226  24229  24233  24235  24236  24239  24242  24250  24254  24276  24298  24306  24326  24326  24347  24347  24370  24380  24388  24392  
24401  24402  24422  24444  24452  24511  24513  24514  24526  24535  24537  24542  24557  24559  24571  24573  24576  24614  24627  24653  24653  24659  24670  24720  24730  24740  24754  24760  24765  24769  24781  24781  24792  24793  24798  24798  24801  24801  24802  24811  24832  24840  24843  24862  24873  24876  24887  24888  24895  24903  24911  24944  24946  24947  24950  24950  24959  24971  24974  24981  24983  25009  25014  25016  25017  25030  25039  25075  25076  25076  25083  25087  25097  25116  25118  
25119  25142  25144  25149  25156  25162  25163  25171  25171  25172  25174  25182  25201  25215  25216  25217  25227  25241  25248  25274  25278  25283  25291  25292  25293  25307  25328  25331  25336  25337  25353  25361  25363  25381  25382  25397  25413  25435  25439  25449  25451  25456  25466  25467  25484  25489  25494  25505  25511  25515  25517  25530  25552  25553  25554  25563  25567  25580  25584  25585  25597  25600  25638  25655  25657  25663  25663  25682  25701  25729  25730  25737  25765  25778  25779  
25799  25804  25805  25811  25821  25822  25846  25853  25865  25873  25874  25908  25912  25914  25933  25944  25950  25954  25980  25996  26008  26036  26036  26057  26099  26112  26122  26139  26144  26150  26161  26164  26171  26182  26191  26222  26233  26237  26242  26259  26276  26277  26278  26305  26310  26325  26330  26333  26335  26336  26339  26345  26367  26370  26399  26400  26409  26416  26418  26420  26431  26440  26446  26460  26497  26511  26519  26543  26563  26581  26583  26587  26592  26657  26661  
26672  26673  26674  26713  26721  26723  26727  26731  26732  26742  26755  26765  26770  26772  26780  26792  26804  26814  26827  26827  26835  26836  26841  26842  26856  26872  26888  26889  26905  26907  26910  26918  26923  26961  26971  26976  26994  27000  27007  27009  27013  27013  27014  27016  27018  27022  27028  27030  27035  27053  27061  27066  27070  27074  27075  27075  27080  27084  27089  27091  27093  27099  27101  27107  27109  27112  27112  27116  27117  27121  27132  27142  27147  27152  27168  
27182  27188  27190  27213  27224  27239  27267  27276  27295  27308  27311  27336  27339  27349  27368  27377  27404  27406  27407  27416  27437  27437  27449  27455  27456  27491  27507  27511  27520  27524  27527  27538  27573  27582  27585  27592  27595  27603  27610  27620  27621  27647  27672  27681  27686  27692  27705  27720  27726  27729  27736  27739  27746  27771  27771  27772  27784  27796  27796  27808  27813  27843  27844  27860  27868  27874  27875  27876  27880  27887  27895  27920  27921  27929  27938  
27945  27983  27987  27987  28008  28015  28034  28066  28067  28082  28089  28091  28123  28139  28140  28165  28171  28172  28180  28181  28196  28206  28207  28209  28212  28215  28232  28239  28258  28259  28261  28265  28287  28299  28304  28306  28314  28328  28337  28345  28348  28350  28366  28380  28396  28401  28403  28411  28413  28431  28432  28456  28459  28459  28484  28487  28488  28488  28509  28541  28565  28570  28586  28591  28601  28607  28615  28621  28629  28661  28693  28718  28721  28727  28735  
28735  28744  28770  28771  28774  28776  28779  28795  28806  28820  28828  28829  28838  28847  28851  28864  28865  28870  28894  28894  28899  28930  28933  28937  28940  28953  28956  28966  28977  29003  29028  29052  29086  29100  29116  29121  29125  29136  29160  29161  29162  29162  29173  29186  29194  29201  29211  29219  29223  29224  29233  29255  29255  29257  29264  29269  29283  29292  29295  29321  29339  29351  29360  29361  29363  29365  29373  29379  29380  29384  29387  29401  29408  29411  29423  
29433  29434  29437  29439  29441  29453  29459  29470  29471  29483  29487  29490  29494  29499  29500  29505  29525  29530  29531  29536  29543  29550  29553  29571  29575  29576  29593  29604  29619  29627  29631  29631  29682  29706  29719  29720  29727  29730  29734  29735  29748  29761  29761  29780  29780  29782  29783  29795  29804  29805  29818  29824  29824  29829  29834  29847  29855  29860  29861  29861  29891  29905  29911  29924  29957  29960  30003  30004  30016  30032  30037  30048  30053  30053  30068  
30075  30077  30079  30097  30105  30120  30121  30122  30124  30126  30128  30129  30133  30145  30147  30175  30182  30212  30241  30259  30275  30276  30282  30283  30285  30297  30314  30317  30319  30321  30356  30357  30377  30380  30381  30382  30393  30398  30412  30430  30435  30454  30467  30468  30469  30469  30491  30496  30506  30526  30527  30555  30556  30565  30572  30610  30635  30655  30657  30660  30673  30673  30674  30676  30679  30682  30687  30698  30701  30704  30705  30711  30724  30751  30753  
30759  30763  30767  30769  30775  30785  30797  30803  30833  30834  30846  30858  30876  30879  30888  30891  30892  30913  30913  30917  30918  30923  30954  30961  30961  30971  30971  30974  30983  30983  30984  31004  31033  31034  31034  31035  31040  31049  31050  31063  31071  31075  31077  31081  31084  31095  31102  31105  31113  31145  31146  31146  31193  31203  31213  31215  31215  31242  31250  31252  31252  31262  31266  31285  31301  31306  31306  31311  31334  31341  31347  31359  31369  31369  31373  
31387  31397  31401  31415  31437  31437  31438  31449  31494  31500  31516  31535  31547  31548  31570  31576  31598  31602  31603  31608  31609  31629  31634  31641  31667  31669  31672  31678  31702  31713  31717  31739  31744  31756  31762  31766  31780  31781  31791  31799  31809  31811  31819  31825  31831  31857  31876  31878  31884  31886  31895  31904  31946  31970  31973  31985  31988  32000  32002  32006  32011  32014  32016  32044  32046  32069  32079  32081  32098  32098  32106  32135  32140  32144  32155  
32162  32168  32170  32179  32193  32197  32198  32204  32209  32209  32216  32228  32230  32241  32250  32260  32261  32267  32267  32272  32272  32278  32282  32291  32291  32298  32300  32301  32308  32311  32319  32326  32352  32354  32358  32371  32373  32379  32394  32401  32405  32412  32437  32439  32464  32464  32467  32471  32475  32476  32484  32491  32491  32508  32521  32545  32550  32556  32558  32559  32560  32581  32601  32611  32621  32621  32625  32638  32654  32655  32656  32673  32696  32700  32705  
32724  32734  32756  32769  32773  32774  32787  32798  32802  32826  32828  32844  32849  32851  32853  32863  32876  32882  32901  32907  32917  32930  32934  32942  32944  32947  32961  32964  32966  32973  32988  33016  33057  33062  33063  33068  33078  33081  33083  33103  33109  33110  33113  33121  33135  33138  33141  33168  33182  33196  33200  33201  33202  33203  33208  33219  33221  33222  33255  33271  33296  33299  33319  33346  33347  33361  33401  33402  33415  33425  33432  33432  33444  33456  33463  
33468  33475  33485  33491  33514  33522  33526  33530  33559  33562  33579  33582  33594  33599  33607  33614  33631  33638  33640  33649  33651  33708  33712  33716  33732  33750  33752  33756  33766  33771  33782  33806  33815  33817  33819  33834  33843  33872  33873  33885  33889  33892  33897  33897  33904  33904  33907  33918  33926  33939  33962  33971  33985  33990  33997  34002  34007  34016  34027  34028  34043  34055  34066  34077  34090  34095  34106  34106  34110  34140  34148  34150  34167  34169  34171  
34174  34185  34187  34200  34234  34240  34249  34291  34292  34308  34323  34325  34337  34345  34346  34375  34384  34386  34395  34399  34404  34407  34409  34415  34419  34422  34423  34426  34428  34432  34435  34436  34438  34441  34442  34458  34465  34468  34471  34482  34483  34486  34492  34501  34505  34525  34540  34542  34573  34573  34582  34600  34609  34618  34622  34631  34640  34648  34653  34654  34655  34667  34670  34670  34678  34687  34701  34721  34747  34760  34766  34768  34780  34796  34801  
34803  34811  34826  34834  34842  34849  34854  34857  34860  34860  34867  34874  34876  34898  34916  34931  34932  34951  34956  34963  34979  34982  34988  34990  34996  35006  35034  35043  35045  35049  35063  35066  35068  35091  35092  35097  35114  35122  35122  35129  35143  35144  35146  35172  35179  35184  35188  35189  35193  35194  35195  35215  35219  35258  35261  35262  35276  35283  35303  35304  35307  35337  35344  35356  35358  35360  35369  35396  35412  35422  35422  35431  35488  35504  35514  
35523  35547  35615  35622  35642  35646  35646  35650  35661  35662  35665  35665  35678  35684  35688  35697  35706  35726  35740  35741  35742  35748  35757  35759  35790  35790  35791  35801  35820  35821  35828  35845  35851  35852  35860  35870  35871  35876  35883  35902  35906  35915  35920  35929  35944  35954  35957  35957  35963  35964  35972  35985  35986  35988  35992  35996  36010  36013  36015  36018  36023  36023  36034  36035  36050  36057  36058  36062  36073  36102  36106  36116  36119  36135  36139  
36140  36162  36166  36185  36187  36192  36217  36223  36228  36232  36252  36261  36269  36273  36275  36283  36286  36289  36301  36303  36317  36318  36328  36334  36335  36336  36340  36344  36355  36363  36373  36374  36394  36396  36410  36423  36427  36441  36452  36468  36469  36487  36487  36492  36496  36496  36497  36520  36530  36546  36548  36551  36559  36591  36602  36650  36651  36654  36658  36666  36672  36684  36688  36698  36728  36747  36758  36765  36771  36777  36779  36780  36785  36791  36791  
36793  36813  36814  36817  36822  36832  36841  36847  36852  36871  36875  36887  36894  36898  36908  36915  36915  36918  36940  36955  36959  36961  36969  36984  36985  36996  36996  37023  37024  37065  37066  37066  37068  37076  37093  37095  37102  37103  37107  37112  37113  37147  37173  37177  37181  37182  37188  37198  37231  37237  37244  37252  37256  37260  37269  37287  37292  37314  37321  37331  37333  37333  37334  37345  37356  37364  37364  37372  37373  37398  37420  37426  37437  37441  37455  
37462  37472  37474  37480  37495  37512  37512  37521  37521  37522  37543  37562  37563  37573  37573  37589  37609  37615  37622  37623  37644  37654  37657  37663  37680  37684  37687  37707  37728  37729  37741  37759  37769  37778  37815  37822  37841  37847  37848  37849  37849  37850  37854  37855  37858  37859  37869  37883  37883  37888  37921  37922  37936  37949  37951  37957  37997  38027  38064  38083  38087  38113  38126  38132  38137  38138  38142  38146  38157  38178  38180  38195  38236  38241  38249  
38255  38257  38259  38270  38290  38291  38297  38300  38301  38302  38312  38315  38323  38326  38332  38352  38354  38355  38390  38416  38423  38425  38427  38440  38447  38448  38455  38462  38472  38479  38482  38485  38516  38518  38550  38551  38565  38579  38583  38596  38603  38607  38609  38628  38635  38637  38637  38667  38680  38690  38694  38706  38709  38709  38714  38723  38751  38752  38781  38782  38789  38791  38795  38801  38801  38802  38804  38806  38811  38819  38822  38842  38845  38848  38860  
38862  38866  38868  38886  38892  38930  38930  38971  38974  39010  39020  39020  39032  39033  39039  39043  39044  39091  39097  39100  39108  39114  39119  39123  39156  39157  39160  39190  39192  39192  39197  39200  39204  39206  39225  39241  39266  39281  39305  39306  39325  39350  39355  39355  39360  39374  39392  39414  39439  39441  39441  39443  39443  39448  39456  39466  39484  39487  39488  39495  39500  39510  39515  39544  39547  39557  39585  39589  39591  39606  39617  39629  39632  39665  39665  
39677  39718  39721  39730  39733  39754  39760  39779  39790  39792  39793  39800  39819  39823  39824  39833  39835  39841  39860  39870  39872  39896  39902  39905  39919  39932  39938  39940  39970  39985  39987  40004  40018  40037  40061  40082  40106  40117  40133  40137  40154  40159  40172  40197  40204  40207  40208  40211  40222  40226  40229  40238  40240  40243  40244  40246  40272  40284  40316  40323  40325  40329  40369  40405  40409  40413  40415  40436  40446  40448  40454  40460  40464  40477  40478  
40481  40500  40506  40514  40523  40529  40537  40544  40549  40556  40566  40567  40589  40606  40609  40613  40629  40645  40651  40657  40671  40690  40693  40722  40732  40746  40748  40760  40790  40795  40804  40806  40807  40812  40815  40816  40820  40826  40844  40846  40858  40873  40876  40882  40892  40904  40908  40919  40924  40942  40956  40973  40978  40989  41003  41003  41014  41020  41046  41050  41066  41068  41074  41078  41086  41091  41093  41094  41140  41145  41160  41188  41191  41214  41222  
41226  41232  41236  41237  41239  41280  41281  41290  41295  41302  41338  41342  41351  41360  41364  41369  41383  41390  41396  41399  41401  41420  41422  41432  41448  41454  41462  41473  41475  41502  41520  41520  41539  41543  41562  41574  41588  41601  41603  41606  41606  41612  41613  41629  41644  41674  41687  41695  41711  41719  41725  41736  41755  41756  41761  41764  41764  41767  41781  41799  41802  41804  41813  41814  41831  41833  41840  41847  41861  41861  41864  41871  41877  41878  41882  
41883  41884  41891  41894  41903  41906  41906  41907  41921  41949  41970  41973  41976  41983  42002  42014  42052  42078  42083  42099  42121  42127  42132  42136  42139  42154  42165  42177  42183  42187  42190  42213  42215  42226  42230  42234  42235  42236  42245  42250  42260  42260  42282  42315  42315  42320  42323  42325  42328  42348  42351  42355  42359  42361  42381  42389  42396  42400  42412  42414  42416  42439  42446  42450  42496  42499  42508  42511  42523  42525  42532  42550  42559  42561  42562  
42594  42598  42607  42620  42620  42628  42629  42634  42637  42642  42646  42655  42664  42665  42667  42675  42682  42685  42690  42694  42724  42737  42738  42739  42746  42755  42757  42770  42780  42784  42785  42798  42814  42825  42828  42859  42859  42868  42869  42878  42887  42891  42898  42914  42914  42932  42938  42940  42958  42981  42985  42987  42995  42996  43003  43007  43012  43023  43030  43036  43038  43046  43057  43069  43077  43077  43088  43089  43089  43107  43113  43121  43127  43132  43134  
43135  43139  43142  43145  43170  43171  43174  43180  43181  43185  43203  43204  43218  43223  43239  43263  43265  43266  43268  43279  43283  43291  43306  43318  43332  43337  43338  43338  43361  43367  43381  43388  43400  43408  43410  43412  43417  43430  43439  43455  43465  43483  43502  43503  43505  43506  43529  43543  43574  43576  43576  43578  43579  43591  43602  43609  43610  43622  43625  43630  43635  43652  43656  43660  43662  43669  43672  43679  43702  43705  43750  43752  43768  43768  43775  
43775  43780  43795  43797  43816  43827  43830  43858  43863  43869  43878  43889  43906  43913  43922  43924  43936  43951  43955  43958  43961  43964  43964  44018  44061  44064  44070  44072  44116  44124  44158  44163  44165  44167  44170  44172  44181  44186  44196  44197  44213  44219  44223  44242  44248  44249  44255  44258  44261  44269  44277  44299  44315  44315  44321  44322  44327  44348  44354  44366  44371  44387  44389  44399  44421  44422  44422  44425  44425  44441  44456  44469  44476  44481  44497  
44516  44518  44524  44534  44547  44549  44554  44569  44572  44573  44587  44598  44615  44623  44639  44642  44656  44661  44670  44671  44678  44689  44690  44696  44705  44711  44718  44724  44731  44731  44749  44760  44801  44803  44817  44822  44823  44828  44853  44867  44887  44899  44900  44911  44934  44951  44952  44976  44977  44982  44987  44991  44993  44996  45001  45007  45015  45017  45039  45040  45048  45062  45075  45076  45076  45097  45101  45108  45109  45112  45117  45119  45133  45135  45139  
45153  45155  45174  45205  45209  45216  45221  45228  45231  45236  45246  45250  45252  45256  45264  45269  45294  45301  45302  45309  45313  45326  45340  45352  45359  45363  45371  45372  45374  45387  45391  45401  45405  45408  45421  45427  45431  45435  45446  45452  45458  45480  45483  45493  45498  45516  45535  45539  45552  45566  45567  45568  45589  45600  45619  45621  45628  45639  45655  45658  45659  45680  45690  45691  45692  45708  45717  45730  45732  45736  45740  45753  45755  45785  45785  
45796  45797  45797  45835  45836  45843  45865  45875  45879  45884  45911  45930  45938  45946  45950  45979  45997  46012  46012  46014  46033  46035  46049  46053  46069  46076  46078  46086  46091  46094  46104  46110  46115  46121  46125  46127  46127  46150  46170  46194  46199  46204  46209  46213  46219  46230  46234  46250  46251  46253  46260  46262  46264  46273  46283  46288  46296  46299  46316  46321  46325  46327  46333  46348  46353  46358  46372  46374  46375  46386  46394  46406  46414  46418  46419  
46422  46423  46431  46443  46454  46462  46477  46481  46482  46495  46497  46507  46534  46543  46544  46547  46551  46559  46569  46576  46577  46582  46597  46604  46618  46624  46626  46636  46640  46670  46670  46675  46675  46676  46677  46678  46700  46700  46723  46726  46732  46754  46757  46761  46768  46769  46774  46775  46796  46812  46816  46817  46818  46833  46850  46854  46889  46890  46902  46902  46922  46947  46955  46957  46958  46967  46993  47002  47011  47012  47058  47090  47104  47119  47131  
47141  47153  47156  47164  47170  47173  47175  47184  47186  47203  47256  47264  47268  47270  47273  47276  47283  47285  47306  47318  47321  47333  47335  47336  47346  47355  47365  47368  47379  47412  47412  47414  47417  47429  47443  47452  47484  47493  47501  47502  47517  47518  47527  47528  47530  47539  47564  47571  47586  47587  47589  47589  47599  47623  47648  47693  47715  47716  47716  47723  47726  47729  47734  47763  47764  47771  47775  47776  47780  47784  47787  47788  47790  47796  47799  
47814  47824  47830  47862  47883  47883  47885  47887  47905  47907  47915  47925  47973  47974  47979  47995  47999  48009  48017  48021  48021  48049  48064  48074  48086  48089  48108  48113  48114  48123  48131  48145  48145  48149  48151  48152  48157  48167  48170  48180  48185  48187  48199  48237  48253  48260  48265  48271  48273  48273  48299  48305  48309  48317  48320  48325  48327  48329  48342  48349  48374  48384  48405  48406  48407  48418  48423  48434  48437  48437  48453  48472  48474  48480  48493  
48513  48516  48552  48555  48562  48581  48581  48596  48611  48611  48620  48625  48645  48654  48659  48662  48680  48709  48714  48732  48733  48733  48734  48734  48757  48768  48787  48806  48809  48830  48841  48849  48855  48861  48862  48863  48891  48903  48907  48909  48913  48914  48946  48962  48963  48963  48968  48973  48982  48987  49004  49013  49017  49022  49078  49081  49085  49089  49094  49098  49099  49114  49122  49126  49130  49146  49153  49153  49156  49179  49216  49216  49218  49222  49239  
49240  49263  49268  49268  49270  49311  49318  49332  49335  49336  49356  49359  49364  49382  49382  49386  49386  49388  49395  49405  49430  49432  49434  49461  49462  49479  49504  49508  49509  49529  49535  49559  49564  49578  49580  49608  49610  49613  49619  49649  49654  49658  49658  49662  49663  49671  49677  49695  49711  49724  49738  49743  49756  49758  49765  49765  49770  49776  49794  49800  49802  49815  49830  49842  49863  49880  49887  49903  49909  49916  49922  49924  49940  49955  49963  
49965  49971  49976  49979  49985  49985  49989  49996  50016  50035  50039  50047  50048  50056  50057  50057  50057  50060  50063  50093  50098  50105  50110  50132  50134  50135  50137  50141  50142  50145  50159  50162  50176  50199  50200  50223  50226  50236  50236  50241  50253  50275  50280  50295  50298  50299  50332  50350  50350  50354  50358  50363  50375  50376  50381  50393  50399  50411  50417  50420  50423  50430  50444  50446  50448  50453  50455  50469  50470  50474  50477  50485  50490  50491  50492  
50495  50497  50501  50507  50527  50537  50557  50561  50561  50568  50574  50580  50580  50589  50590  50600  50617  50621  50627  50630  50638  50642  50649  50663  50666  50670  50672  50672  50691  50696  50702  50715  50739  50740  50772  50773  50788  50797  50818  50851  50865  50866  50884  50886  50904  50906  50912  50916  50922  50929  50932  50948  50949  50953  50954  50956  50957  50959  50960  50973  50996  50997  51016  51022  51025  51040  51056  51057  51058  51081  51083  51185  51191  51199  51203  
51212  51221  51252  51255  51255  51269  51270  51286  51288  51291  51309  51317  51320  51323  51335  51362  51370  51375  51384  51386  51390  51395  51405  51409  51441  51442  51474  51474  51475  51496  51506  51507  51518  51539  51546  51557  51574  51574  51578  51585  51595  51597  51597  51606  51608  51609  51610  51620  51620  51626  51627  51647  51671  51678  51686  51696  51698  51705  51709  51722  51744  51746  51756  51782  51782  51783  51831  51839  51850  51896  51915  51918  51942  51954  51962  
51963  51965  51967  51981  51981  51988  51991  52017  52030  52032  52040  52049  52058  52087  52100  52117  52133  52137  52144  52148  52156  52160  52164  52171  52176  52177  52181  52184  52191  52216  52248  52253  52255  52276  52276  52285  52287  52292  52294  52296  52296  52303  52309  52318  52343  52351  52355  52383  52390  52412  52414  52421  52424  52451  52453  52453  52456  52470  52476  52477  52492  52501  52509  52516  52521  52527  52530  52531  52535  52547  52550  52563  52569  52597  52604  
52610  52635  52635  52649  52658  52661  52665  52679  52680  52682  52713  52725  52752  52770  52787  52797  52797  52812  52816  52822  52825  52825  52835  52837  52850  52857  52863  52864  52879  52882  52884  52897  52910  52912  52933  52933  52934  52950  52953  52965  52967  52967  52978  52980  52981  52982  52984  53000  53005  53031  53031  53033  53037  53038  53038  53045  53048  53058  53060  53066  53088  53112  53121  53130  53131  53140  53144  53152  53158  53171  53172  53174  53179  53204  53204  
53205  53208  53215  53217  53223  53237  53243  53246  53247  53261  53276  53288  53296  53298  53315  53316  53323  53326  53328  53342  53345  53364  53371  53405  53408  53409  53431  53437  53466  53474  53476  53495  53515  53528  53535  53536  53539  53543  53554  53561  53564  53564  53581  53622  53680  53683  53700  53710  53720  53724  53724  53742  53744  53747  53748  53750  53751  53792  53805  53824  53830  53832  53845  53854  53855  53858  53862  53869  53899  53902  53905  53917  53930  53940  53959  
53963  53979  54002  54002  54031  54068  54087  54103  54119  54146  54147  54157  54163  54164  54172  54173  54174  54194  54215  54216  54219  54219  54221  54222  54222  54223  54229  54257  54260  54268  54287  54288  54293  54293  54309  54346  54366  54385  54387  54396  54398  54419  54425  54429  54429  54432  54444  54444  54466  54470  54474  54528  54544  54559  54564  54583  54587  54588  54605  54617  54628  54641  54642  54665  54669  54690  54694  54706  54707  54714  54737  54747  54750  54772  54782  
54786  54792  54799  54808  54839  54844  54852  54868  54900  54902  54906  54910  54921  54928  54941  54951  54953  54961  54968  54976  54983  54988  54997  54999  55006  55025  55028  55031  55032  55032  55042  55046  55094  55100  55122  55166  55171  55177  55180  55200  55221  55231  55242  55256  55260  55262  55269  55272  55277  55280  55285  55290  55310  55313  55320  55329  55340  55369  55381  55381  55382  55392  55398  55408  55420  55429  55435  55446  55450  55450  55463  55466  55466  55469  55494  
55499  55512  55519  55519  55533  55538  55541  55557  55558  55562  55564  55570  55571  55588  55590  55593  55594  55602  55635  55643  55657  55664  55685  55689  55705  55714  55715  55727  55747  55750  55751  55755  55773  55776  55778  55780  55786  55788  55790  55799  55814  55816  55819  55819  55820  55820  55844  55847  55849  55859  55863  55864  55865  55866  55883  55898  55903  55913  55934  55941  55951  55954  55965  55967  55981  55985  55987  55993  55997  56001  56026  56029  56033  56047  56047  
56050  56050  56074  56079  56080  56089  56093  56103  56105  56106  56108  56109  56130  56136  56156  56159  56165  56170  56175  56176  56181  56185  56204  56222  56244  56245  56248  56260  56263  56270  56294  56305  56319  56327  56331  56338  56359  56359  56363  56370  56379  56382  56391  56393  56393  56405  56406  56412  56427  56428  56434  56437  56446  56447  56450  56465  56477  56483  56484  56497  56500  56503  56504  56506  56506  56512  56513  56518  56522  56522  56523  56547  56549  56566  56575  
56629  56639  56651  56651  56652  56658  56679  56688  56689  56692  56704  56704  56706  56707  56715  56717  56725  56744  56745  56749  56749  56760  56769  56779  56790  56790  56798  56807  56810  56817  56821  56825  56834  56837  56847  56851  56877  56879  56881  56903  56904  56914  56925  56932  56933  56962  56965  56974  56979  57003  57003  57009  57017  57032  57042  57058  57062  57066  57066  57079  57081  57084  57087  57088  57095  57123  57146  57150  57152  57156  57162  57167  57169  57178  57188  
57221  57231  57231  57235  57243  57248  57252  57259  57264  57273  57278  57283  57287  57307  57317  57321  57325  57335  57362  57364  57367  57402  57413  57484  57495  57525  57528  57540  57545  57560  57562  57565  57567  57568  57584  57592  57609  57612  57621  57625  57627  57631  57655  57658  57662  57665  57670  57683  57690  57704  57711  57711  57716  57733  57737  57738  57749  57749  57758  57779  57780  57794  57794  57799  57833  57834  57835  57841  57842  57851  57863  57889  57891  57892  57893  
57898  57900  57906  57907  57910  57925  57943  57945  57946  57957  57962  57966  57968  57983  57993  57996  57997  58018  58057  58060  58062  58077  58091  58099  58110  58131  58131  58134  58138  58140  58167  58175  58182  58190  58198  58214  58230  58236  58237  58262  58267  58268  58278  58294  58303  58316  58347  58354  58361  58367  58370  58382  58382  58391  58406  58410  58411  58420  58459  58462  58493  58501  58517  58517  58527  58528  58536  58550  58554  58562  58567  58567  58571  58571  58576  
58584  58588  58592  58595  58601  58603  58612  58612  58619  58646  58658  58673  58673  58674  58677  58677  58679  58683  58686  58696  58697  58699  58700  58701  58719  58729  58732  58737  58742  58748  58752  58757  58762  58787  58792  58798  58799  58805  58827  58831  58831  58840  58849  58854  58892  58906  58913  58928  58934  58944  58947  58948  59002  59005  59016  59016  59045  59088  59095  59103  59128  59146  59164  59181  59185  59195  59207  59224  59228  59265  59269  59273  59282  59282  59290  
59291  59294  59295  59303  59315  59321  59328  59333  59341  59342  59350  59360  59362  59368  59369  59379  59390  59399  59399  59407  59419  59420  59437  59452  59464  59467  59471  59493  59495  59505  59506  59507  59508  59516  59530  59530  59530  59531  59534  59539  59551  59556  59567  59571  59577  59580  59582  59590  59594  59596  59603  59604  59625  59634  59635  59648  59664  59670  59673  59679  59693  59702  59707  59727  59752  59759  59786  59791  59804  59804  59809  59811  59820  59820  59828  
59850  59857  59867  59874  59876  59883  59886  59893  59903  59927  59929  59929  59929  59932  59937  59938  59939  59943  59952  59954  59954  59962  59977  59988  59997  59998  60003  60008  60025  60026  60030  60033  60040  60054  60072  60078  60079  60083  60090  60093  60104  60131  60133  60133  60141  60143  60165  60168  60169  60220  60228  60229  60243  60265  60266  60290  60291  60295  60301  60309  60314  60321  60344  60346  60348  60355  60357  60364  60378  60383  60390  60392  60399  60435  60437  
60479  60486  60496  60497  60504  60513  60513  60522  60523  60525  60527  60536  60544  60546  60555  60571  60572  60590  60606  60615  60619  60622  60642  60646  60660  60687  60688  60695  60706  60716  60746  60756  60779  60782  60794  60801  60807  60826  60842  60846  60864  60869  60879  60893  60901  60908  60911  60921  60925  60944  60951  60988  60999  61005  61006  61016  61025  61044  61047  61056  61060  61074  61083  61084  61093  61095  61106  61130  61132  61140  61193  61202  61203  61208  61210  
61214  61224  61225  61228  61231  61263  61270  61305  61308  61311  61317  61322  61328  61336  61341  61355  61430  61434  61451  61453  61459  61460  61489  61507  61521  61532  61541  61552  61556  61562  61575  61580  61591  61601  61603  61603  61604  61606  61610  61617  61623  61630  61639  61640  61654  61664  61664  61666  61668  61694  61711  61712  61743  61745  61763  61768  61789  61789  61797  61800  61815  61825  61835  61840  61851  61852  61856  61868  61873  61881  61892  61896  61904  61917  61924  
61926  61926  61927  61936  61937  61949  61955  61972  61975  61986  61986  61993  61994  61999  62001  62002  62015  62023  62037  62046  62048  62061  62112  62114  62116  62136  62144  62152  62152  62159  62163  62167  62170  62174  62180  62184  62185  62195  62197  62201  62206  62209  62223  62224  62232  62247  62255  62266  62272  62281  62290  62308  62313  62327  62332  62357  62420  62425  62433  62441  62456  62463  62464  62466  62467  62475  62475  62502  62511  62517  62528  62531  62537  62540  62543  
62549  62551  62555  62570  62572  62604  62616  62629  62650  62660  62665  62666  62671  62673  62676  62681  62682  62683  62708  62733  62736  62738  62755  62762  62769  62797  62805  62807  62809  62832  62839  62842  62846  62847  62849  62868  62869  62877  62884  62904  62911  62919  62921  62942  62952  62982  62998  63002  63006  63021  63034  63039  63041  63043  63055  63066  63068  63074  63078  63095  63112  63112  63119  63164  63175  63185  63193  63218  63227  63246  63254  63257  63257  63262  63283  
63290  63300  63300  63306  63314  63319  63324  63325  63348  63349  63365  63390  63397  63416  63423  63434  63452  63456  63475  63489  63497  63513  63520  63530  63564  63564  63565  63570  63574  63587  63592  63594  63603  63618  63644  63645  63647  63719  63727  63731  63746  63750  63754  63776  63782  63799  63800  63807  63835  63856  63886  63891  63892  63895  63906  63930  63940  63968  63969  63982  63996  64011  64039  64049  64049  64058  64062  64078  64081  64084  64110  64110  64134  64143  64144  
64150  64152  64156  64176  64182  64188  64192  64209  64221  64241  64251  64270  64285  64296  64307  64318  64325  64335  64351  64355  64392  64398  64400  64404  64426  64438  64438  64448  64449  64460  64477  64478  64480  64480  64480  64489  64505  64507  64511  64513  64516  64520  64532  64536  64540  64543  64546  64562  64570  64579  64585  64626  64629  64639  64650  64651  64665  64676  64681  64684  64706  64716  64718  64720  64728  64731  64740  64747  64750  64760  64794  64794  64801  64818  64827  
64836  64842  64863  64877  64878  64923  64929  64943  64954  64965  64984  65002  65014  65018  65026  65027  65049  65052  65060  65064  65077  65081  65084  65093  65094  65108  65117  65131  65134  65158  65160  65164  65205  65234  65234  65238  65243  65253  65259  65262  65286  65299  65320  65323  65337  65353  65367  65374  65384  65386  65388  65418  65445  65457  65463  65466  65472  65476  65486  65492  65493  65527  65530  65553  65554  65578  65585  65587  65599  65601  65602  65621  65627  65662  65671  
65671  65673  65678  65681  65699  65699  65700  65703  65711  65719  65723  65742  65746  65747  65784  65789  65792  65806  65810  65811  65813  65822  65835  65835  65837  65844  65848  65900  65914  65923  65928  65946  65965  65973  65975  65985  65988  66003  66026  66062  66076  66110  66138  66147  66149  66149  66150  66157  66157  66160  66170  66170  66173  66177  66185  66187  66187  66187  66194  66200  66203  66208  66217  66225  66229  66235  66236  66237  66261  66263  66278  66281  66299  66307  66331  
66337  66340  66343  66353  66386  66389  66390  66391  66411  66431  66434  66444  66460  66468  66469  66501  66531  66535  66537  66539  66550  66563  66599  66604  66605  66609  66613  66623  66637  66648  66653  66666  66669  66687  66694  66699  66704  66715  66724  66726  66729  66737  66738  66749  66753  66754  66777  66792  66796  66797  66805  66805  66812  66812  66826  66837  66873  66882  66887  66891  66903  66903  66907  66909  66926  66955  66959  66960  66976  66978  66987  66991  67000  67003  67011  
67021  67028  67039  67040  67050  67063  67066  67070  67079  67106  67108  67113  67114  67148  67170  67195  67195  67207  67210  67225  67232  67236  67251  67262  67263  67263  67264  67270  67275  67280  67281  67282  67322  67336  67337  67342  67342  67346  67367  67376  67393  67399  67426  67431  67440  67449  67449  67459  67463  67471  67476  67480  67500  67514  67551  67562  67568  67579  67586  67587  67588  67589  67601  67603  67610  67611  67617  67629  67638  67639  67661  67680  67708  67724  67731  
67742  67743  67756  67762  67782  67785  67788  67790  67850  67873  67879  67911  67934  67943  67949  67950  67956  67961  67967  67973  67975  67975  67994  68005  68028  68029  68039  68046  68048  68056  68070  68078  68092  68110  68111  68112  68113  68129  68133  68135  68151  68164  68176  68181  68183  68196  68206  68236  68271  68273  68287  68315  68318  68358  68364  68375  68380  68394  68400  68402  68417  68434  68453  68454  68462  68470  68472  68481  68487  68492  68493  68511  68525  68526  68529  
68539  68555  68559  68581  68583  68587  68610  68643  68648  68651  68659  68665  68673  68688  68693  68700  68726  68737  68741  68746  68789  68805  68807  68808  68810  68814  68817  68821  68822  68827  68834  68854  68857  68858  68858  68866  68867  68872  68887  68890  68907  68915  68925  68935  68958  68958  68959  68967  68982  68983  68997  69003  69010  69019  69040  69045  69057  69061  69068  69068  69071  69075  69082  69088  69113  69114  69128  69135  69138  69155  69161  69164  69168  69197  69200  
69201  69214  69226  69239  69240  69242  69251  69255  69261  69264  69266  69295  69303  69313  69318  69322  69324  69326  69334  69337  69340  69345  69352  69355  69382  69386  69399  69401  69406  69411  69412  69416  69474  69488  69495  69519  69527  69538  69562  69574  69588  69596  69601  69605  69605  69614  69622  69634  69637  69655  69658  69658  69665  69671  69671  69673  69673  69677  69692  69698  69707  69716  69739  69748  69753  69765  69772  69794  69796  69798  69816  69819  69822  69845  69848  
69864  69866  69868  69872  69874  69880  69883  69894  69894  69905  69933  69936  69966  69970  69976  69979  69987  69992  69996  70002  70005  70012  70022  70029  70037  70039  70064  70070  70072  70101  70117  70121  70124  70128  70136  70160  70164  70171  70189  70190  70192  70193  70207  70210  70224  70231  70235  70241  70266  70267  70268  70287  70293  70295  70314  70337  70352  70357  70358  70359  70362  70373  70377  70406  70409  70411  70414  70417  70423  70437  70442  70455  70463  70472  70472  
70479  70481  70482  70483  70485  70489  70494  70497  70502  70506  70517  70519  70541  70564  70576  70590  70604  70622  70628  70649  70651  70662  70664  70675  70675  70692  70699  70702  70704  70705  70728  70730  70754  70756  70762  70765  70767  70772  70781  70804  70813  70824  70836  70839  70843  70857  70899  70905  70913  70914  70935  70945  70957  70970  70987  70991  71001  71001  71016  71022  71022  71029  71040  71041  71073  71084  71100  71108  71114  71127  71136  71149  71152  71155  71161  
71166  71172  71181  71184  71193  71194  71197  71203  71205  71206  71207  71208  71211  71211  71212  71229  71244  71244  71246  71252  71283  71283  71291  71294  71298  71320  71326  71329  71329  71330  71330  71341  71347  71348  71349  71388  71389  71393  71396  71400  71404  71415  71430  71438  71446  71452  71454  71520  71544  71565  71579  71599  71607  71614  71615  71624  71625  71629  71644  71645  71648  71655  71657  71672  71677  71685  71690  71698  71700  71700  71707  71714  71735  71778  71781  
71789  71791  71792  71796  71802  71804  71819  71824  71837  71845  71850  71850  71852  71854  71868  71876  71879  71901  71909  71916  71918  71940  71943  71958  71972  71977  71998  72002  72007  72009  72043  72046  72051  72057  72067  72070  72071  72099  72109  72118  72137  72138  72144  72158  72181  72186  72191  72206  72221  72224  72237  72237  72249  72249  72251  72252  72260  72268  72271  72276  72278  72285  72285  72289  72303  72305  72321  72324  72343  72343  72349  72384  72396  72410  72414  
72419  72433  72434  72436  72445  72450  72458  72459  72473  72480  72483  72485  72487  72488  72489  72490  72509  72539  72542  72545  72546  72552  72556  72570  72610  72614  72622  72635  72687  72695  72713  72730  72747  72759  72774  72777  72780  72786  72787  72789  72792  72793  72798  72818  72821  72831  72833  72870  72878  72891  72905  72919  72925  72943  72976  72991  72996  72996  73011  73020  73026  73026  73037  73063  73079  73097  73108  73135  73136  73137  73140  73148  73153  73166  73182  
73183  73185  73200  73200  73201  73211  73232  73234  73247  73253  73276  73300  73305  73307  73311  73333  73352  73383  73385  73389  73453  73459  73461  73483  73494  73497  73498  73508  73511  73519  73523  73526  73534  73536  73548  73560  73579  73582  73590  73601  73606  73617  73621  73625  73630  73634  73680  73681  73689  73694  73704  73705  73710  73713  73752  73755  73772  73774  73781  73783  73797  73804  73814  73818  73826  73835  73835  73835  73855  73858  73871  73872  73877  73890  73895  
73910  73912  73915  73916  73923  73926  73935  73945  73960  73966  73968  73971  73975  73979  73982  74005  74009  74014  74055  74084  74090  74095  74095  74098  74100  74101  74140  74140  74150  74167  74195  74197  74197  74216  74226  74230  74238  74276  74299  74301  74304  74306  74323  74327  74346  74357  74358  74359  74378  74382  74410  74411  74411  74425  74429  74433  74445  74446  74446  74452  74474  74479  74487  74490  74502  74504  74510  74510  74517  74523  74529  74533  74538  74542  74543  
74573  74581  74590  74592  74596  74619  74647  74648  74652  74669  74676  74678  74693  74708  74708  74710  74712  74728  74731  74740  74753  74759  74782  74795  74806  74833  74843  74844  74855  74862  74864  74865  74867  74874  74889  74910  74929  74933  74940  74942  74953  74960  74989  74990  75009  75015  75016  75021  75034  75052  75058  75060  75065  75066  75067  75090  75096  75107  75175  75180  75191  75196  75199  75222  75227  75244  75245  75246  75254  75257  75277  75285  75286  75311  75314  
75324  75329  75340  75341  75344  75350  75355  75357  75363  75368  75379  75380  75409  75415  75431  75433  75439  75446  75455  75459  75468  75468  75470  75473  75480  75488  75502  75513  75520  75525  75528  75533  75543  75559  75563  75569  75570  75593  75610  75626  75630  75634  75666  75674  75686  75698  75698  75699  75700  75703  75713  75746  75749  75752  75758  75766  75772  75773  75778  75779  75809  75831  75835  75839  75841  75846  75849  75851  75852  75854  75855  75855  75867  75890  75897  
75898  75900  75905  75907  75912  75923  75928  75935  75946  75967  75970  75973  75973  75974  75976  75978  75984  75993  76014  76018  76025  76036  76043  76050  76058  76060  76073  76086  76087  76110  76125  76127  76133  76135  76142  76142  76143  76150  76191  76206  76208  76213  76245  76272  76274  76278  76285  76289  76289  76292  76297  76307  76312  76316  76322  76323  76324  76331  76332  76336  76339  76343  76345  76357  76371  76382  76387  76393  76399  76409  76413  76413  76414  76449  76450  
76467  76471  76496  76497  76520  76528  76528  76532  76535  76536  76557  76558  76579  76579  76587  76611  76613  76621  76634  76644  76650  76652  76662  76674  76674  76685  76688  76690  76702  76725  76738  76744  76745  76747  76754  76755  76772  76775  76785  76787  76798  76798  76806  76808  76829  76835  76854  76874  76875  76879  76882  76887  76892  76893  76893  76900  76910  76938  76942  76963  76985  76990  77002  77004  77010  77015  77019  77019  77037  77048  77054  77072  77075  77110  77129  
77130  77131  77149  77166  77171  77182  77224  77236  77237  77253  77269  77287  77289  77304  77317  77323  77323  77333  77334  77339  77343  77346  77362  77365  77384  77408  77414  77415  77423  77430  77433  77442  77456  77456  77462  77474  77491  77510  77518  77521  77527  77537  77550  77551  77555  77557  77567  77570  77583  77587  77591  77596  77598  77604  77619  77621  77630  77631  77633  77647  77657  77662  77663  77695  77696  77700  77705  77718  77724  77729  77739  77749  77764  77766  77769  
77773  77774  77780  77781  77784  77785  77821  77824  77841  77844  77851  77852  77865  77889  77895  77906  77910  77913  77923  77933  77935  77939  77943  77948  77951  77962  77966  77969  77971  77990  78004  78005  78008  78009  78013  78016  78017  78021  78024  78036  78038  78046  78055  78062  78073  78083  78095  78098  78143  78156  78169  78182  78191  78192  78209  78264  78267  78268  78269  78269  78272  78275  78289  78295  78307  78318  78323  78325  78335  78361  78373  78374  78378  78399  78412  
78414  78435  78439  78455  78462  78471  78477  78482  78488  78507  78517  78522  78543  78549  78588  78593  78600  78648  78650  78683  78684  78702  78710  78717  78724  78745  78746  78754  78755  78782  78807  78818  78818  78820  78821  78842  78850  78878  78879  78900  78905  78929  78935  78951  78956  78960  78961  78980  78982  78988  78996  79003  79019  79034  79041  79042  79057  79063  79064  79076  79097  79105  79120  79121  79127  79169  79176  79178  79179  79180  79189  79225  79227  79243  79243  
79245  79249  79249  79252  79263  79269  79290  79292  79298  79303  79325  79325  79339  79353  79358  79359  79383  79391  79402  79406  79407  79413  79423  79424  79446  79456  79472  79480  79488  79495  79497  79498  79502  79522  79523  79523  79533  79546  79552  79574  79578  79584  79591  79606  79606  79611  79614  79617  79649  79650  79652  79653  79655  79658  79667  79673  79680  79681  79694  79694  79694  79697  79697  79713  79725  79731  79738  79743  79765  79765  79766  79770  79785  79791  79821  
79835  79837  79865  79871  79871  79877  79895  79909  79917  79917  79940  79943  79948  79964  79969  79975  79976  80006  80013  80014  80020  80028  80041  80048  80049  80062  80068  80078  80098  80109  80128  80140  80145  80159  80175  80200  80218  80229  80231  80232  80246  80264  80265  80271  80272  80298  80303  80311  80326  80326  80340  80342  80345  80356  80361  80379  80390  80396  80396  80409  80415  80419  80422  80464  80467  80482  80495  80512  80518  80550  80558  80563  80573  80579  80581  
80590  80610  80616  80621  80623  80624  80624  80630  80662  80673  80677  80678  80681  80683  80700  80708  80724  80750  80753  80755  80764  80784  80789  80808  80817  80826  80827  80829  80837  80870  80883  80886  80890  80896  80900  80904  80912  80924  80943  80956  80993  81001  81015  81018  81028  81031  81043  81064  81068  81087  81098  81099  81101  81104  81107  81110  81122  81125  81149  81160  81169  81179  81182  81197  81207  81208  81210  81244  81245  81252  81266  81283  81289  81290  81311  
81313  81316  81325  81330  81337  81345  81348  81352  81366  81366  81369  81371  81380  81383  81391  81404  81407  81423  81425  81428  81443  81466  81477  81479  81494  81507  81510  81512  81515  81524  81525  81531  81553  81556  81556  81566  81583  81587  81590  81592  81597  81601  81603  81613  81618  81621  81628  81635  81638  81645  81645  81663  81684  81690  81703  81715  81718  81726  81737  81744  81764  81774  81787  81789  81790  81790  81829  81847  81850  81854  81872  81872  81874  81875  81886  
81887  81902  81922  81959  81999  82031  82043  82050  82066  82083  82086  82096  82105  82106  82107  82109  82110  82111  82117  82120  82139  82139  82141  82147  82155  82161  82182  82187  82200  82202  82204  82209  82218  82232  82240  82255  82257  82263  82264  82272  82292  82293  82298  82306  82309  82314  82325  82328  82328  82330  82331  82334  82341  82341  82351  82352  82369  82374  82375  82377  82411  82423  82425  82432  82451  82460  82464  82473  82474  82477  82480  82483  82486  82490  82499  
82499  82504  82519  82538  82539  82553  82555  82565  82577  82578  82586  82588  82591  82600  82602  82602  82604  82608  82609  82616  82657  82705  82710  82717  82744  82759  82769  82770  82772  82774  82800  82804  82820  82835  82837  82854  82859  82880  82890  82899  82907  82908  82921  82929  82931  82940  82944  82950  82961  82962  82967  82969  82969  82985  82987  82991  83011  83017  83021  83021  83021  83025  83033  83036  83038  83041  83061  83062  83065  83076  83080  83102  83103  83126  83128  
83133  83153  83173  83179  83183  83191  83191  83194  83197  83204  83213  83225  83226  83231  83241  83263  83263  83270  83285  83286  83297  83314  83329  83333  83340  83348  83366  83372  83383  83388  83404  83407  83423  83429  83430  83435  83444  83447  83448  83449  83451  83486  83500  83503  83514  83517  83522  83526  83534  83535  83542  83559  83569  83573  83573  83603  83606  83613  83616  83619  83630  83633  83651  83671  83678  83679  83684  83691  83716  83717  83732  83741  83745  83751  83768  
83786  83788  83788  83802  83809  83810  83813  83818  83831  83864  83907  83914  83917  83925  83928  83936  83956  83965  83967  83980  83994  84001  84012  84015  84024  84028  84043  84049  84053  84054  84070  84078  84099  84101  84134  84136  84141  84149  84164  84167  84177  84180  84182  84194  84213  84219  84226  84232  84237  84240  84246  84255  84257  84259  84264  84276  84285  84287  84294  84297  84309  84310  84311  84316  84347  84365  84365  84370  84382  84383  84409  84411  84415  84437  84438  
84451  84459  84467  84468  84485  84518  84522  84536  84541  84548  84553  84560  84563  84596  84620  84625  84626  84631  84664  84669  84683  84685  84692  84702  84722  84745  84750  84797  84802  84804  84857  84877  84885  84888  84908  84913  84914  84916  84924  84930  84934  84951  84966  84975  84980  84986  84993  84997  85022  85043  85044  85049  85050  85061  85065  85066  85067  85071  85071  85073  85074  85105  85106  85113  85126  85129  85135  85138  85142  85158  85188  85200  85208  85215  85221  
85223  85242  85250  85268  85288  85300  85311  85319  85329  85342  85369  85380  85381  85401  85403  85415  85437  85438  85453  85487  85503  85526  85555  85557  85562  85566  85568  85590  85591  85593  85597  85605  85610  85626  85639  85658  85661  85664  85670  85694  85699  85706  85711  85722  85723  85730  85758  85760  85766  85775  85779  85784  85792  85798  85800  85812  85820  85826  85834  85836  85840  85843  85857  85876  85879  85888  85891  85906  85916  85925  85927  85941  85946  85948  85966  
85975  85975  85977  85996  86006  86014  86025  86025  86026  86043  86054  86058  86059  86059  86067  86089  86109  86113  86124  86125  86138  86147  86177  86185  86189  86198  86202  86202  86203  86206  86207  86210  86220  86235  86236  86253  86263  86264  86271  86280  86305  86325  86327  86329  86346  86349  86358  86360  86362  86386  86390  86395  86405  86421  86440  86446  86448  86455  86467  86474  86474  86485  86486  86487  86500  86502  86506  86516  86560  86563  86584  86596  86599  86600  86602  
86612  86626  86648  86674  86682  86683  86693  86695  86704  86710  86720  86731  86737  86743  86751  86751  86756  86765  86768  86776  86787  86790  86791  86792  86801  86822  86824  86833  86833  86862  86863  86864  86888  86918  86936  86940  86946  86949  86960  86970  86973  86986  87009  87026  87037  87060  87063  87077  87113  87123  87125  87136  87139  87149  87165  87171  87175  87178  87213  87227  87230  87236  87243  87256  87260  87266  87272  87276  87289  87297  87305  87305  87311  87313  87319  
87331  87332  87342  87346  87348  87353  87371  87385  87401  87409  87430  87434  87437  87459  87460  87461  87465  87468  87476  87480  87486  87507  87551  87556  87578  87586  87588  87595  87612  87673  87682  87689  87693  87702  87711  87720  87723  87736  87737  87745  87746  87748  87760  87776  87803  87803  87823  87824  87840  87868  87870  87871  87875  87879  87881  87881  87881  87899  87921  87933  87935  87939  87954  87955  87967  87985  87986  87988  87991  88000  88009  88020  88032  88040  88044  
88055  88073  88075  88120  88121  88122  88159  88175  88176  88182  88185  88188  88191  88219  88226  88247  88252  88254  88257  88263  88268  88275  88284  88288  88292  88307  88312  88324  88325  88327  88329  88353  88360  88383  88390  88397  88399  88416  88420  88424  88429  88463  88468  88477  88479  88480  88484  88486  88487  88500  88520  88522  88525  88539  88545  88546  88551  88594  88606  88626  88635  88638  88647  88653  88661  88668  88690  88693  88711  88715  88738  88746  88767  88772  88777  
88781  88785  88785  88797  88800  88813  88816  88821  88829  88831  88837  88838  88860  88869  88895  88906  88914  88952  88981  88984  89031  89050  89059  89078  89079  89080  89082  89091  89100  89100  89112  89123  89125  89128  89151  89161  89165  89172  89175  89186  89192  89193  89202  89212  89223  89225  89228  89232  89247  89265  89275  89281  89288  89293  89311  89315  89322  89326  89330  89335  89338  89341  89357  89366  89377  89389  89393  89397  89417  89423  89428  89435  89440  89442  89464  
89467  89471  89518  89526  89548  89561  89580  89584  89585  89590  89600  89604  89613  89645  89658  89660  89669  89670  89670  89673  89679  89684  89689  89693  89707  89715  89730  89732  89739  89744  89749  89752  89775  89776  89782  89787  89789  89790  89793  89801  89824  89834  89839  89845  89849  89855  89859  89866  89873  89877  89882  89893  89901  89909  89942  89967  89982  89983  89998  90005  90021  90024  90033  90040  90041  90063  90076  90095  90103  90105  90116  90138  90146  90164  90180  
90184  90184  90187  90198  90250  90263  90297  90303  90365  90372  90383  90389  90406  90409  90410  90419  90444  90455  90462  90466  90487  90502  90504  90511  90513  90546  90547  90552  90559  90563  90564  90577  90587  90594  90608  90624  90631  90633  90639  90640  90641  90653  90657  90659  90661  90674  90674  90680  90710  90716  90721  90738  90755  90762  90769  90771  90772  90776  90784  90793  90802  90808  90817  90822  90830  90857  90877  90877  90902  90908  90930  90933  90935  90950  90956  
90964  90965  90965  90965  90977  90987  91011  91029  91047  91065  91065  91067  91069  91071  91106  91107  91133  91155  91170  91186  91206  91217  91219  91230  91243  91264  91273  91275  91278  91280  91297  91319  91323  91327  91329  91330  91349  91352  91368  91380  91381  91387  91387  91391  91396  91407  91408  91415  91426  91439  91469  91471  91472  91474  91476  91479  91506  91507  91510  91518  91520  91535  91546  91550  91584  91587  91588  91591  91610  91615  91630  91632  91635  91635  91638  
91645  91647  91683  91685  91716  91723  91730  91732  91734  91738  91757  91771  91774  91776  91786  91790  91822  91826  91831  91835  91851  91874  91875  91875  91878  91894  91904  91907  91910  91928  91935  91944  91952  91958  91965  91971  91974  91980  91987  91989  91990  91997  92005  92036  92037  92050  92053  92054  92082  92085  92098  92135  92140  92143  92147  92156  92215  92224  92228  92232  92250  92251  92265  92272  92300  92308  92315  92320  92339  92341  92385  92395  92396  92400  92405  
92431  92449  92503  92508  92516  92519  92526  92535  92543  92563  92568  92569  92578  92582  92586  92589  92590  92593  92597  92601  92624  92655  92668  92684  92701  92708  92709  92716  92719  92759  92761  92768  92773  92805  92808  92818  92839  92843  92850  92864  92888  92889  92900  92921  92944  92948  92952  92966  92972  92977  92981  92986  92999  93001  93022  93028  93035  93048  93051  93051  93061  93067  93069  93070  93078  93090  93099  93109  93122  93126  93132  93145  93145  93152  93164  
93173  93177  93193  93250  93252  93259  93264  93275  93290  93295  93313  93322  93333  93340  93342  93342  93354  93378  93396  93404  93427  93437  93438  93441  93448  93456  93462  93466  93469  93472  93481  93488  93488  93490  93506  93512  93526  93537  93555  93557  93569  93584  93596  93600  93600  93610  93619  93632  93677  93679  93683  93698  93701  93703  93713  93717  93756  93766  93766  93769  93777  93788  93833  93838  93844  93845  93858  93862  93873  93880  93885  93886  93893  93923  93925  
93933  93946  93956  93962  93968  93975  93988  93994  94003  94007  94009  94017  94021  94028  94028  94051  94056  94059  94065  94077  94083  94101  94106  94144  94149  94166  94186  94192  94197  94227  94241  94245  94249  94251  94252  94259  94266  94269  94293  94304  94350  94369  94372  94379  94392  94419  94421  94422  94430  94446  94458  94470  94489  94501  94503  94514  94528  94536  94563  94575  94586  94598  94605  94615  94622  94625  94625  94629  94636  94640  94645  94654  94658  94666  94689  
94692  94711  94718  94720  94722  94727  94731  94732  94732  94735  94739  94741  94765  94767  94768  94772  94782  94788  94790  94793  94800  94801  94818  94838  94839  94842  94842  94849  94865  94865  94866  94877  94887  94888  94894  94898  94903  94913  94914  94916  94926  94935  94963  94967  94974  94977  94996  95004  95006  95009  95013  95024  95031  95038  95045  95054  95068  95072  95081  95116  95117  95135  95138  95140  95143  95143  95163  95169  95179  95183  95198  95209  95235  95242  95296  
95300  95303  95308  95328  95332  95342  95344  95366  95377  95403  95433  95460  95461  95471  95475  95488  95489  95545  95549  95552  95560  95564  95567  95574  95577  95581  95586  95591  95592  95614  95618  95648  95648  95660  95698  95714  95720  95721  95721  95732  95750  95755  95761  95761  95763  95773  95788  95792  95800  95815  95819  95833  95843  95849  95853  95866  95890  95891  95892  95897  95913  95914  95955  95974  95976  95977  95984  95986  95987  95988  95998  96001  96013  96015  96019  
96032  96037  96100  96114  96147  96171  96173  96238  96240  96245  96261  96262  96273  96277  96280  96298  96314  96320  96327  96334  96343  96362  96379  96380  96386  96394  96404  96404  96407  96434  96438  96468  96479  96480  96489  96511  96518  96527  96533  96537  96549  96575  96601  96606  96621  96631  96653  96670  96673  96681  96690  96703  96728  96732  96740  96745  96751  96764  96767  96767  96782  96786  96791  96796  96797  96801  96814  96821  96850  96856  96857  96885  96897  96946  96948  
96955  96967  96986  96987  96992  96993  97011  97022  97034  97041  97043  97049  97054  97074  97074  97098  97099  97101  97101  97103  97114  97132  97144  97150  97150  97153  97185  97188  97194  97201  97202  97205  97206  97213  97215  97240  97249  97257  97258  97281  97282  97288  97300  97302  97306  97323  97332  97342  97352  97353  97356  97376  97400  97409  97410  97412  97418  97470  97480  97487  97492  97512  97533  97535  97543  97550  97551  97554  97554  97560  97577  97601  97613  97627  97651  
97658  97678  97694  97696  97696  97712  97727  97730  97753  97760  97777  97787  97792  97796  97797  97806  97816  97821  97821  97829  97834  97852  97853  97878  97883  97886  97888  97888  97902  97910  97923  97938  97946  97957  97962  97964  97995  98008  98014  98032  98040  98063  98069  98069  98106  98109  98109  98128  98158  98160  98165  98165  98177  98182  98185  98189  98189  98190  98194  98201  98248  98263  98267  98272  98281  98309  98310  98311  98331  98334  98342  98362  98370  98376  98377  
98385  98395  98395  98395  98401  98409  98411  98413  98429  98436  98439  98440  98472  98489  98505  98508  98511  98517  98529  98532  98539  98553  98581  98588  98589  98600  98614  98614  98620  98629  98646  98654  98663  98664  98681  98685  98706  98715  98728  98729  98732  98735  98739  98740  98758  98781  98803  98805  98813  98814  98817  98823  98830  98852  98866  98878  98887  98897  98929  98931  98937  98947  98947  98964  98980  98984  98986  99076  99079  99102  99108  99112  99113  99127  99135  
99139  99140  99144  99149  99160  99188  99194  99195  99196  99204  99206  99207  99208  99208  99217  99235  99248  99255  99257  99260  99289  99293  99293  99293  99302  99302  99307  99307  99323  99324  99331  99349  99357  99360  99363  99363  99370  99372  99381  99390  99392  99399  99406  99411  99422  99427  99452  99455  99464  99468  99472  99478  99480  99485  99491  99510  99517  99524  99528  99537  99539  99545  99553  99557  99560  99566  99567  99572  99580  99595  99620  99621  99637  99648  99653  
99654  99668  99680  99692  99701  99701  99719  99724  99725  99730  99732  99732  99737  99740  99741  99742  99751  99756  99762  99763  99784  99790  99795  99804  99808  99826  99826  99826  99827  99828  99839  99842  99850  99852  99853  99856  99858  99868  99895  99899  99913  99923  99934  99954  99957  99963  99976  99978  99991  99998  