11  12  85  107  135  135  136  139  140  143  145  153  154  157  158  164  170  179  179  206  209  231  238  254  264  274  294  296  297  322  330  335  362  364  371  385  388  390  420  430  437  446  453  467  477  480  487  489  499  512  520  520  524  531  538  542  561  570  571  580  583  586  586  590  599  600  633  634  637  637  640  658  673  680  685  
695  716  726  753  781  781  784  790  795  801  824  829  842  843  849  850  853  889  911  914  914  914  920  930  950  961  965  984  1008  1012  1031  1033  1039  1045  1053  1065  1079  1094  1106  1111  1126  1138  1154  1166  1167  1175  1198  1204  1213  1232  1252  1260  1273  1288  1294  1311  1316  1317  1326  1327  1357  1369  1382  1399  1399  1412  1418  1420  1435  1436  1437  1448  1456  1463  1478  
1497  1504  1518  1533  1533  1542  1542  1550  1553  1555  1590  1609  1636  1647  1658  1658  1679  1682  1693  1699  1705  1741  1751  1767  1768  1770  1786  1800  1800  1803  1821  1822  1831  1832  1852  1852  1891  1899  1905  1920  1921  1953  1980  1982  1982  1987  1987  1995  1997  2004  2027  2029  2035  2053  2070  2083  2093  2104  2113  2117  2123  2128  2130  2157  2170  2173  2176  2182  2210  2222  2224  2247  2250  2251  2271  
2271  2279  2293  2295  2295  2301  2310  2317  2318  2336  2337  2348  2369  2375  2380  2441  2444  2447  2448  2453  2468  2490  2494  2511  2526  2527  2529  2531  2537  2539  2547  2551  2557  2557  2562  2565  2570  2578  2592  2621  2634  2651  2671  2672  2677  2680  2692  2698  2731  2735  2748  2749  2767  2781  2792  2803  2819  2823  2827  2834  2843  2858  2863  2898  2904  2904  2949  2955  2956  2957  2960  2971  2978  2978  2999  
3010  3035  3050  3051  3055  3059  3067  3092  3099  3103  3104  3120  3127  3148  3161  3164  3185  3202  3203  3243  3256  3275  3277  3279  3285  3285  3286  3300  3305  3308  3326  3332  3348  3366  3377  3377  3387  3389  3394  3397  3435  3435  3448  3453  3458  3463  3481  3494  3510  3529  3533  3534  3543  3549  3551  3551  3554  3561  3564  3576  3585  3591  3593  3607  3611  3614  3640  3650  3661  3668  3701  3717  3720  3736  3746  
3749  3750  3794  3802  3805  3826  3830  3860  3870  3879  3882  3885  3888  3906  3924  3930  3944  3950  3958  3972  3973  4004  4009  4017  4030  4033  4037  4040  4046  4053  4073  4076  4079  4082  4083  4087  4090  4093  4096  4098  4118  4144  4148  4149  4158  4179  4207  4228  4234  4250  4279  4285  4298  4301  4302  4314  4327  4330  4343  4346  4352  4362  4364  4387  4391  4393  4397  4397  4399  4452  4461  4472  4496  4507  4553  
4583  4583  4598  4599  4607  4616  4625  4627  4637  4661  4662  4666  4669  4676  4695  4705  4716  4718  4740  4747  4751  4762  4770  4771  4775  4776  4784  4785  4815  4830  4841  4846  4862  4866  4869  4870  4883  4886  4894  4925  4925  4933  4949  4974  4980  4987  5003  5014  5017  5089  5103  5104  5116  5126  5148  5159  5193  5205  5207  5224  5229  5235  5236  5246  5283  5301  5304  5313  5319  5324  5327  5332  5333  5340  5348  
5355  5363  5364  5384  5396  5407  5421  5451  5453  5463  5492  5506  5509  5511  5512  5517  5526  5541  5553  5560  5581  5611  5618  5629  5637  5639  5642  5656  5657  5659  5659  5662  5663  5667  5675  5682  5690  5690  5702  5711  5712  5720  5729  5737  5741  5744  5747  5755  5756  5768  5774  5789  5795  5803  5804  5806  5817  5822  5823  5829  5830  5850  5855  5861  5866  5867  5868  5872  5887  5891  5910  5927  5932  5938  5965  
5978  5979  5995  5998  5998  6003  6008  6014  6035  6041  6048  6054  6056  6056  6064  6068  6072  6088  6104  6105  6113  6127  6130  6156  6166  6171  6172  6174  6178  6179  6183  6188  6201  6247  6250  6253  6254  6258  6260  6272  6273  6285  6295  6295  6309  6363  6384  6394  6395  6401  6409  6411  6416  6419  6449  6454  6458  6487  6491  6496  6499  6526  6536  6542  6547  6550  6551  6573  6580  6604  6608  6619  6619  6638  6643  
6652  6654  6671  6676  6681  6692  6717  6719  6739  6749  6761  6769  6775  6775  6779  6784  6803  6811  6842  6854  6870  6870  6871  6878  6889  6891  6904  6911  6912  6914  6919  6922  6936  6943  6953  6967  6972  6980  6980  6981  6997  7001  7003  7015  7017  7034  7050  7050  7057  7058  7060  7078  7085  7089  7106  7119  7150  7176  7190  7197  7204  7205  7220  7220  7223  7226  7238  7253  7257  7264  7265  7277  7278  7288  7289  
7290  7303  7315  7335  7360  7364  7372  7372  7381  7397  7402  7405  7411  7420  7421  7434  7436  7446  7454  7460  7462  7489  7500  7501  7509  7517  7518  7520  7538  7565  7576  7591  7597  7628  7629  7636  7643  7649  7651  7683  7694  7697  7716  7731  7767  7768  7774  7781  7784  7795  7798  7824  7828  7848  7862  7881  7891  7900  7900  7916  7921  7931  7934  7953  7955  7956  7960  7962  7974  7975  7977  7979  7985  8003  8008  
8011  8014  8016  8043  8051  8063  8064  8080  8088  8099  8112  8133  8135  8154  8185  8200  8206  8206  8210  8222  8240  8262  8262  8264  8266  8279  8283  8284  8305  8312  8315  8321  8329  8331  8337  8340  8344  8351  8390  8393  8394  8398  8405  8406  8409  8410  8411  8417  8418  8445  8448  8454  8464  8471  8474  8485  8487  8519  8527  8528  8530  8542  8556  8580  8589  8599  8600  8602  8607  8628  8639  8657  8659  8689  8694  
8694  8695  8698  8699  8703  8704  8783  8789  8793  8793  8804  8813  8835  8839  8839  8855  8855  8857  8857  8877  8896  8901  8903  8907  8911  8920  8947  8950  8971  9018  9023  9024  9026  9027  9034  9036  9041  9043  9057  9069  9071  9073  9078  9091  9097  9101  9105  9108  9125  9133  9192  9193  9197  9220  9239  9250  9269  9276  9290  9291  9292  9294  9300  9308  9325  9326  9331  9339  9342  9374  9379  9393  9398  9403  9405  
9406  9412  9422  9430  9435  9453  9454  9465  9494  9515  9522  9535  9552  9566  9576  9584  9634  9654  9661  9672  9678  9681  9687  9697  9698  9708  9741  9742  9758  9758  9761  9763  9764  9768  9796  9798  9805  9807  9813  9823  9834  9841  9850  9868  9876  9878  9883  9889  9896  9903  9909  9915  9916  9931  9934  9937  9940  9940  9942  9955  9962  9989  10006  10014  10040  10051  10065  10069  10071  10077  10099  10100  10112  10126  10134  
10148  10164  10168  10178  10188  10199  10212  10220  10222  10253  10310  10322  10326  10346  10353  10353  10357  10369  10372  10373  10373  10385  10386  10390  10392  10392  10408  10408  10420  10424  10430  10432  10442  10473  10484  10484  10489  10504  10505  10505  10506  10514  10526  10529  10555  10555  10558  10565  10566  10572  10584  10612  10613  10639  10644  10645  10667  10672  10672  10677  10683  10690  10700  10708  10720  10736  10747  10753  10761  10761  10780  10786  10794  10800  10809  
10818  10848  10862  10892  10894  10897  10920  10929  10934  10951  10957  10995  11016  11017  11022  11025  11032  11045  11046  11053  11067  11079  11084  11093  11113  11115  11131  11136  11154  11173  11182  11189  11213  11220  11222  11228  11230  11236  11241  11245  11259  11268  11290  11293  11295  11304  11314  11330  11330  11332  11338  11344  11369  11382  11384  11386  11387  11387  11392  11427  11439  11451  11463  11466  11468  11481  11485  11490  11499  11509  11532  11534  11563  11563  11565  
11568  11587  11588  11610  11616  11626  11653  11658  11677  11729  11744  11754  11767  11768  11769  11785  11790  11805  11813  11818  11855  11855  11874  11877  11880  11900  11903  11912  11956  11958  11984  11998  11998  12012  12022  12031  12057  12060  12070  12092  12093  12094  12109  12117  12122  12133  12150  12195  12199  12217  12222  12235  12236  12250  12302  12317  12331  12333  12333  12334  12352  12369  12373  12374  12379  12379  12389  12401  12405  12409  12414  12417  12420  12427  12429  
12440  12460  12465  12467  12512  12516  12519  12527  12531  12552  12555  12571  12572  12577  12586  12590  12609  12616  12630  12633  12651  12655  12696  12709  12710  12711  12716  12718  12722  12726  12735  12748  12775  12784  12784  12792  12792  12796  12802  12812  12857  12860  12866  12873  12883  12887  12889  12893  12895  12902  12911  12941  12948  12949  12951  12957  12962  12962  12968  12992  13001  13011  13020  13022  13030  13040  13045  13048  13060  13096  13117  13129  13132  13134  13135  
13139  13141  13147  13152  13155  13161  13163  13168  13177  13184  13190  13191  13192  13199  13207  13229  13230  13246  13249  13249  13250  13257  13263  13282  13295  13304  13310  13331  13368  13376  13378  13380  13397  13400  13408  13415  13426  13433  13439  13441  13457  13463  13466  13514  13531  13542  13576  13580  13583  13592  13600  13620  13642  13652  13656  13659  13671  13695  13696  13701  13701  13707  13713  13715  13721  13737  13740  13764  13775  13779  13787  13801  13806  13826  13834  
13839  13851  13871  13872  13875  13895  13901  13906  13912  13929  13934  13937  13955  13979  13983  13984  13997  14004  14008  14009  14018  14034  14034  14050  14057  14072  14077  14081  14082  14086  14103  14104  14120  14123  14129  14130  14137  14149  14152  14153  14158  14163  14207  14208  14210  14212  14218  14222  14225  14234  14235  14238  14245  14256  14261  14272  14272  14276  14281  14281  14292  14311  14321  14324  14338  14357  14364  14370  14372  14373  14385  14393  14402  14426  14441  
14461  14465  14465  14466  14475  14482  14490  14497  14526  14528  14543  14544  14545  14548  14551  14574  14578  14580  14590  14630  14633  14684  14685  14705  14712  14712  14717  14726  14731  14739  14741  14767  14771  14794  14799  14809  14812  14814  14815  14817  14827  14830  14843  14865  14877  14887  14900  14908  14910  14934  14945  14946  14953  14957  14967  14999  15000  15002  15005  15010  15013  15020  15049  15064  15067  15086  15100  15101  15109  15132  15135  15142  15195  15219  15253  
15258  15269  15288  15293  15298  15300  15303  15312  15334  15337  15345  15349  15372  15380  15399  15405  15408  15413  15415  15419  15425  15431  15436  15451  15452  15456  15460  15471  15473  15475  15476  15493  15501  15501  15513  15517  15531  15551  15561  15581  15587  15593  15603  15636  15637  15657  15670  15675  15688  15709  15716  15720  15725  15735  15737  15760  15772  15796  15800  15800  15803  15846  15855  15863  15874  15880  15882  15886  15899  15912  15915  15916  15925  15926  15928  
15931  15934  15938  15960  15966  15968  15977  15977  15991  15997  15999  16041  16091  16097  16101  16108  16111  16115  16117  16122  16127  16130  16137  16152  16170  16174  16175  16185  16191  16206  16207  16210  16218  16222  16244  16257  16260  16262  16271  16277  16286  16299  16304  16310  16334  16355  16370  16374  16395  16408  16416  16424  16440  16470  16477  16481  16487  16528  16532  16537  16540  16552  16553  16560  16566  16567  16567  16572  16579  16587  16606  16609  16625  16630  16631  
16633  16646  16647  16694  16707  16708  16709  16740  16763  16780  16797  16814  16844  16858  16860  16864  16879  16884  16902  16907  16908  16920  16954  16978  16980  16986  16987  17002  17003  17005  17008  17016  17016  17036  17041  17050  17057  17066  17074  17077  17078  17083  17101  17101  17103  17106  17127  17129  17150  17152  17156  17161  17162  17163  17170  17179  17193  17219  17237  17293  17302  17303  17310  17321  17343  17350  17352  17353  17353  17366  17367  17370  17372  17376  17381  
17390  17422  17423  17424  17435  17444  17447  17472  17488  17500  17511  17512  17514  17538  17546  17547  17558  17583  17595  17598  17599  17618  17663  17663  17665  17691  17693  17695  17695  17721  17734  17737  17764  17774  17792  17807  17807  17823  17855  17866  17880  17897  17898  17898  17902  17909  17909  17941  17943  17946  17950  17951  17952  17963  17970  17975  17993  18002  18003  18004  18006  18007  18016  18031  18034  18045  18052  18060  18064  18076  18108  18120  18126  18144  18173  
18191  18200  18219  18228  18231  18239  18240  18262  18288  18304  18309  18321  18332  18336  18339  18339  18346  18363  18365  18368  18370  18375  18393  18395  18399  18400  18417  18421  18424  18431  18474  18477  18483  18483  18494  18497  18513  18522  18526  18528  18535  18550  18554  18578  18583  18589  18593  18595  18616  18621  18622  18623  18635  18644  18648  18648  18653  18678  18680  18697  18701  18714  18721  18733  18760  18765  18775  18779  18792  18797  18817  18818  18852  18871  18883  
18910  18910  18916  18918  18923  18927  18934  18947  18958  18968  18975  18982  18983  18991  19000  19003  19008  19013  19020  19028  19035  19043  19047  19065  19065  19078  19091  19091  19102  19115  19121  19129  19130  19135  19135  19136  19161  19164  19169  19177  19177  19185  19190  19203  19206  19213  19215  19223  19232  19238  19241  19241  19252  19267  19267  19272  19288  19288  19289  19291  19291  19294  19297  19301  19310  19313  19316  19340  19346  19367  19383  19383  19384  19388  19392  
19398  19412  19417  19439  19439  19440  19441  19448  19448  19479  19483  19484  19499  19510  19512  19514  19518  19525  19526  19534  19534  19542  19564  19567  19568  19571  19577  19579  19584  19587  19592  19601  19622  19635  19644  19648  19655  19677  19683  19695  19696  19699  19699  19702  19708  19713  19724  19768  19775  19796  19801  19810  19837  19839  19839  19842  19846  19847  19849  19850  19865  19878  19880  19885  19887  19914  19917  19947  19991  20057  20069  20077  20100  20109  20115  
20124  20125  20126  20132  20144  20148  20160  20161  20161  20172  20193  20196  20207  20215  20217  20223  20239  20244  20252  20254  20282  20308  20315  20320  20324  20338  20343  20358  20366  20373  20374  20380  20384  20413  20425  20453  20472  20490  20502  20504  20512  20514  20538  20540  20546  20548  20554  20556  20571  20571  20572  20599  20605  20616  20620  20623  20666  20669  20672  20679  20683  20687  20693  20702  20721  20728  20740  20743  20757  20759  20760  20776  20800  20804  20814  
20815  20823  20832  20837  20848  20849  20852  20872  20887  20888  20898  20899  20900  20902  20906  20909  20910  20915  20923  20952  20956  20956  21020  21024  21031  21037  21043  21049  21056  21056  21058  21061  21071  21087  21088  21091  21109  21119  21130  21132  21132  21133  21155  21159  21161  21166  21168  21175  21190  21191  21194  21199  21203  21208  21215  21223  21226  21245  21248  21255  21260  21264  21265  21267  21270  21271  21281  21285  21287  21305  21309  21329  21331  21332  21348  
21354  21373  21375  21389  21398  21426  21434  21437  21440  21451  21452  21468  21468  21475  21478  21483  21496  21498  21503  21504  21526  21531  21538  21552  21560  21561  21564  21565  21580  21592  21594  21595  21596  21598  21600  21602  21606  21612  21616  21624  21634  21656  21656  21657  21661  21668  21672  21705  21729  21736  21737  21754  21756  21771  21781  21795  21831  21832  21836  21851  21878  21899  21920  21931  21932  21955  21956  21956  21960  21963  21978  22003  22007  22007  22008  
22009  22013  22015  22017  22018  22023  22024  22101  22106  22112  22139  22146  22146  22148  22168  22185  22200  22202  22208  22216  22244  22254  22256  22279  22282  22284  22286  22309  22323  22325  22341  22345  22364  22368  22376  22388  22410  22412  22427  22442  22443  22444  22447  22457  22465  22468  22489  22494  22497  22500  22509  22525  22531  22541  22547  22574  22578  22588  22590  22602  22605  22610  22618  22662  22663  22666  22673  22678  22688  22689  22690  22710  22716  22725  22733  
22736  22740  22749  22761  22762  22791  22794  22796  22807  22820  22828  22833  22833  22850  22859  22884  22903  22905  22913  22917  22918  22952  22953  22972  22984  22993  22993  22997  23004  23005  23015  23029  23039  23051  23057  23059  23073  23073  23077  23078  23079  23096  23099  23142  23145  23146  23157  23159  23166  23168  23187  23189  23194  23205  23207  23211  23220  23233  23252  23258  23259  23259  23280  23287  23288  23294  23298  23308  23326  23338  23354  23358  23360  23369  23371  
23381  23384  23406  23411  23428  23436  23437  23441  23452  23459  23495  23503  23505  23527  23535  23548  23563  23565  23569  23570  23576  23576  23577  23577  23580  23590  23607  23620  23634  23637  23639  23655  23660  23670  23680  23711  23714  23718  23722  23722  23736  23743  23743  23773  23774  23787  23790  23800  23810  23843  23846  23851  23853  23872  23877  23885  23887  23898  23898  23911  23912  23915  23928  23932  23938  23938  23941  23963  23972  23977  23979  23989  24006  24011  24026  
24036  24036  24042  24046  24051  24053  24063  24063  24066  24082  24083  24095  24096  24100  24109  24113  24124  24130  24159  24170  24171  24188  24190  24195  24198  24212  24214  24214  24216  24220  24227  24239  24242  24246  24256  24288  24293  24300  24301  24301  24308  24311  24313  24318  24322  24324  24328  24341  24357  24364  24383  24385  24385  24386  24394  24401  24406  24407  24409  24412  24424  24425  24429  24442  24443  24447  24458  24459  24462  24463  24463  24471  24479  24480  24482  
24495  24524  24528  24534  24543  24549  24560  24565  24571  24583  24599  24604  24609  24623  24628  24640  24645  24649  24653  24653  24675  24679  24687  24690  24695  24698  24718  24723  24743  24746  24761  24768  24773  24775  24788  24806  24828  24833  24849  24856  24863  24863  24872  24890  24898  24901  24934  24935  24940  24955  24957  24978  25051  25058  25060  25062  25062  25067  25070  25079  25096  25099  25099  25100  25104  25109  25110  25116  25120  25123  25138  25141  25141  25165  25171  
25184  25195  25207  25210  25231  25239  25240  25244  25267  25269  25273  25286  25292  25304  25306  25309  25318  25328  25330  25342  25354  25355  25355  25362  25375  25384  25385  25387  25400  25403  25404  25412  25414  25417  25419  25452  25457  25463  25466  25467  25468  25470  25477  25482  25483  25483  25491  25494  25495  25499  25506  25512  25520  25521  25529  25546  25563  25578  25582  25603  25605  25611  25611  25626  25639  25642  25648  25649  25684  25714  25720  25733  25739  25739  25739  
25739  25743  25754  25765  25768  25782  25787  25789  25801  25802  25814  25821  25822  25838  25844  25848  25873  25891  25894  25902  25904  25904  25920  25929  25937  25954  25959  25969  25972  25990  25998  26011  26016  26020  26035  26055  26074  26092  26096  26100  26115  26115  26125  26132  26172  26186  26195  26197  26213  26217  26221  26235  26236  26240  26257  26266  26272  26292  26297  26308  26316  26327  26334  26346  26347  26349  26357  26359  26362  26369  26372  26373  26389  26390  26405  
26410  26436  26448  26454  26477  26482  26486  26503  26508  26532  26532  26532  26573  26579  26587  26587  26594  26598  26612  26619  26620  26624  26632  26638  26640  26652  26658  26658  26665  26667  26667  26667  26669  26681  26704  26708  26710  26711  26711  26717  26723  26747  26749  26769  26779  26780  26789  26792  26793  26800  26801  26803  26804  26812  26817  26824  26827  26827  26830  26840  26856  26868  26881  26896  26908  26908  26913  26914  26921  26943  26944  26956  26965  26972  26983  
27002  27003  27004  27007  27034  27045  27064  27067  27078  27094  27094  27107  27108  27113  27114  27117  27127  27147  27161  27172  27183  27185  27198  27202  27210  27210  27218  27233  27240  27246  27246  27247  27249  27271  27277  27280  27282  27285  27292  27298  27309  27309  27321  27325  27334  27365  27373  27374  27385  27409  27415  27421  27427  27437  27445  27500  27502  27516  27521  27523  27526  27535  27548  27574  27582  27583  27592  27596  27617  27623  27623  27628  27635  27636  27642  
27664  27667  27670  27690  27708  27744  27768  27790  27805  27815  27819  27828  27829  27837  27838  27840  27842  27850  27851  27863  27871  27880  27889  27915  27921  27930  27930  27931  27934  27960  27979  27986  28006  28030  28032  28049  28063  28064  28076  28091  28103  28107  28112  28115  28116  28140  28161  28174  28177  28214  28217  28225  28237  28243  28262  28272  28276  28284  28284  28308  28312  28314  28314  28329  28330  28374  28376  28380  28382  28384  28385  28390  28405  28408  28433  
28442  28447  28457  28466  28527  28533  28543  28546  28550  28556  28557  28569  28587  28587  28595  28603  28643  28647  28661  28668  28675  28686  28687  28707  28721  28722  28723  28730  28730  28733  28743  28750  28758  28768  28777  28786  28792  28801  28820  28836  28843  28879  28880  28884  28888  28892  28896  28897  28902  28907  28913  28932  28936  28961  28965  28967  28978  28988  28989  28994  29008  29008  29019  29037  29037  29038  29051  29055  29057  29058  29059  29089  29091  29091  29112  
29118  29119  29126  29130  29156  29162  29169  29194  29195  29203  29209  29212  29225  29245  29246  29263  29269  29273  29276  29286  29292  29293  29295  29298  29298  29307  29327  29335  29344  29347  29355  29365  29365  29370  29384  29390  29407  29424  29432  29441  29446  29447  29447  29453  29479  29492  29499  29504  29504  29546  29546  29547  29556  29575  29591  29593  29607  29609  29611  29619  29621  29625  29627  29638  29644  29663  29669  29677  29680  29684  29686  29686  29692  29692  29700  
29701  29749  29757  29762  29763  29764  29771  29777  29781  29795  29795  29799  29799  29800  29810  29811  29812  29812  29815  29816  29817  29817  29829  29844  29847  29847  29848  29849  29855  29855  29869  29871  29888  29893  29901  29902  29907  29909  29912  29913  29916  29926  29932  29945  29951  29964  29978  29979  29980  29986  29998  30005  30033  30051  30063  30069  30072  30075  30079  30079  30082  30092  30098  30099  30106  30109  30130  30139  30151  30154  30192  30196  30234  30234  30245  
30245  30257  30262  30262  30282  30295  30298  30307  30314  30317  30331  30335  30339  30341  30366  30371  30373  30393  30394  30400  30409  30417  30430  30439  30478  30489  30495  30502  30509  30512  30515  30533  30541  30545  30548  30550  30554  30573  30590  30591  30601  30614  30625  30629  30652  30654  30660  30668  30679  30686  30740  30767  30773  30782  30791  30793  30797  30798  30805  30820  30829  30843  30854  30855  30856  30866  30876  30884  30887  30889  30893  30894  30903  30919  30923  
30934  30952  30974  30975  30983  30984  30986  31011  31014  31014  31017  31051  31052  31055  31063  31063  31097  31099  31106  31112  31112  31116  31116  31125  31126  31132  31137  31166  31178  31179  31183  31186  31187  31190  31195  31201  31211  31213  31217  31240  31264  31299  31299  31312  31312  31349  31356  31370  31379  31388  31399  31399  31411  31416  31429  31430  31433  31436  31443  31470  31486  31496  31524  31533  31546  31551  31557  31558  31560  31572  31572  31591  31591  31594  31614  
31642  31657  31678  31690  31701  31715  31720  31729  31729  31739  31766  31770  31778  31779  31794  31798  31811  31825  31832  31836  31840  31844  31846  31865  31878  31887  31894  31914  31931  31947  31959  31967  31971  31988  31999  32000  32004  32006  32007  32011  32012  32028  32039  32050  32053  32057  32060  32076  32082  32108  32114  32118  32124  32126  32128  32159  32162  32166  32180  32207  32214  32216  32218  32242  32244  32272  32290  32296  32305  32341  32358  32366  32368  32391  32404  
32425  32455  32460  32478  32487  32509  32520  32520  32537  32540  32552  32554  32556  32558  32558  32560  32561  32573  32587  32594  32612  32614  32620  32628  32630  32636  32637  32637  32648  32648  32664  32667  32680  32684  32722  32731  32734  32736  32762  32773  32796  32800  32801  32805  32829  32830  32857  32860  32866  32867  32873  32874  32881  32883  32884  32886  32888  32892  32896  32897  32898  32902  32914  32932  32953  32986  32995  33004  33011  33011  33018  33024  33026  33031  33040  
33041  33046  33048  33051  33055  33064  33079  33082  33102  33115  33118  33130  33148  33152  33156  33161  33161  33166  33168  33171  33181  33183  33198  33204  33205  33236  33237  33240  33243  33243  33250  33253  33258  33262  33270  33285  33285  33294  33295  33304  33308  33330  33333  33348  33361  33372  33382  33382  33383  33384  33399  33402  33405  33411  33421  33431  33431  33434  33436  33448  33450  33452  33454  33459  33460  33463  33491  33501  33504  33505  33523  33531  33535  33536  33539  
33540  33560  33564  33578  33599  33599  33603  33604  33612  33626  33637  33646  33653  33674  33675  33685  33688  33697  33697  33710  33710  33722  33726  33739  33763  33765  33781  33793  33801  33802  33804  33805  33808  33833  33837  33844  33857  33862  33900  33905  33906  33912  33915  33930  33940  33949  33959  33966  33966  33972  33980  33989  34003  34006  34008  34022  34023  34032  34053  34055  34056  34061  34064  34070  34103  34104  34111  34114  34114  34126  34126  34127  34148  34152  34152  
34168  34169  34172  34177  34203  34213  34225  34239  34252  34252  34254  34262  34262  34265  34287  34289  34296  34335  34337  34361  34363  34367  34371  34386  34390  34394  34400  34420  34425  34431  34445  34453  34467  34469  34486  34493  34526  34528  34529  34547  34554  34559  34559  34559  34568  34584  34592  34596  34610  34614  34614  34618  34642  34689  34691  34694  34701  34718  34734  34744  34746  34748  34750  34757  34766  34769  34778  34784  34804  34820  34845  34849  34855  34865  34870  
34900  34910  34917  34936  34945  34956  34958  34961  35013  35038  35042  35048  35058  35059  35082  35087  35091  35092  35101  35111  35118  35131  35137  35143  35156  35171  35179  35186  35202  35211  35224  35228  35230  35231  35246  35261  35266  35283  35295  35316  35323  35331  35335  35338  35339  35340  35354  35354  35374  35378  35384  35399  35408  35409  35416  35417  35420  35421  35432  35442  35444  35455  35459  35483  35487  35495  35511  35528  35538  35548  35550  35568  35575  35576  35576  
35584  35585  35588  35590  35591  35591  35593  35597  35606  35611  35622  35629  35632  35633  35634  35636  35648  35648  35651  35660  35667  35667  35673  35701  35704  35710  35710  35719  35737  35739  35752  35758  35810  35814  35858  35879  35912  35920  35932  35936  35938  35942  35944  35952  35958  35961  35976  35977  35983  35984  35992  36005  36006  36007  36007  36020  36020  36024  36033  36041  36041  36045  36049  36054  36062  36080  36094  36094  36119  36132  36135  36140  36145  36149  36158  
36159  36180  36193  36195  36212  36224  36224  36227  36228  36240  36248  36268  36271  36301  36302  36310  36324  36333  36339  36340  36341  36343  36372  36375  36376  36376  36392  36403  36404  36406  36406  36425  36428  36457  36458  36473  36483  36491  36492  36493  36501  36523  36523  36524  36542  36553  36555  36590  36595  36607  36611  36617  36628  36635  36637  36649  36651  36683  36697  36698  36704  36705  36707  36711  36726  36746  36748  36752  36769  36771  36773  36777  36785  36788  36797  
36800  36825  36835  36872  36877  36879  36879  36882  36894  36899  36909  36914  36918  36925  36945  36949  36958  36963  36981  36988  36992  37028  37041  37041  37048  37054  37056  37065  37083  37104  37119  37124  37127  37181  37194  37198  37199  37200  37201  37218  37231  37232  37237  37259  37262  37273  37273  37275  37277  37285  37285  37285  37287  37296  37321  37321  37345  37349  37350  37351  37358  37366  37369  37409  37412  37413  37413  37418  37423  37426  37429  37432  37442  37458  37470  
37476  37480  37484  37495  37519  37524  37555  37556  37580  37631  37636  37650  37671  37685  37690  37691  37692  37702  37704  37724  37726  37735  37739  37742  37751  37756  37758  37764  37786  37788  37797  37807  37835  37847  37847  37860  37867  37881  37889  37889  37895  37901  37914  37918  37925  37938  37956  37960  37969  37975  37976  37981  37993  38011  38020  38054  38079  38083  38083  38098  38100  38117  38123  38141  38142  38154  38159  38170  38175  38191  38201  38215  38225  38234  38242  
38243  38266  38272  38277  38281  38285  38305  38308  38308  38310  38312  38326  38344  38346  38346  38359  38366  38367  38370  38377  38389  38394  38395  38399  38405  38414  38426  38428  38433  38438  38439  38441  38442  38460  38486  38486  38504  38508  38516  38522  38529  38535  38540  38546  38569  38570  38599  38627  38656  38674  38679  38690  38695  38706  38713  38716  38719  38731  38735  38738  38746  38766  38785  38794  38836  38840  38857  38864  38866  38869  38879  38887  38901  38910  38920  
38933  38933  38934  38950  38961  38971  38976  38981  38991  39019  39026  39027  39031  39038  39039  39048  39048  39079  39089  39096  39110  39126  39132  39137  39138  39145  39165  39216  39217  39218  39243  39247  39255  39257  39258  39273  39286  39287  39294  39297  39309  39346  39349  39360  39388  39391  39398  39406  39417  39428  39449  39451  39456  39464  39473  39511  39539  39545  39555  39560  39575  39586  39589  39611  39638  39640  39657  39657  39657  39672  39687  39687  39698  39701  39702  
39711  39713  39716  39719  39733  39733  39734  39739  39744  39760  39760  39780  39789  39796  39797  39802  39809  39809  39813  39825  39828  39833  39845  39864  39873  39876  39876  39877  39879  39886  39886  39888  39904  39928  39946  39947  39948  39968  39969  39985  39998  40017  40039  40040  40047  40062  40072  40074  40084  40090  40091  40099  40100  40101  40111  40129  40133  40143  40154  40164  40172  40172  40190  40195  40196  40199  40199  40214  40219  40227  40247  40249  40257  40257  40260  
40262  40264  40277  40282  40291  40295  40296  40302  40310  40311  40316  40323  40324  40325  40331  40337  40345  40347  40367  40409  40420  40420  40446  40451  40472  40476  40494  40508  40515  40518  40542  40550  40561  40570  40571  40573  40581  40582  40591  40597  40607  40644  40649  40654  40660  40672  40675  40676  40677  40679  40695  40697  40701  40710  40714  40733  40737  40744  40747  40755  40774  40782  40793  40811  40821  40821  40825  40843  40856  40856  40861  40861  40869  40873  40877  
40886  40896  40903  40944  40954  40957  40971  40982  41004  41005  41016  41024  41026  41030  41036  41046  41069  41070  41083  41093  41093  41119  41134  41137  41140  41154  41158  41187  41191  41196  41208  41213  41213  41215  41217  41222  41231  41233  41243  41251  41252  41261  41261  41262  41267  41268  41280  41286  41287  41289  41290  41293  41296  41326  41339  41350  41360  41365  41380  41404  41413  41416  41422  41425  41425  41430  41434  41439  41465  41480  41509  41519  41523  41526  41530  
41534  41540  41540  41551  41554  41559  41616  41618  41628  41647  41659  41660  41672  41678  41679  41756  41759  41765  41767  41776  41785  41796  41810  41818  41823  41831  41836  41837  41842  41848  41851  41866  41873  41884  41890  41906  41915  41923  41932  41939  41945  41954  41957  41961  41971  41978  41987  41989  41993  41997  41997  41999  42006  42009  42012  42018  42020  42031  42037  42038  42048  42067  42072  42076  42087  42093  42103  42109  42145  42147  42149  42149  42163  42170  42188  
42194  42196  42202  42218  42218  42223  42227  42230  42230  42236  42237  42266  42267  42300  42302  42312  42312  42325  42339  42371  42374  42377  42380  42393  42394  42395  42402  42404  42407  42421  42432  42450  42453  42455  42463  42478  42502  42528  42528  42531  42536  42537  42540  42542  42547  42554  42569  42571  42572  42574  42633  42635  42667  42692  42702  42703  42703  42724  42729  42734  42740  42749  42750  42763  42780  42783  42792  42824  42833  42834  42859  42868  42876  42881  42890  
42891  42920  42935  42935  42941  42941  42954  42961  42967  42974  42980  42983  43001  43006  43006  43010  43013  43019  43051  43053  43053  43057  43064  43093  43114  43115  43130  43149  43152  43164  43183  43194  43205  43214  43216  43252  43252  43258  43267  43276  43283  43293  43297  43306  43306  43320  43334  43341  43361  43390  43392  43394  43399  43400  43428  43434  43437  43450  43452  43456  43457  43461  43462  43468  43473  43476  43478  43485  43488  43497  43498  43500  43510  43510  43513  
43519  43526  43531  43554  43559  43565  43567  43570  43592  43594  43610  43612  43612  43613  43621  43648  43652  43672  43682  43688  43694  43699  43705  43710  43727  43731  43732  43737  43743  43766  43767  43768  43771  43801  43808  43814  43816  43823  43840  43856  43857  43871  43891  43907  43909  43926  43940  43977  44001  44011  44015  44016  44020  44023  44038  44038  44046  44065  44071  44078  44083  44103  44135  44139  44144  44161  44173  44189  44197  44197  44204  44220  44223  44234  44234  
44250  44251  44261  44274  44274  44275  44282  44289  44294  44339  44342  44343  44391  44394  44407  44410  44422  44436  44440  44445  44446  44475  44506  44517  44517  44535  44544  44547  44551  44558  44568  44596  44609  44611  44626  44628  44634  44649  44651  44651  44658  44669  44670  44679  44682  44690  44695  44698  44707  44726  44737  44739  44752  44753  44758  44782  44784  44787  44790  44795  44797  44798  44837  44842  44845  44868  44870  44878  44880  44883  44896  44903  44904  44906  44912  
44913  44917  44937  44947  44954  44962  44968  45006  45032  45035  45061  45070  45079  45091  45109  45136  45156  45166  45173  45178  45187  45207  45215  45216  45224  45227  45230  45242  45253  45255  45259  45264  45269  45289  45295  45301  45304  45311  45339  45349  45352  45354  45375  45379  45390  45401  45403  45418  45418  45420  45427  45444  45445  45493  45518  45541  45543  45544  45546  45570  45584  45588  45603  45614  45624  45636  45653  45657  45676  45700  45731  45731  45740  45742  45745  
45750  45757  45781  45783  45799  45804  45814  45815  45823  45830  45834  45836  45837  45841  45848  45864  45878  45882  45912  45924  45930  45952  45977  45988  45991  45992  46002  46006  46008  46011  46029  46031  46042  46046  46050  46051  46065  46071  46073  46085  46088  46094  46096  46098  46104  46113  46114  46120  46126  46141  46169  46182  46186  46187  46190  46204  46205  46222  46229  46250  46252  46253  46263  46266  46295  46320  46332  46337  46339  46342  46345  46359  46362  46397  46406  
46439  46442  46447  46451  46458  46477  46486  46493  46502  46511  46517  46521  46539  46541  46543  46570  46574  46592  46596  46601  46620  46621  46622  46625  46625  46638  46639  46659  46661  46671  46672  46677  46680  46680  46684  46685  46698  46701  46714  46723  46723  46735  46739  46744  46759  46760  46773  46776  46799  46821  46850  46855  46858  46867  46882  46886  46891  46891  46895  46902  46906  46908  46928  46940  46944  46951  46951  46967  46980  46982  46986  46988  46993  46994  47004  
47029  47029  47030  47034  47042  47048  47063  47064  47071  47073  47078  47094  47097  47106  47118  47118  47129  47130  47130  47134  47151  47151  47159  47160  47163  47167  47169  47177  47187  47188  47192  47194  47200  47225  47230  47237  47244  47255  47269  47288  47288  47292  47301  47303  47305  47311  47316  47316  47343  47344  47366  47378  47396  47396  47400  47429  47434  47444  47455  47458  47467  47470  47470  47472  47479  47480  47496  47500  47513  47515  47519  47524  47537  47540  47541  
47550  47560  47572  47589  47599  47601  47604  47619  47622  47627  47636  47648  47652  47659  47660  47670  47678  47682  47689  47694  47706  47708  47710  47714  47726  47729  47737  47738  47743  47748  47759  47765  47778  47790  47807  47819  47820  47833  47841  47846  47853  47881  47881  47882  47883  47884  47886  47887  47891  47900  47907  47908  47936  47950  47954  47956  47962  47968  47991  48006  48023  48033  48038  48050  48055  48066  48074  48093  48097  48109  48121  48121  48137  48146  48150  
48157  48169  48176  48178  48179  48180  48186  48194  48206  48208  48211  48220  48236  48238  48239  48240  48243  48246  48250  48264  48274  48310  48311  48314  48317  48324  48335  48339  48341  48343  48347  48351  48357  48370  48371  48376  48383  48394  48446  48456  48461  48462  48483  48491  48497  48498  48503  48509  48531  48534  48563  48567  48579  48588  48589  48591  48628  48645  48685  48685  48686  48688  48697  48703  48734  48766  48775  48791  48806  48812  48813  48817  48818  48832  48843  
48864  48871  48876  48888  48905  48937  48946  48956  48960  48960  48965  48965  48971  48982  48989  48994  49006  49012  49041  49049  49050  49051  49054  49096  49096  49100  49111  49112  49115  49122  49134  49137  49147  49148  49159  49164  49193  49195  49200  49202  49203  49207  49214  49214  49215  49224  49226  49232  49255  49264  49275  49284  49294  49299  49302  49324  49325  49342  49356  49358  49362  49367  49368  49369  49372  49373  49407  49433  49440  49445  49446  49467  49474  49480  49485  
49486  49488  49489  49493  49515  49517  49521  49522  49523  49535  49536  49538  49540  49552  49604  49607  49609  49616  49626  49647  49648  49675  49676  49684  49694  49697  49699  49715  49719  49722  49732  49744  49748  49755  49791  49793  49793  49795  49795  49800  49806  49811  49813  49818  49828  49831  49844  49844  49849  49871  49887  49893  49905  49918  49930  49931  49934  49946  49947  49953  49961  49967  49968  49970  49976  49984  49984  49985  49995  50003  50010  50013  50017  50018  50019  
50024  50026  50040  50062  50068  50070  50088  50088  50110  50124  50129  50150  50154  50159  50167  50170  50175  50176  50179  50183  50186  50187  50191  50198  50219  50242  50263  50283  50291  50302  50311  50312  50349  50350  50352  50368  50369  50374  50401  50416  50438  50446  50446  50449  50465  50471  50472  50474  50477  50481  50486  50488  50492  50501  50502  50508  50535  50540  50551  50552  50553  50562  50569  50572  50572  50577  50580  50589  50591  50599  50600  50604  50608  50612  50615  
50616  50622  50623  50635  50653  50673  50695  50702  50702  50711  50713  50729  50737  50743  50755  50762  50763  50763  50769  50772  50783  50790  50808  50814  50821  50864  50880  50885  50888  50890  50891  50903  50941  50944  50968  50970  50981  50993  50999  51007  51008  51011  51026  51028  51036  51062  51062  51069  51077  51088  51107  51120  51126  51135  51172  51176  51179  51182  51182  51185  51197  51200  51207  51221  51235  51236  51247  51257  51261  51272  51278  51309  51315  51316  51316  
51323  51331  51335  51347  51359  51364  51367  51372  51387  51398  51406  51408  51416  51423  51433  51434  51434  51454  51461  51471  51477  51500  51516  51517  51524  51536  51556  51557  51558  51563  51568  51570  51589  51609  51622  51632  51644  51646  51651  51651  51677  51682  51683  51707  51708  51709  51711  51713  51716  51721  51735  51750  51756  51778  51780  51780  51783  51810  51811  51817  51828  51829  51850  51860  51861  51884  51904  51907  51914  51914  51932  51944  51947  51947  51951  
51970  51979  51988  51993  51997  52004  52016  52024  52030  52045  52048  52050  52060  52061  52071  52073  52090  52091  52103  52105  52105  52135  52152  52168  52171  52201  52209  52213  52219  52220  52223  52242  52268  52268  52274  52277  52283  52294  52295  52310  52328  52349  52363  52372  52393  52413  52424  52425  52434  52439  52467  52479  52498  52511  52531  52533  52543  52544  52552  52567  52567  52585  52586  52598  52600  52626  52627  52636  52641  52654  52663  52670  52672  52678  52684  
52686  52690  52698  52701  52715  52717  52726  52735  52736  52761  52786  52803  52817  52835  52836  52837  52840  52841  52849  52862  52866  52878  52880  52885  52885  52891  52895  52916  52925  52926  52935  52937  52951  52954  52971  52972  52981  52988  52995  53007  53032  53034  53039  53048  53062  53071  53082  53124  53128  53138  53140  53142  53149  53151  53152  53164  53178  53179  53180  53182  53186  53191  53206  53211  53220  53227  53231  53236  53240  53253  53259  53262  53268  53274  53276  
53278  53309  53309  53318  53325  53335  53346  53369  53370  53371  53373  53374  53378  53389  53393  53403  53411  53434  53445  53447  53462  53466  53483  53484  53496  53500  53502  53522  53529  53530  53536  53550  53556  53562  53563  53583  53584  53591  53595  53602  53628  53632  53653  53654  53679  53714  53737  53755  53756  53764  53794  53796  53804  53812  53817  53818  53820  53829  53833  53840  53866  53888  53896  53909  53915  53960  53986  53987  53997  54004  54005  54009  54070  54071  54073  
54077  54092  54098  54105  54120  54127  54134  54143  54157  54169  54171  54173  54199  54213  54215  54217  54220  54239  54240  54253  54259  54261  54264  54269  54271  54271  54299  54303  54309  54311  54315  54325  54334  54336  54341  54351  54372  54378  54383  54393  54413  54417  54418  54435  54438  54446  54452  54454  54463  54468  54470  54472  54473  54477  54493  54504  54509  54524  54536  54560  54563  54567  54581  54584  54612  54623  54640  54648  54655  54659  54662  54662  54710  54722  54726  
54743  54746  54760  54761  54777  54790  54809  54814  54816  54817  54829  54841  54844  54849  54866  54875  54891  54891  54899  54908  54909  54912  54913  54913  54919  54924  54938  54942  54964  54968  54973  54982  54986  54990  55004  55008  55012  55020  55021  55041  55049  55054  55059  55067  55091  55106  55113  55124  55125  55127  55129  55145  55161  55172  55185  55187  55198  55211  55223  55223  55226  55238  55268  55269  55291  55300  55301  55317  55327  55330  55345  55363  55371  55384  55391  
55405  55417  55455  55462  55467  55475  55484  55502  55505  55507  55510  55512  55518  55536  55556  55563  55582  55591  55592  55596  55599  55600  55613  55615  55617  55629  55640  55643  55656  55662  55662  55664  55676  55689  55699  55706  55708  55717  55724  55726  55731  55731  55735  55739  55749  55752  55756  55757  55782  55791  55801  55808  55818  55821  55837  55850  55851  55867  55875  55885  55897  55901  55924  55934  55937  55969  55984  55990  55998  55998  55999  56003  56015  56021  56030  
56040  56042  56057  56087  56091  56096  56105  56107  56122  56126  56127  56128  56143  56144  56145  56168  56173  56181  56198  56203  56207  56208  56215  56245  56256  56256  56264  56267  56273  56274  56284  56297  56315  56359  56359  56361  56365  56370  56373  56398  56400  56401  56407  56409  56424  56451  56459  56463  56475  56476  56493  56495  56496  56507  56524  56542  56545  56545  56552  56554  56574  56578  56589  56589  56607  56608  56609  56639  56658  56661  56667  56674  56686  56686  56689  
56689  56692  56733  56751  56759  56768  56795  56805  56809  56833  56845  56860  56866  56877  56892  56893  56906  56910  56936  56942  56950  56953  56954  56960  56964  56967  56970  56972  56980  56984  57022  57028  57069  57085  57089  57098  57100  57113  57118  57133  57134  57134  57170  57181  57199  57201  57201  57213  57214  57215  57221  57223  57225  57226  57229  57239  57262  57283  57285  57288  57301  57308  57310  57327  57365  57380  57396  57418  57431  57446  57452  57466  57470  57478  57488  
57488  57497  57509  57517  57531  57535  57546  57559  57590  57605  57627  57631  57633  57638  57648  57657  57665  57678  57687  57700  57703  57708  57735  57737  57762  57767  57779  57786  57793  57815  57842  57846  57860  57868  57884  57884  57898  57904  57911  57912  57919  57923  57925  57942  57967  57980  58003  58003  58022  58037  58038  58055  58055  58055  58058  58070  58093  58102  58127  58127  58144  58147  58160  58164  58169  58173  58178  58179  58179  58188  58201  58217  58223  58231  58257  
58269  58283  58292  58299  58307  58319  58321  58328  58338  58340  58340  58377  58393  58402  58409  58411  58412  58416  58427  58429  58431  58432  58443  58450  58457  58461  58464  58477  58477  58489  58494  58495  58504  58520  58525  58531  58537  58546  58560  58560  58575  58591  58612  58617  58625  58628  58633  58639  58650  58650  58651  58674  58684  58705  58707  58710  58712  58712  58715  58719  58727  58761  58773  58774  58775  58779  58783  58796  58804  58804  58819  58835  58840  58848  58855  
58857  58859  58860  58865  58875  58885  58889  58892  58896  58908  58911  58930  58933  58944  58944  58949  58949  58964  58972  58976  58981  58981  58987  58988  58991  58993  59011  59035  59044  59045  59053  59055  59057  59066  59073  59074  59081  59091  59092  59095  59102  59103  59119  59126  59134  59136  59153  59174  59182  59183  59202  59228  59228  59245  59270  59286  59299  59326  59327  59344  59346  59350  59365  59377  59382  59384  59401  59402  59404  59406  59407  59407  59429  59431  59441  
59445  59459  59463  59468  59469  59471  59492  59498  59510  59541  59542  59546  59573  59584  59586  59587  59599  59606  59611  59619  59645  59653  59664  59684  59693  59698  59702  59711  59713  59726  59731  59737  59741  59779  59781  59782  59795  59797  59797  59799  59803  59803  59804  59804  59823  59861  59872  59873  59882  59882  59892  59893  59897  59909  59914  59916  59916  59941  59944  59952  59962  59976  59988  59994  60020  60023  60028  60060  60065  60067  60067  60070  60071  60079  60088  
60101  60109  60134  60139  60140  60140  60143  60159  60162  60163  60165  60211  60218  60219  60239  60242  60257  60264  60273  60284  60309  60310  60315  60316  60325  60325  60338  60352  60353  60376  60383  60386  60426  60434  60437  60451  60468  60473  60496  60501  60514  60515  60515  60522  60527  60529  60534  60535  60559  60560  60562  60563  60564  60569  60584  60597  60601  60622  60625  60638  60644  60656  60664  60707  60710  60715  60726  60733  60734  60766  60770  60776  60778  60785  60799  
60838  60848  60856  60862  60874  60874  60875  60875  60882  60889  60901  60904  60906  60921  60925  60933  60936  60942  60945  60949  60953  60960  60987  60992  60993  60995  60996  61008  61030  61047  61052  61057  61077  61081  61087  61106  61123  61161  61176  61179  61181  61183  61187  61205  61215  61228  61248  61262  61265  61266  61277  61282  61283  61283  61303  61305  61308  61321  61335  61346  61354  61361  61372  61373  61375  61408  61409  61429  61434  61446  61447  61456  61468  61476  61492  
61493  61494  61514  61537  61552  61567  61573  61592  61599  61604  61607  61620  61631  61639  61640  61641  61653  61669  61672  61676  61695  61696  61697  61703  61712  61753  61756  61775  61779  61784  61795  61801  61805  61809  61815  61820  61826  61867  61896  61897  61909  61943  61971  62009  62026  62033  62051  62068  62079  62104  62119  62137  62137  62139  62142  62156  62161  62181  62183  62200  62214  62223  62239  62251  62252  62275  62278  62289  62306  62314  62323  62333  62337  62342  62353  
62360  62364  62380  62385  62388  62390  62396  62411  62419  62421  62433  62444  62448  62457  62487  62492  62508  62527  62532  62542  62548  62556  62557  62563  62572  62621  62642  62645  62646  62674  62683  62686  62695  62697  62698  62705  62714  62718  62723  62745  62751  62756  62780  62790  62793  62798  62804  62808  62812  62822  62840  62843  62848  62883  62896  62901  62906  62916  62938  62968  62975  62976  62981  62985  62985  62988  62993  62994  62996  63024  63026  63042  63044  63049  63058  
63058  63066  63075  63085  63088  63098  63099  63101  63111  63114  63128  63131  63137  63138  63148  63148  63154  63154  63155  63170  63180  63183  63196  63211  63218  63241  63260  63275  63290  63295  63308  63343  63348  63349  63359  63374  63382  63385  63396  63408  63451  63490  63490  63490  63496  63500  63520  63541  63542  63545  63555  63564  63578  63583  63583  63586  63603  63613  63625  63633  63636  63637  63637  63650  63674  63674  63679  63682  63687  63693  63696  63711  63725  63731  63757  
63762  63785  63787  63791  63792  63798  63798  63816  63836  63844  63850  63867  63869  63872  63880  63890  63902  63902  63910  63914  63939  63941  63942  63946  63946  63948  63951  63954  63993  63998  63998  64007  64037  64038  64039  64043  64075  64077  64092  64111  64114  64115  64123  64139  64148  64175  64180  64181  64182  64188  64193  64196  64200  64209  64249  64249  64267  64289  64304  64313  64323  64323  64323  64347  64354  64376  64387  64414  64467  64472  64493  64522  64526  64530  64531  
64532  64544  64556  64578  64579  64580  64594  64594  64598  64609  64615  64629  64629  64637  64652  64659  64666  64671  64696  64706  64706  64715  64723  64728  64729  64736  64746  64753  64772  64779  64794  64795  64802  64806  64838  64845  64846  64878  64894  64897  64914  64914  64930  64930  64941  64943  64943  64974  64984  64990  64999  65001  65019  65021  65024  65025  65037  65041  65049  65058  65072  65090  65120  65132  65139  65146  65149  65150  65152  65158  65178  65179  65192  65215  65232  
65233  65255  65257  65271  65275  65298  65306  65308  65319  65321  65336  65345  65349  65358  65361  65361  65365  65370  65371  65395  65405  65406  65412  65416  65428  65440  65443  65456  65471  65475  65489  65512  65519  65545  65546  65548  65554  65556  65562  65569  65579  65600  65606  65618  65629  65638  65640  65660  65663  65690  65700  65707  65722  65752  65752  65764  65789  65808  65815  65817  65820  65820  65826  65855  65877  65899  65904  65905  65918  65920  65965  65974  65975  65993  66006  
66020  66020  66038  66048  66052  66053  66054  66055  66055  66061  66064  66088  66088  66101  66119  66131  66139  66148  66155  66176  66181  66186  66187  66189  66217  66218  66219  66246  66250  66252  66266  66272  66281  66307  66326  66357  66378  66383  66402  66409  66416  66423  66425  66445  66453  66459  66483  66484  66498  66516  66524  66528  66528  66534  66574  66577  66586  66594  66597  66599  66600  66619  66621  66643  66646  66652  66665  66674  66677  66700  66705  66706  66708  66710  66714  
66723  66734  66752  66765  66793  66797  66797  66804  66815  66817  66828  66835  66836  66842  66845  66861  66868  66874  66882  66886  66889  66925  66940  66944  66974  66991  66992  67019  67049  67058  67108  67109  67124  67126  67127  67128  67131  67150  67156  67168  67188  67197  67207  67218  67219  67234  67238  67239  67239  67248  67294  67301  67302  67307  67310  67320  67340  67341  67341  67344  67348  67365  67371  67377  67399  67402  67405  67408  67411  67422  67426  67430  67431  67442  67465  
67472  67473  67480  67480  67489  67495  67515  67528  67532  67534  67540  67546  67563  67566  67582  67587  67588  67605  67605  67608  67615  67629  67631  67647  67658  67689  67691  67710  67715  67720  67735  67736  67741  67743  67748  67752  67756  67757  67769  67777  67783  67788  67794  67795  67817  67828  67831  67839  67840  67841  67842  67860  67860  67862  67869  67899  67909  67924  67924  67929  67967  67976  67980  67997  67998  68002  68012  68017  68022  68028  68037  68038  68058  68061  68094  
68119  68130  68134  68141  68157  68165  68175  68237  68244  68273  68275  68281  68296  68324  68326  68335  68337  68357  68368  68393  68394  68401  68402  68408  68420  68423  68425  68438  68450  68450  68452  68461  68478  68484  68494  68504  68512  68541  68562  68584  68589  68592  68602  68621  68626  68632  68639  68644  68645  68647  68661  68677  68687  68691  68700  68709  68711  68739  68750  68769  68776  68794  68809  68824  68827  68842  68848  68890  68898  68907  68909  68918  68937  68940  68963  
68980  69009  69018  69027  69030  69049  69067  69067  69084  69084  69100  69114  69116  69120  69130  69131  69134  69135  69146  69154  69161  69171  69176  69178  69187  69203  69208  69209  69210  69210  69216  69220  69230  69238  69240  69241  69248  69260  69261  69294  69302  69306  69308  69348  69350  69353  69361  69376  69381  69413  69420  69423  69426  69440  69447  69448  69448  69497  69514  69522  69522  69526  69526  69536  69542  69544  69551  69556  69559  69569  69569  69572  69577  69577  69582  
69600  69607  69610  69614  69651  69661  69682  69683  69711  69728  69756  69770  69775  69799  69802  69803  69816  69818  69829  69842  69872  69875  69897  69904  69911  69916  69925  69932  69945  69952  69958  69962  69978  69983  69984  69984  69996  70006  70028  70028  70037  70043  70050  70051  70060  70089  70091  70095  70098  70105  70123  70123  70127  70133  70142  70150  70151  70158  70167  70174  70177  70180  70183  70206  70206  70216  70249  70265  70281  70286  70289  70297  70310  70320  70327  
70330  70338  70342  70376  70383  70385  70389  70422  70423  70435  70471  70472  70477  70508  70510  70516  70527  70527  70535  70538  70562  70562  70572  70581  70590  70592  70597  70611  70630  70641  70652  70656  70677  70677  70679  70682  70694  70711  70712  70720  70726  70727  70736  70739  70740  70741  70743  70756  70757  70767  70770  70771  70771  70797  70799  70801  70804  70804  70812  70813  70834  70834  70839  70849  70857  70865  70886  70889  70896  70909  70909  70911  70914  70914  70954  
70955  70956  70973  70983  70993  71001  71009  71032  71060  71073  71081  71090  71100  71101  71110  71126  71132  71142  71145  71146  71147  71148  71157  71170  71193  71226  71226  71229  71233  71239  71243  71251  71255  71257  71257  71257  71270  71310  71316  71328  71346  71348  71360  71367  71380  71385  71385  71401  71408  71411  71421  71444  71465  71482  71488  71489  71505  71515  71529  71545  71548  71572  71577  71580  71581  71587  71607  71614  71634  71636  71674  71676  71689  71694  71705  
71717  71718  71719  71724  71725  71762  71763  71781  71784  71789  71803  71808  71814  71821  71845  71845  71852  71854  71858  71892  71894  71894  71897  71911  71925  71944  71949  71961  71967  71982  71984  71985  71993  71998  72002  72015  72022  72024  72037  72048  72048  72060  72071  72075  72093  72104  72129  72136  72140  72144  72147  72161  72167  72181  72231  72232  72248  72252  72252  72255  72257  72260  72261  72271  72278  72280  72284  72296  72307  72318  72324  72335  72339  72346  72365  
72367  72372  72383  72395  72420  72440  72445  72447  72470  72474  72494  72497  72504  72511  72533  72537  72547  72548  72556  72557  72568  72571  72573  72582  72595  72616  72627  72627  72629  72633  72639  72657  72657  72664  72667  72685  72689  72693  72694  72699  72700  72739  72740  72744  72747  72764  72766  72782  72786  72787  72808  72825  72827  72832  72832  72833  72864  72865  72880  72887  72893  72898  72901  72907  72910  72928  72930  72936  72952  72958  72964  72979  72987  72989  73012  
73023  73033  73045  73050  73050  73061  73072  73096  73125  73126  73126  73129  73138  73139  73140  73145  73152  73155  73156  73157  73163  73171  73173  73183  73192  73198  73199  73228  73259  73291  73304  73312  73319  73322  73335  73349  73365  73368  73371  73377  73400  73405  73412  73415  73426  73441  73454  73493  73494  73518  73518  73524  73524  73528  73528  73531  73534  73536  73536  73542  73545  73546  73552  73565  73571  73575  73595  73595  73602  73603  73606  73664  73666  73669  73671  
73680  73690  73708  73722  73729  73751  73787  73796  73804  73834  73834  73836  73845  73874  73885  73904  73917  73939  73940  73942  73955  73963  73977  73979  73981  74004  74012  74012  74024  74027  74034  74040  74056  74064  74075  74081  74101  74116  74127  74129  74132  74162  74175  74177  74190  74192  74206  74234  74235  74239  74248  74248  74255  74272  74311  74314  74315  74327  74338  74339  74342  74352  74363  74373  74392  74399  74405  74435  74448  74468  74473  74476  74494  74504  74506  
74519  74536  74547  74586  74597  74608  74615  74616  74619  74628  74634  74653  74655  74656  74657  74659  74660  74661  74663  74679  74692  74708  74711  74727  74728  74730  74731  74738  74748  74754  74761  74767  74780  74786  74804  74806  74811  74825  74833  74842  74857  74857  74871  74874  74878  74888  74890  74892  74895  74903  74911  74920  74923  74923  74933  74936  74937  74938  74945  74950  74987  74989  75005  75035  75068  75086  75087  75103  75112  75112  75115  75127  75144  75156  75159  
75160  75187  75209  75211  75222  75223  75233  75240  75244  75247  75280  75284  75299  75315  75316  75323  75327  75329  75337  75340  75353  75355  75366  75373  75382  75389  75390  75392  75393  75396  75399  75400  75422  75425  75467  75502  75503  75516  75524  75526  75538  75560  75578  75578  75581  75585  75589  75593  75600  75624  75625  75632  75651  75659  75666  75677  75680  75688  75689  75699  75700  75705  75705  75715  75715  75718  75718  75727  75745  75752  75754  75754  75773  75775  75783  
75783  75787  75791  75803  75806  75809  75819  75831  75832  75837  75842  75857  75858  75876  75883  75895  75896  75900  75913  75921  75923  75923  75927  75928  75929  75930  75932  75935  75942  75943  75945  75956  75984  75998  76016  76016  76017  76043  76047  76051  76061  76061  76082  76086  76101  76112  76132  76133  76155  76157  76167  76179  76182  76185  76196  76207  76212  76220  76221  76249  76261  76274  76281  76286  76298  76300  76312  76319  76323  76334  76335  76338  76342  76348  76369  
76372  76376  76386  76388  76395  76422  76439  76441  76442  76456  76478  76478  76482  76483  76505  76505  76507  76512  76532  76546  76547  76564  76568  76574  76578  76604  76610  76614  76617  76635  76635  76636  76639  76639  76643  76644  76650  76657  76662  76682  76689  76690  76699  76703  76722  76724  76731  76738  76741  76753  76760  76761  76775  76776  76778  76783  76783  76806  76814  76818  76828  76837  76842  76861  76871  76873  76877  76887  76901  76903  76905  76915  76921  76922  76924  
76927  76929  76931  76938  76958  76958  76968  76969  76970  76977  76988  76992  76994  77031  77034  77047  77068  77082  77095  77108  77119  77120  77129  77130  77136  77140  77151  77157  77160  77162  77180  77198  77199  77200  77204  77205  77221  77229  77239  77239  77242  77266  77289  77299  77318  77348  77353  77355  77359  77365  77378  77396  77403  77407  77425  77452  77474  77488  77488  77499  77536  77539  77547  77555  77564  77565  77577  77594  77608  77622  77628  77643  77664  77690  77693  
77704  77711  77716  77722  77754  77756  77758  77760  77765  77766  77824  77826  77826  77835  77841  77842  77851  77858  77861  77879  77896  77900  77912  77915  77922  77925  77925  77950  77955  77959  77975  77979  77988  78010  78019  78034  78036  78039  78055  78070  78080  78095  78097  78099  78105  78112  78130  78130  78133  78139  78142  78158  78165  78178  78179  78191  78197  78201  78207  78215  78221  78223  78246  78277  78280  78283  78283  78283  78288  78292  78296  78306  78312  78319  78328  
78336  78357  78372  78378  78387  78392  78406  78413  78420  78432  78436  78444  78456  78458  78463  78489  78498  78499  78507  78508  78537  78540  78548  78554  78555  78565  78575  78576  78581  78585  78592  78594  78606  78606  78616  78617  78635  78635  78644  78647  78654  78654  78654  78661  78667  78671  78673  78690  78691  78706  78707  78715  78717  78717  78728  78752  78754  78755  78762  78766  78776  78781  78781  78784  78787  78823  78837  78845  78853  78879  78881  78890  78895  78904  78916  
78933  78935  78937  78953  78964  78967  78970  78984  78991  78999  79001  79021  79026  79042  79053  79063  79065  79078  79082  79085  79099  79101  79106  79120  79120  79160  79168  79202  79212  79213  79216  79222  79287  79297  79311  79333  79354  79359  79383  79388  79404  79424  79436  79453  79463  79468  79469  79472  79482  79483  79489  79529  79540  79556  79570  79579  79586  79588  79610  79614  79617  79630  79647  79648  79652  79667  79678  79681  79695  79701  79702  79704  79710  79713  79732  
79737  79739  79743  79745  79761  79765  79768  79769  79782  79791  79806  79835  79836  79839  79844  79862  79873  79877  79886  79892  79893  79902  79921  79933  79941  79959  79959  79964  79980  79986  79993  79996  80007  80056  80063  80068  80078  80081  80084  80089  80101  80116  80127  80137  80150  80165  80168  80184  80188  80204  80216  80219  80220  80224  80225  80225  80237  80243  80243  80245  80255  80256  80260  80264  80265  80270  80272  80278  80279  80280  80297  80307  80311  80313  80330  
80337  80369  80386  80392  80409  80410  80411  80412  80416  80428  80431  80435  80435  80442  80445  80455  80463  80470  80478  80487  80511  80522  80523  80535  80538  80549  80560  80579  80641  80649  80667  80680  80687  80687  80688  80692  80693  80713  80725  80743  80745  80750  80753  80758  80771  80773  80795  80806  80817  80826  80839  80840  80870  80882  80888  80888  80911  80915  80916  80925  80931  80932  80933  80934  80938  80953  80977  80980  80991  80999  81008  81008  81011  81012  81020  
81023  81027  81032  81042  81049  81057  81068  81070  81081  81083  81092  81107  81107  81116  81117  81142  81142  81145  81156  81177  81180  81181  81182  81192  81195  81207  81213  81217  81223  81245  81260  81266  81286  81289  81342  81349  81352  81359  81367  81388  81409  81416  81428  81436  81444  81449  81465  81466  81486  81487  81500  81521  81527  81528  81561  81582  81591  81596  81607  81613  81636  81641  81655  81658  81662  81665  81665  81687  81688  81691  81729  81738  81747  81750  81759  
81766  81787  81801  81803  81807  81808  81815  81816  81824  81833  81871  81872  81886  81895  81910  81914  81923  81932  81942  81944  81945  81946  81950  81957  81970  81971  81973  81975  81979  81982  81982  82004  82023  82023  82025  82027  82036  82039  82039  82050  82055  82072  82076  82107  82109  82121  82155  82177  82187  82195  82196  82206  82221  82230  82234  82235  82235  82248  82269  82290  82311  82362  82384  82390  82390  82454  82463  82492  82501  82506  82516  82520  82521  82529  82532  
82538  82541  82552  82555  82571  82582  82585  82586  82589  82597  82600  82604  82635  82653  82658  82664  82673  82686  82700  82706  82718  82736  82739  82740  82744  82752  82757  82763  82765  82767  82770  82771  82819  82834  82841  82852  82852  82862  82881  82883  82887  82894  82895  82908  82914  82942  82944  82945  82953  82957  82967  83008  83012  83025  83033  83035  83041  83050  83070  83076  83078  83081  83089  83093  83103  83121  83125  83130  83142  83143  83170  83175  83186  83195  83211  
83223  83226  83229  83232  83232  83241  83248  83273  83282  83299  83301  83320  83326  83327  83348  83362  83368  83372  83376  83389  83390  83394  83404  83410  83411  83418  83420  83435  83454  83466  83466  83468  83482  83485  83493  83501  83502  83514  83543  83553  83556  83557  83560  83563  83574  83585  83586  83586  83601  83606  83621  83631  83640  83643  83645  83648  83651  83653  83674  83678  83696  83697  83705  83713  83728  83743  83747  83748  83750  83758  83764  83766  83815  83829  83843  
83847  83847  83861  83861  83868  83888  83891  83906  83920  83932  83956  83965  83965  83973  83975  83994  84007  84009  84017  84019  84039  84043  84051  84056  84058  84058  84084  84087  84097  84112  84115  84119  84128  84130  84132  84151  84157  84159  84177  84178  84186  84196  84197  84203  84211  84233  84288  84292  84293  84308  84334  84341  84341  84348  84369  84382  84400  84407  84408  84424  84438  84441  84450  84459  84462  84465  84466  84469  84476  84477  84478  84479  84496  84500  84500  
84504  84509  84518  84524  84529  84537  84537  84543  84560  84564  84565  84573  84577  84578  84584  84584  84601  84601  84627  84633  84639  84651  84684  84697  84700  84712  84737  84740  84758  84760  84772  84792  84806  84809  84817  84847  84860  84869  84872  84879  84881  84883  84884  84885  84889  84911  84920  84926  84939  84948  84964  84970  84974  84979  84997  85003  85007  85012  85031  85036  85038  85040  85043  85047  85056  85066  85067  85074  85082  85096  85098  85131  85144  85147  85148  
85152  85155  85161  85184  85202  85208  85210  85211  85221  85223  85223  85229  85264  85265  85291  85291  85314  85332  85354  85358  85374  85381  85398  85406  85409  85409  85418  85422  85429  85430  85432  85460  85468  85469  85473  85483  85487  85495  85496  85497  85510  85533  85545  85553  85561  85571  85585  85589  85592  85598  85599  85604  85610  85611  85615  85679  85682  85687  85694  85700  85703  85704  85714  85716  85717  85721  85733  85739  85761  85762  85763  85763  85768  85768  85771  
85781  85781  85815  85829  85852  85855  85864  85874  85890  85892  85900  85906  85915  85921  85925  85932  85942  85946  85960  85970  85981  85985  86014  86024  86035  86048  86053  86057  86076  86085  86110  86114  86118  86120  86124  86124  86126  86130  86136  86144  86146  86165  86169  86172  86174  86185  86191  86200  86202  86206  86207  86211  86226  86232  86282  86293  86321  86340  86344  86345  86355  86358  86359  86363  86363  86366  86371  86382  86393  86404  86419  86444  86446  86452  86463  
86517  86519  86559  86572  86576  86576  86592  86592  86602  86606  86614  86623  86640  86666  86715  86719  86741  86761  86761  86777  86781  86785  86822  86823  86829  86847  86871  86873  86873  86875  86876  86881  86898  86904  86935  86945  86958  86964  86969  86972  86992  87011  87011  87021  87026  87031  87031  87046  87053  87056  87063  87080  87094  87104  87116  87123  87125  87133  87133  87137  87145  87159  87166  87172  87172  87192  87192  87198  87203  87206  87212  87217  87236  87240  87243  
87245  87248  87262  87272  87281  87282  87307  87323  87334  87335  87339  87342  87407  87415  87422  87428  87432  87439  87446  87460  87460  87467  87468  87476  87478  87479  87483  87491  87492  87500  87513  87515  87524  87540  87555  87556  87564  87588  87601  87604  87621  87635  87659  87665  87665  87679  87695  87702  87703  87731  87732  87741  87747  87753  87786  87786  87808  87821  87822  87834  87837  87840  87859  87859  87866  87871  87872  87890  87910  87911  87913  87913  87915  87917  87919  
87942  87949  87954  87955  87982  87996  88011  88030  88033  88039  88041  88067  88089  88112  88113  88131  88152  88154  88165  88179  88190  88217  88227  88238  88243  88248  88295  88311  88322  88323  88324  88324  88337  88341  88343  88349  88351  88354  88363  88365  88375  88384  88396  88411  88426  88428  88469  88478  88484  88492  88519  88525  88528  88529  88539  88551  88555  88562  88578  88585  88603  88619  88620  88627  88638  88653  88663  88664  88670  88691  88698  88718  88728  88747  88749  
88763  88773  88775  88780  88780  88796  88798  88802  88809  88811  88822  88825  88832  88835  88837  88842  88844  88844  88846  88852  88856  88859  88885  88892  88911  88913  88924  88928  88928  88939  88958  88967  88968  88987  89001  89009  89011  89015  89031  89037  89041  89050  89053  89053  89094  89095  89096  89102  89105  89106  89110  89113  89148  89158  89160  89160  89161  89172  89172  89173  89174  89185  89186  89204  89207  89211  89219  89223  89267  89272  89272  89286  89292  89293  89295  
89305  89307  89324  89365  89368  89391  89403  89404  89427  89431  89449  89461  89461  89481  89486  89529  89541  89543  89546  89548  89564  89571  89571  89578  89584  89604  89617  89622  89652  89653  89669  89670  89676  89687  89701  89704  89745  89772  89793  89804  89817  89842  89848  89860  89863  89877  89893  89894  89900  89913  89916  89925  89930  89933  89935  89948  89977  89988  89995  90002  90024  90040  90050  90066  90069  90073  90088  90093  90098  90102  90103  90122  90123  90123  90124  
90132  90150  90152  90154  90156  90163  90166  90189  90195  90231  90248  90262  90270  90275  90283  90314  90320  90337  90345  90354  90369  90409  90415  90416  90428  90431  90434  90439  90446  90452  90459  90465  90473  90478  90479  90482  90488  90507  90513  90518  90518  90519  90520  90524  90539  90566  90575  90600  90600  90609  90627  90628  90636  90649  90681  90684  90695  90701  90703  90710  90715  90736  90752  90810  90812  90827  90830  90832  90834  90839  90845  90849  90850  90855  90857  
90868  90876  90879  90902  90913  90920  90925  90929  90948  90948  90955  90958  90963  90968  90974  90983  90987  90997  91004  91009  91015  91016  91026  91032  91036  91041  91053  91057  91065  91070  91070  91074  91086  91099  91120  91147  91156  91162  91162  91164  91165  91172  91180  91194  91212  91213  91219  91222  91226  91226  91231  91232  91233  91234  91248  91257  91293  91307  91320  91322  91325  91338  91365  91384  91389  91404  91405  91413  91419  91420  91424  91437  91446  91448  91451  
91454  91458  91459  91462  91497  91500  91551  91553  91559  91561  91562  91569  91576  91581  91591  91601  91612  91623  91628  91645  91653  91690  91700  91707  91727  91734  91744  91756  91763  91770  91777  91778  91785  91792  91804  91804  91813  91814  91819  91835  91847  91850  91855  91866  91887  91890  91892  91904  91914  91919  91929  91933  91941  91949  91957  91970  91973  91978  91984  92009  92012  92020  92036  92042  92045  92047  92048  92054  92066  92074  92082  92094  92096  92099  92170  
92180  92181  92184  92188  92189  92196  92207  92220  92229  92238  92254  92258  92271  92272  92286  92298  92302  92304  92304  92318  92319  92345  92348  92362  92376  92383  92390  92401  92408  92411  92411  92454  92455  92474  92492  92495  92495  92498  92498  92504  92509  92521  92522  92526  92538  92541  92546  92549  92552  92553  92566  92574  92577  92604  92604  92605  92606  92616  92617  92618  92620  92625  92629  92644  92651  92662  92686  92687  92687  92689  92694  92697  92698  92702  92736  
92744  92746  92753  92758  92785  92793  92814  92821  92839  92839  92848  92858  92864  92866  92879  92882  92887  92909  92913  92917  92920  92937  92946  92949  92949  92951  92957  92965  92976  92986  92990  93039  93042  93043  93046  93051  93051  93080  93106  93107  93120  93137  93139  93150  93161  93166  93167  93180  93185  93195  93198  93214  93251  93257  93265  93276  93280  93281  93300  93302  93307  93315  93318  93321  93322  93323  93324  93324  93329  93353  93363  93367  93379  93384  93390  
93404  93407  93416  93424  93435  93438  93439  93443  93471  93471  93474  93475  93480  93487  93487  93498  93503  93505  93523  93529  93540  93548  93553  93554  93565  93570  93589  93592  93594  93619  93620  93622  93623  93628  93630  93632  93634  93653  93676  93704  93710  93758  93764  93770  93772  93777  93787  93791  93793  93795  93796  93798  93804  93808  93813  93821  93827  93828  93835  93850  93854  93856  93861  93864  93876  93884  93903  93905  93906  93911  93912  93931  93936  93946  93956  
93988  93990  94004  94006  94024  94052  94054  94057  94061  94061  94062  94064  94070  94079  94084  94093  94096  94100  94117  94126  94149  94168  94175  94181  94187  94193  94198  94199  94226  94254  94286  94294  94298  94312  94314  94324  94328  94329  94334  94336  94339  94341  94343  94349  94355  94395  94401  94407  94420  94444  94445  94448  94458  94464  94472  94474  94494  94507  94512  94516  94521  94522  94531  94542  94556  94564  94591  94631  94638  94639  94655  94667  94670  94671  94685  
94690  94690  94696  94716  94718  94719  94731  94731  94771  94774  94777  94779  94794  94796  94808  94810  94816  94835  94837  94838  94861  94886  94911  94918  94941  94945  94952  94955  94955  94966  94970  94971  94976  94985  94989  94999  95005  95008  95009  95012  95028  95038  95043  95051  95059  95070  95075  95078  95082  95084  95091  95091  95097  95116  95119  95124  95128  95148  95178  95199  95207  95229  95249  95257  95277  95287  95296  95305  95313  95326  95332  95344  95344  95349  95352  
95353  95358  95359  95361  95375  95383  95390  95399  95404  95415  95422  95446  95453  95472  95472  95480  95503  95515  95519  95538  95538  95542  95545  95547  95576  95597  95598  95617  95621  95631  95632  95659  95659  95684  95697  95699  95724  95748  95754  95755  95774  95774  95779  95788  95798  95800  95812  95813  95834  95837  95880  95881  95922  95927  95929  95932  95943  95957  95967  95986  96028  96031  96039  96057  96065  96065  96084  96090  96101  96119  96121  96123  96126  96145  96180  
96183  96183  96197  96206  96236  96255  96273  96281  96289  96297  96325  96337  96338  96343  96347  96365  96372  96381  96381  96384  96392  96403  96405  96416  96418  96424  96425  96428  96429  96436  96441  96450  96472  96502  96508  96515  96532  96541  96548  96561  96567  96593  96606  96619  96624  96634  96668  96673  96673  96675  96677  96693  96693  96693  96697  96700  96702  96721  96730  96730  96731  96731  96733  96749  96752  96754  96760  96762  96773  96778  96784  96823  96841  96842  96844  
96852  96856  96877  96912  96915  96925  96933  96939  96952  96989  97003  97012  97036  97047  97050  97055  97073  97075  97078  97094  97094  97099  97113  97115  97117  97119  97122  97136  97137  97146  97162  97172  97172  97175  97176  97189  97210  97213  97215  97229  97237  97238  97265  97267  97270  97279  97283  97295  97297  97298  97300  97310  97312  97322  97324  97340  97374  97385  97388  97389  97412  97416  97429  97431  97433  97440  97442  97444  97446  97448  97461  97466  97466  97471  97476  
97478  97483  97485  97489  97490  97502  97512  97513  97513  97542  97545  97557  97566  97575  97577  97607  97609  97614  97620  97622  97628  97633  97644  97673  97675  97683  97687  97700  97704  97713  97722  97727  97727  97757  97774  97776  97782  97804  97805  97812  97829  97835  97837  97861  97866  97879  97879  97918  97921  97924  97927  97935  97936  97952  97957  97960  97965  97974  97978  97997  97999  98006  98008  98013  98018  98027  98037  98061  98132  98142  98154  98158  98186  98186  98190  
98195  98203  98218  98243  98252  98258  98266  98288  98289  98295  98297  98302  98306  98325  98335  98344  98349  98351  98376  98394  98398  98417  98433  98435  98444  98457  98470  98487  98505  98508  98508  98520  98520  98521  98523  98525  98556  98560  98575  98584  98612  98613  98614  98632  98633  98647  98647  98659  98672  98679  98693  98701  98701  98704  98706  98709  98738  98743  98750  98753  98777  98779  98803  98812  98814  98828  98832  98841  98856  98890  98891  98899  98914  98917  98920  
98937  98967  98980  98989  99019  99022  99030  99032  99039  99042  99046  99049  99080  99091  99094  99101  99105  99136  99145  99162  99168  99168  99170  99184  99190  99197  99208  99223  99232  99242  99249  99265  99269  99282  99288  99294  99295  99303  99305  99305  99312  99332  99332  99333  99335  99340  99342  99367  99378  99402  99406  99412  99415  99418  99424  99437  99438  99441  99446  99450  99453  99488  99499  99499  99507  99508  99511  99519  99543  99549  99549  99557  99573  99578  99587  
99611  99611  99614  99620  99625  99628  99633  99650  99660  99673  99678  99682  99700  99710  99715  99717  99727  99728  99739  99752  99761  99770  99779  99789  99792  99794  99796  99798  99802  99806  99818  99821  99853  99862  99871  99892  99893  99894  99903  99904  99905  99922  99928  99935  99937  99943  99958  99985  99999  99999  