36  114  191  269  273  330  380  570  690  734  811  958  1052  1176  1701  1713  1764  1782  1844  1911  2175  2181  2306  2515  2546  2684  2771  2782  2797  2801  2956  3264  3267  3334  3423  3468  3570  3856  3914  4311  4489  4539  4592  4632  4736  5440  5567  5659  5673  5698  5709  5766  5786  5810  6005  6015  6086  6316  6409  6442  6738  6752  6758  6951  7089  7403  7451  7453  7536  8223  8229  8461  8525  8542  8678  
8809  8862  8904  8981  9011  9036  9337  9502  9541  9671  9747  9899  10088  10151  10469  10556  10653  10739  10798  10831  10862  11107  11115  11258  11373  11696  11707  11752  11788  11878  11947  12018  12029  12097  12154  12215  12233  12239  12273  12321  12324  12429  12705  12788  12827  13177  13270  13308  13522  13605  13756  13765  13827  13881  13890  13947  13971  14240  14289  14387  14542  14685  14764  14803  15115  15207  15209  15245  15400  15417  15470  15488  15519  15715  15997  
16086  16092  16239  16241  16285  16390  16513  16685  16825  16964  16982  17093  17279  17397  17540  17604  17644  17739  18146  18300  18324  18419  18516  18583  18645  18827  18833  18884  18960  18993  19014  19260  19279  19299  19312  19392  19496  19582  19586  19623  19628  19706  19790  19802  20002  20041  20119  20501  20528  20532  20595  20605  20904  20949  20956  21012  21104  21170  21459  21623  21648  21652  21765  21770  21846  22011  22049  22554  22620  22691  22793  22813  23023  23371  23373  
23398  23405  23406  23718  23860  23959  24140  24470  24578  24635  24864  24893  25046  25133  25293  25620  25862  25918  25983  26226  26598  26606  26777  26950  26964  27345  27421  27496  27512  27709  27779  27794  27812  27910  28099  28152  28153  28179  28192  28281  28382  28835  29017  29163  29307  29414  29457  29517  29630  29772  29779  29793  29863  30168  30228  30345  30430  30463  30644  30662  30901  30940  30999  31167  31443  31513  31532  31607  31719  31747  32093  32212  32342  32427  32499  
32716  32737  32801  32802  32825  32930  33091  33197  33281  33286  33317  33335  33464  33469  33484  33535  33581  33659  33682  34020  34084  34169  34272  34346  34475  34670  34914  34947  34974  35021  35061  35434  35452  35493  35563  35592  35654  35656  35670  35677  35739  35772  35870  36031  36181  36193  36276  36282  36594  36696  36753  36823  36877  37022  37138  37163  37171  37422  37579  37639  37724  37812  38036  38105  38132  38144  38297  38432  38444  38518  38584  38587  38590  38624  38677  
38876  38955  39067  39191  39445  39483  39576  39707  39889  40025  40048  40257  40501  40596  40651  40882  40961  41100  41137  41196  41200  41227  41300  41487  41817  41976  42117  42187  42328  42395  42827  43033  43226  43348  43462  43470  43509  43530  43770  43825  43865  43867  43869  43904  44046  44178  44332  44875  44877  45085  45260  45294  45335  45342  45512  45607  45754  45878  46028  46069  46077  46262  46277  46402  46610  46685  46771  46798  47046  47074  47249  47471  47503  47620  47695  
47716  47736  47743  47761  47830  47914  47928  48234  48237  48319  48440  48586  48722  48741  48800  48968  49020  49045  49125  49424  49453  49453  49657  49769  49769  49796  49931  49942  50155  50159  50192  50219  50272  50385  50474  50516  50621  50630  50819  50887  50893  50923  51160  51219  51288  51409  51700  51742  51832  52011  52347  52526  52528  52547  52608  52760  52864  53008  53028  53031  53138  53279  53407  53414  53597  53602  53603  53725  53788  53797  53878  53883  53885  53887  53998  
54077  54191  54372  54636  54884  54918  54973  55150  55652  55724  55756  55878  55894  55905  56036  56063  56092  56139  56238  56280  56556  56624  56813  56938  56950  57048  57051  57068  57190  57314  57505  57727  57742  57883  57907  57988  58009  58015  58168  58234  58302  58347  58408  58558  58787  58851  58934  59071  59077  59089  59197  59280  59425  59511  59551  59575  59782  59890  59976  60171  60454  60556  60672  60715  60760  60780  60899  60937  60959  60988  61342  61619  61829  62109  62159  
62302  62350  62367  62377  62406  62482  62525  62752  62788  62797  62873  63090  63137  63209  63332  63334  63374  63434  63464  63625  63646  63736  63841  63951  63980  64096  64330  64341  64409  64415  64511  64571  64630  64694  64792  64819  65000  65118  65258  65567  65569  65587  65590  65807  65876  65883  65989  65995  66134  66135  66221  66227  66412  66614  66660  66725  67063  67070  67077  67098  67443  67532  67618  67798  67983  68076  68104  68113  68257  68587  68645  68699  68720  68754  68862  
68959  68960  69010  69086  69209  69660  69692  69911  70285  70454  70600  70785  70791  70791  70797  70887  70919  70965  71036  71144  71164  71437  71454  71862  71879  72035  72254  72377  72485  72619  72649  72928  73060  73175  73283  73289  73320  73554  73600  73779  73797  73805  73875  74002  74067  74228  74281  74282  74363  74565  74913  74927  74927  75028  75350  75373  75410  75513  75568  75996  76025  76149  76308  76340  76416  76485  76565  76610  76721  76729  76761  76850  76888  76981  76990  
77109  77316  77392  77407  77420  77458  77459  77478  77633  77790  77916  77924  77971  78006  78031  78036  78117  78174  78269  78432  78452  78594  78874  78883  78923  78929  78987  79077  79236  79257  79374  79459  79510  79651  79775  79784  79831  79867  79941  80012  80158  80190  80260  80274  80330  80455  80483  80549  80652  80673  80750  80916  80967  81018  81069  81227  81248  81258  81415  81474  81630  81725  81905  82009  82032  82067  82146  82293  82341  82430  82476  82486  82631  82656  82721  
82824  82965  83065  83318  83476  83518  83572  83712  84103  84356  84522  84536  84539  84646  84726  84785  84787  84800  84972  85000  85017  85041  85134  85171  85453  85527  85781  85852  85864  85909  85911  85914  85994  86027  86042  86049  86285  86340  86476  86547  86653  86756  86776  86778  87099  87119  87358  87587  87613  87668  87703  87706  87736  87761  87812  87860  88007  88029  88088  88092  88129  88213  88251  88275  88298  88439  88863  89127  89194  89359  89420  89641  89680  89692  89700  
89708  89747  89806  89842  89861  90009  90070  90456  90486  90496  90521  91120  91177  91395  91569  91602  91667  91688  91714  91729  91821  92091  92151  92199  92275  92288  92343  92377  92404  92464  92552  92557  92645  92667  92721  92775  92865  92908  92969  93283  93384  93396  93397  93780  93825  93956  94084  94095  94125  94241  94403  94436  94556  94759  94862  94973  95012  95094  95426  95543  95624  95656  96014  96022  96056  96151  96205  96216  96308  96331  96503  96577  96666  96784  97124  
97338  97468  97640  97657  97785  97854  97881  97909  97976  98052  98139  98473  98571  98694  98732  98987  99042  99050  99206  99260  99427  99445  99513  99804  99944  